     6.062  1.279e+09
      10.1    4.6e+08
     14.14  2.548e+08
     18.19  1.621e+08
     22.23  1.135e+08
     26.27  8.262e+07
     30.31  6.283e+07
     34.35  4.924e+07
     38.39  3.956e+07
     42.43  3.251e+07
     46.47  2.716e+07
     50.52  2.308e+07
     54.56  1.993e+07
      58.6  1.747e+07
     62.64  1.543e+07
     66.68  1.369e+07
     70.72  1.224e+07
     74.76  1.102e+07
      78.8  9.962e+06
     82.85  9.079e+06
     86.89  8.309e+06
     90.93  7.612e+06
     94.97  6.986e+06
     99.01   6.44e+06
     103.1   5.95e+06
     107.1  5.513e+06
     111.1  5.118e+06
     115.2  4.762e+06
     119.2  4.442e+06
     123.3  4.152e+06
     127.3   3.89e+06
     131.3  3.653e+06
     135.4  3.436e+06
     139.4  3.237e+06
     143.5  3.056e+06
     147.5  2.889e+06
     151.5  2.736e+06
     155.6  2.595e+06
     159.6  2.465e+06
     163.7  2.344e+06
     167.7  2.231e+06
     171.8  2.127e+06
     175.8   2.03e+06
     179.8   1.94e+06
     183.9  1.855e+06
     187.9  1.775e+06
       192  1.701e+06
       196  1.631e+06
       200  1.566e+06
     204.1  1.504e+06
     208.1  1.446e+06
     212.2  1.391e+06
     216.2   1.34e+06
     220.2  1.291e+06
     224.3  1.245e+06
     228.3  1.201e+06
     232.4   1.16e+06
     236.4   1.12e+06
     240.5  1.083e+06
     244.5  1.047e+06
     248.5  1.013e+06
     252.6  9.805e+05
     256.6  9.496e+05
     260.7  9.201e+05
     264.7   8.92e+05
     268.7  8.654e+05
     272.8  8.397e+05
     276.8  8.152e+05
     280.9  7.918e+05
     284.9  7.693e+05
       289  7.478e+05
       293  7.272e+05
       297  7.074e+05
     301.1  6.884e+05
     305.1  6.702e+05
     309.2  6.526e+05
     313.2  6.358e+05
     317.2  6.196e+05
     321.3   6.04e+05
     325.3   5.89e+05
     329.4  5.745e+05
     333.4  5.606e+05
     337.4  5.472e+05
     341.5  5.342e+05
     345.5  5.217e+05
     349.6  5.097e+05
