     6.062  7.301e+08
      10.1  1.871e+08
     14.14  9.063e+07
     18.19    4.3e+07
     22.23  2.703e+07
     26.27  1.245e+07
     30.31  8.011e+06
     34.35  4.836e+06
     38.39  3.112e+06
     42.43  2.463e+06
     46.47  1.688e+06
     50.52  1.642e+06
     54.56  1.754e+06
      58.6  2.073e+06
     62.64  1.671e+06
     66.68   1.06e+06
     70.72  9.381e+05
     74.76  9.426e+05
      78.8  7.319e+05
     82.85  9.049e+05
     86.89  7.971e+05
     90.93  4.609e+05
     94.97  2.517e+05
     99.01  3.046e+05
     103.1  1.849e+05
     107.1  1.561e+05
     111.1  8.044e+04
     115.2  5.096e+04
     119.2  3.654e+04
     123.3  2.313e+04
     127.3  1.053e+04
     131.3  4.485e+04
     135.4  1.558e+04
     139.4       4714
     143.5    1.6e+04
     147.5  2.361e+04
     151.5  1.475e+04
     155.6  1.748e+04
     159.6   2.55e+04
     163.7       8737
     167.7  1.252e+04
     171.8  1.178e+04
     175.8  1.594e+04
     179.8  2.735e+04
     183.9       7321
     187.9       7291
       192       7312
       196  1.098e+04
       200       6717
     204.1  1.363e+04
     208.1       9676
     212.2       9707
     216.2       6316
     220.2  1.243e+04
     224.3  1.839e+04
     228.3       6076
     232.4       5911
     236.4          0
     240.5       5645
     244.5          0
     248.5          0
     252.6       2629
     256.6          0
     260.7          0
     264.7          0
     268.7       5622
     272.8          0
     276.8          0
     280.9          0
     284.9          0
       289          0
       293          0
       297          0
     301.1          0
     305.1          0
     309.2          0
     313.2          0
     317.2          0
     321.3          0
     325.3          0
     329.4          0
     333.4          0
     337.4          0
     341.5          0
     345.5          0
     349.6          0
