    0.7826  1.279e+09
     1.004    4.6e+08
     1.151  2.548e+08
      1.26  1.621e+08
     1.347  1.135e+08
     1.419  8.262e+07
     1.482  6.283e+07
     1.536  4.924e+07
     1.584  3.956e+07
     1.628  3.251e+07
     1.667  2.716e+07
     1.703  2.308e+07
     1.737  1.993e+07
     1.768  1.747e+07
     1.797  1.543e+07
     1.824  1.369e+07
      1.85  1.224e+07
     1.874  1.102e+07
     1.897  9.962e+06
     1.918  9.079e+06
     1.939  8.309e+06
     1.959  7.612e+06
     1.978  6.986e+06
     1.996   6.44e+06
     2.013   5.95e+06
      2.03  5.513e+06
     2.046  5.118e+06
     2.061  4.762e+06
     2.076  4.442e+06
     2.091  4.152e+06
     2.105   3.89e+06
     2.118  3.653e+06
     2.132  3.436e+06
     2.144  3.237e+06
     2.157  3.056e+06
     2.169  2.889e+06
     2.181  2.736e+06
     2.192  2.595e+06
     2.203  2.465e+06
     2.214  2.344e+06
     2.225  2.231e+06
     2.235  2.127e+06
     2.245   2.03e+06
     2.255   1.94e+06
     2.265  1.855e+06
     2.274  1.775e+06
     2.283  1.701e+06
     2.292  1.631e+06
     2.301  1.566e+06
      2.31  1.504e+06
     2.318  1.446e+06
     2.327  1.391e+06
     2.335   1.34e+06
     2.343  1.291e+06
     2.351  1.245e+06
     2.359  1.201e+06
     2.366   1.16e+06
     2.374   1.12e+06
     2.381  1.083e+06
     2.388  1.047e+06
     2.395  1.013e+06
     2.402  9.805e+05
     2.409  9.496e+05
     2.416  9.201e+05
     2.423   8.92e+05
     2.429  8.654e+05
     2.436  8.397e+05
     2.442  8.152e+05
     2.449  7.918e+05
     2.455  7.693e+05
     2.461  7.478e+05
     2.467  7.272e+05
     2.473  7.074e+05
     2.479  6.884e+05
     2.484  6.702e+05
      2.49  6.526e+05
     2.496  6.358e+05
     2.501  6.196e+05
     2.507   6.04e+05
     2.512   5.89e+05
     2.518  5.745e+05
     2.523  5.606e+05
     2.528  5.472e+05
     2.533  5.342e+05
     2.538  5.217e+05
     2.544  5.097e+05
