    0.7826  7.301e+08
     1.004  1.871e+08
     1.151  9.063e+07
      1.26    4.3e+07
     1.347  2.703e+07
     1.419  1.245e+07
     1.482  8.011e+06
     1.536  4.836e+06
     1.584  3.112e+06
     1.628  2.463e+06
     1.667  1.688e+06
     1.703  1.642e+06
     1.737  1.754e+06
     1.768  2.073e+06
     1.797  1.671e+06
     1.824   1.06e+06
      1.85  9.381e+05
     1.874  9.426e+05
     1.897  7.319e+05
     1.918  9.049e+05
     1.939  7.971e+05
     1.959  4.609e+05
     1.978  2.517e+05
     1.996  3.046e+05
     2.013  1.849e+05
      2.03  1.561e+05
     2.046  8.044e+04
     2.061  5.096e+04
     2.076  3.654e+04
     2.091  2.313e+04
     2.105  1.053e+04
     2.118  4.485e+04
     2.132  1.558e+04
     2.144       4714
     2.157    1.6e+04
     2.169  2.361e+04
     2.181  1.475e+04
     2.192  1.748e+04
     2.203   2.55e+04
     2.214       8737
     2.225  1.252e+04
     2.235  1.178e+04
     2.245  1.594e+04
     2.255  2.735e+04
     2.265       7321
     2.274       7291
     2.283       7312
     2.292  1.098e+04
     2.301       6717
      2.31  1.363e+04
     2.318       9676
     2.327       9707
     2.335       6316
     2.343  1.243e+04
     2.351  1.839e+04
     2.359       6076
     2.366       5911
     2.374          0
     2.381       5645
     2.388          0
     2.395          0
     2.402       2629
     2.409          0
     2.416          0
     2.423          0
     2.429       5622
     2.436          0
     2.442          0
     2.449          0
     2.455          0
     2.461          0
     2.467          0
     2.473          0
     2.479          0
     2.484          0
      2.49          0
     2.496          0
     2.501          0
     2.507          0
     2.512          0
     2.518          0
     2.523          0
     2.528          0
     2.533          0
     2.538          0
     2.544          0
