     2.021  6.334e+10
     6.062  1.476e+11
      10.1  2.124e+11
     14.14  2.647e+11
     18.19  2.995e+11
     22.23  3.276e+11
     26.27  3.434e+11
     30.31  3.554e+11
     34.35  3.638e+11
     38.39  3.699e+11
     42.43  3.753e+11
     46.47  3.794e+11
     50.52  3.837e+11
     54.56  3.888e+11
      58.6  3.953e+11
     62.64  4.009e+11
     66.68  4.046e+11
     70.72  4.082e+11
     74.76   4.12e+11
      78.8  4.152e+11
     82.85  4.192e+11
     86.89   4.23e+11
     90.93  4.253e+11
     94.97  4.266e+11
     99.01  4.283e+11
     103.1  4.293e+11
     107.1  4.302e+11
     111.1  4.307e+11
     115.2   4.31e+11
     119.2  4.313e+11
     123.3  4.314e+11
     127.3  4.315e+11
     131.3  4.318e+11
     135.4  4.319e+11
     139.4   4.32e+11
     143.5  4.321e+11
     147.5  4.323e+11
     151.5  4.324e+11
     155.6  4.326e+11
     159.6  4.328e+11
     163.7  4.329e+11
     167.7   4.33e+11
     171.8  4.331e+11
     175.8  4.333e+11
     179.8  4.335e+11
     183.9  4.336e+11
     187.9  4.337e+11
       192  4.338e+11
       196  4.339e+11
       200   4.34e+11
     204.1  4.341e+11
     208.1  4.342e+11
     212.2  4.344e+11
     216.2  4.344e+11
     220.2  4.346e+11
     224.3  4.348e+11
     228.3  4.349e+11
     232.4   4.35e+11
     236.4   4.35e+11
     240.5  4.351e+11
     244.5  4.351e+11
     248.5  4.351e+11
     252.6  4.351e+11
     256.6  4.351e+11
     260.7  4.351e+11
     264.7  4.351e+11
     268.7  4.352e+11
     272.8  4.352e+11
     276.8  4.352e+11
     280.9  4.352e+11
     284.9  4.352e+11
       289  4.352e+11
       293  4.352e+11
       297  4.352e+11
     301.1  4.352e+11
     305.1  4.352e+11
     309.2  4.352e+11
     313.2  4.352e+11
     317.2  4.352e+11
     321.3  4.352e+11
     325.3  4.352e+11
     329.4  4.352e+11
     333.4  4.352e+11
     337.4  4.352e+11
     341.5  4.352e+11
     345.5  4.352e+11
     349.6  4.352e+11
