     2.021      17.64
     6.062      18.98
      10.1      19.59
     14.14      20.42
     18.19      20.88
     22.23      21.61
     26.27      22.31
     30.31      22.92
     34.35      23.81
     38.39      24.84
     42.43      26.69
     46.47      27.62
     50.52      28.12
     54.56      29.67
      58.6       30.2
     62.64      31.14
     66.68      31.44
     70.72      31.43
     74.76      31.33
      78.8      31.56
     82.85      31.61
     86.89      32.36
     90.93      32.85
     94.97      32.72
     99.01       33.2
     103.1      33.72
     107.1      33.91
     111.1      34.43
     115.2      34.64
     119.2      35.02
     123.3      35.21
     127.3      34.83
     131.3      35.01
     135.4      35.31
     139.4      35.38
     143.5      35.24
     147.5      35.19
     151.5      35.23
     155.6      35.11
     159.6      35.24
     163.7      35.32
     167.7      35.28
     171.8      35.29
     175.8      35.19
     179.8      35.15
     183.9      35.43
     187.9      35.35
       192      35.33
       196      35.36
       200      35.29
     204.1      35.31
     208.1      35.34
     212.2      35.36
     216.2      35.32
     220.2      35.26
     224.3      35.27
     228.3       35.4
     232.4      35.48
     236.4      35.47
     240.5      35.47
     244.5      35.51
     248.5      35.48
     252.6       35.5
     256.6      35.52
     260.7      35.52
     264.7      35.47
     268.7      35.35
     272.8      35.51
     276.8      35.52
     280.9      35.52
     284.9      35.52
       289      35.52
       293      35.52
       297      35.52
     301.1      35.52
     305.1      35.52
     309.2      35.52
     313.2      35.52
     317.2      35.52
     321.3      35.52
     325.3      35.52
     329.4      35.52
     333.4      35.52
     337.4      35.52
     341.5      35.52
     345.5      35.52
     349.6      35.52
