     2.021  1.866e-16
     6.062  4.428e-17
      10.1  2.762e-17
     14.14   1.52e-17
     18.19  9.892e-18
     22.23  5.286e-18
     26.27  2.782e-18
     30.31  1.956e-18
     34.35  1.211e-18
     38.39  1.164e-18
     42.43  8.896e-19
     46.47  7.118e-19
     50.52   7.94e-19
     54.56  7.693e-19
      58.6  7.706e-19
     62.64  5.765e-19
     66.68  3.914e-19
     70.72  3.543e-19
     74.76  3.276e-19
      78.8   3.54e-19
     82.85  4.142e-19
     86.89  2.649e-19
     90.93  1.879e-19
     94.97  1.442e-19
     99.01  1.025e-19
     103.1  1.006e-19
     107.1  5.947e-20
     111.1  2.653e-20
     115.2  2.162e-20
     119.2  1.114e-20
     123.3  4.746e-21
     127.3  1.794e-20
     131.3  1.474e-20
     135.4   2.13e-21
     139.4  2.278e-21
     143.5   1.76e-20
     147.5  7.219e-21
     151.5  1.099e-20
     155.6   7.84e-21
     159.6  5.964e-21
     163.7  3.744e-21
     167.7  5.584e-21
     171.8  4.017e-21
     175.8  8.314e-21
     179.8  7.215e-21
     183.9   9.86e-22
     187.9  3.438e-21
       192  5.633e-21
       196  2.096e-21
       200  4.349e-21
     204.1  3.521e-21
     208.1  2.521e-21
     212.2  2.649e-21
     216.2  3.044e-21
     220.2  4.348e-21
     224.3  5.773e-21
     228.3  2.425e-21
     232.4  2.319e-22
     236.4  1.175e-21
     240.5  7.059e-22
     244.5  1.492e-23
     248.5  6.087e-22
     252.6  1.815e-22
     256.6      1e-23
     260.7      1e-23
     264.7  4.394e-22
     268.7  7.657e-21
     272.8   9.31e-23
     276.8      1e-23
     280.9      1e-23
     284.9      1e-23
       289      1e-23
       293      1e-23
       297      1e-23
     301.1      1e-23
     305.1      1e-23
     309.2      1e-23
     313.2      1e-23
     317.2      1e-23
     321.3      1e-23
     325.3      1e-23
     329.4      1e-23
     333.4      1e-23
     337.4      1e-23
     341.5      1e-23
     345.5      1e-23
     349.6      1e-23
