     2.021      17.34
     6.062       18.9
      10.1      19.41
     14.14      20.06
     18.19      20.53
     22.23      21.21
     26.27      21.91
     30.31      22.29
     34.35      22.81
     38.39      22.85
     42.43      23.14
     46.47      23.39
     50.52      23.27
     54.56       23.3
      58.6       23.3
     62.64      23.61
     66.68      24.03
     70.72      24.14
     74.76      24.23
      78.8      24.14
     82.85      23.97
     86.89      24.46
     90.93      24.83
     94.97      25.12
     99.01      25.49
     103.1      25.51
     107.1      26.08
     111.1      26.96
     115.2      27.18
     119.2       27.9
     123.3      28.83
     127.3      27.38
     131.3       27.6
     135.4       29.7
     139.4      29.62
     143.5       27.4
     147.5      28.37
     151.5      27.91
     155.6      28.28
     159.6      28.58
     163.7      29.08
     167.7      28.65
     171.8      29.01
     175.8      28.22
     179.8      28.37
     183.9      30.53
     187.9      29.18
       192      28.64
       196      29.71
       200      28.92
     204.1      29.15
     208.1      29.51
     212.2      29.46
     216.2      29.31
     220.2      28.92
     224.3      28.61
     228.3      29.55
     232.4       32.1
     236.4      30.34
     240.5      30.89
     244.5      35.08
     248.5      31.06
     252.6      32.37
     256.6      35.52
     260.7      35.52
     264.7      31.41
     268.7      28.31
     272.8      33.09
     276.8      35.52
     280.9      35.52
     284.9      35.52
       289      35.52
       293      35.52
       297      35.52
     301.1      35.52
     305.1      35.52
     309.2      35.52
     313.2      35.52
     317.2      35.52
     321.3      35.52
     325.3      35.52
     329.4      35.52
     333.4      35.52
     337.4      35.52
     341.5      35.52
     345.5      35.52
     349.6      35.52
