     6.002  6.974e+08
        10  2.121e+08
        14  1.192e+08
     18.01  7.023e+07
     22.01  4.457e+07
     26.01  2.688e+07
     30.01  2.067e+07
     34.01  1.471e+07
     38.01  1.134e+07
     42.01   9.59e+06
     46.01   8.47e+06
     50.02  7.335e+06
     54.02  7.269e+06
     58.02  6.375e+06
     62.02  5.278e+06
     66.02  4.552e+06
     70.02   4.54e+06
     74.02  4.506e+06
     78.02  3.558e+06
     82.03  3.536e+06
     86.03  3.257e+06
     90.03  2.551e+06
     94.03  2.494e+06
     98.03   2.28e+06
       102  2.513e+06
       106  2.277e+06
       110  2.349e+06
       114  2.204e+06
       118  2.103e+06
       122  2.004e+06
       126  1.881e+06
       130   1.93e+06
       134  1.582e+06
       138  1.347e+06
       142  1.392e+06
       146  1.411e+06
       150  1.364e+06
       154  1.277e+06
       158  1.219e+06
     162.1  1.192e+06
     166.1  1.069e+06
     170.1  1.172e+06
     174.1   1.05e+06
     178.1  8.709e+05
     182.1  8.468e+05
     186.1  8.475e+05
     190.1  7.966e+05
     194.1  8.703e+05
     198.1  9.629e+05
     202.1  8.668e+05
     206.1  7.911e+05
     210.1  7.296e+05
     214.1  6.918e+05
     218.1  7.106e+05
     222.1  6.473e+05
     226.1  5.883e+05
     230.1  7.174e+05
     234.1   5.87e+05
     238.1  5.039e+05
     242.1  5.114e+05
     246.1  4.623e+05
     250.1  4.022e+05
     254.1  3.453e+05
     258.1  2.575e+05
     262.1  2.957e+05
     266.1  2.685e+05
     270.1   2.44e+05
     274.1  2.487e+05
     278.1  2.021e+05
     282.1  2.315e+05
     286.1  1.285e+05
     290.1  1.265e+05
     294.1  1.099e+05
     298.1  9.201e+04
     302.1  9.395e+04
     306.1  7.754e+04
     310.1  5.098e+04
     314.1  5.239e+04
     318.1  5.109e+04
     322.1  2.029e+04
     326.1   2.66e+04
     330.1  1.744e+04
     334.1          0
     338.1       6651
     342.1          0
     346.1          0
     350.1          0
