     6.002  9.634e+08
        10  3.999e+08
        14   2.44e+08
     18.01   1.68e+08
     22.01  1.235e+08
     26.01  9.401e+07
     30.01  7.455e+07
     34.01  6.053e+07
     38.01   5.02e+07
     42.01  4.249e+07
     46.01  3.658e+07
     50.02  3.191e+07
     54.02  2.827e+07
     58.02  2.525e+07
     62.02  2.268e+07
     66.02  2.048e+07
     70.02  1.866e+07
     74.02  1.713e+07
     78.02  1.574e+07
     82.03  1.455e+07
     86.03   1.35e+07
     90.03  1.253e+07
     94.03  1.167e+07
     98.03  1.091e+07
       102  1.025e+07
       106  9.648e+06
       110  9.118e+06
       114  8.633e+06
       118   8.19e+06
       122  7.784e+06
       126   7.41e+06
       130  7.073e+06
       134  6.745e+06
       138  6.432e+06
       142  6.148e+06
       146  5.889e+06
       150  5.647e+06
       154   5.42e+06
       158  5.208e+06
     162.1  5.009e+06
     166.1   4.82e+06
     170.1  4.648e+06
     174.1  4.483e+06
     178.1   4.32e+06
     182.1  4.168e+06
     186.1  4.025e+06
     190.1  3.889e+06
     194.1  3.764e+06
     198.1  3.651e+06
     202.1  3.541e+06
     206.1  3.434e+06
     210.1  3.331e+06
     214.1  3.233e+06
     218.1   3.14e+06
     222.1   3.05e+06
     226.1  2.963e+06
     230.1  2.885e+06
     234.1  2.806e+06
     238.1  2.729e+06
     242.1  2.656e+06
     246.1  2.584e+06
     250.1  2.515e+06
     254.1  2.446e+06
     258.1  2.378e+06
     262.1  2.315e+06
     266.1  2.253e+06
     270.1  2.194e+06
     274.1  2.137e+06
     278.1  2.081e+06
     282.1  2.029e+06
     286.1  1.976e+06
     290.1  1.925e+06
     294.1  1.875e+06
     298.1  1.827e+06
     302.1  1.781e+06
     306.1  1.737e+06
     310.1  1.693e+06
     314.1  1.652e+06
     318.1  1.611e+06
     322.1  1.572e+06
     326.1  1.534e+06
     330.1  1.497e+06
     334.1  1.461e+06
     338.1  1.427e+06
     342.1  1.393e+06
     346.1  1.361e+06
     350.1   1.33e+06
