    0.7783  6.974e+08
         1  2.121e+08
     1.146  1.192e+08
     1.255  7.023e+07
     1.343  4.457e+07
     1.415  2.688e+07
     1.477  2.067e+07
     1.532  1.471e+07
      1.58  1.134e+07
     1.623   9.59e+06
     1.663   8.47e+06
     1.699  7.335e+06
     1.733  7.269e+06
     1.764  6.375e+06
     1.793  5.278e+06
      1.82  4.552e+06
     1.845   4.54e+06
     1.869  4.506e+06
     1.892  3.558e+06
     1.914  3.536e+06
     1.935  3.257e+06
     1.954  2.551e+06
     1.973  2.494e+06
     1.991   2.28e+06
     2.009  2.513e+06
     2.025  2.277e+06
     2.042  2.349e+06
     2.057  2.204e+06
     2.072  2.103e+06
     2.086  2.004e+06
     2.101  1.881e+06
     2.114   1.93e+06
     2.127  1.582e+06
      2.14  1.347e+06
     2.152  1.392e+06
     2.164  1.411e+06
     2.176  1.364e+06
     2.188  1.277e+06
     2.199  1.219e+06
      2.21  1.192e+06
      2.22  1.069e+06
     2.231  1.172e+06
     2.241   1.05e+06
     2.251  8.709e+05
      2.26  8.468e+05
      2.27  8.475e+05
     2.279  7.966e+05
     2.288  8.703e+05
     2.297  9.629e+05
     2.305  8.668e+05
     2.314  7.911e+05
     2.322  7.296e+05
     2.331  6.918e+05
     2.339  7.106e+05
     2.346  6.473e+05
     2.354  5.883e+05
     2.362  7.174e+05
     2.369   5.87e+05
     2.377  5.039e+05
     2.384  5.114e+05
     2.391  4.623e+05
     2.398  4.022e+05
     2.405  3.453e+05
     2.412  2.575e+05
     2.418  2.957e+05
     2.425  2.685e+05
     2.432   2.44e+05
     2.438  2.487e+05
     2.444  2.021e+05
      2.45  2.315e+05
     2.457  1.285e+05
     2.463  1.265e+05
     2.468  1.099e+05
     2.474  9.201e+04
      2.48  9.395e+04
     2.486  7.754e+04
     2.491  5.098e+04
     2.497  5.239e+04
     2.503  5.109e+04
     2.508  2.029e+04
     2.513   2.66e+04
     2.519  1.744e+04
     2.524          0
     2.529       6651
     2.534          0
     2.539          0
     2.544          0
