    0.7783  9.634e+08
         1  3.999e+08
     1.146   2.44e+08
     1.255   1.68e+08
     1.343  1.235e+08
     1.415  9.401e+07
     1.477  7.455e+07
     1.532  6.053e+07
      1.58   5.02e+07
     1.623  4.249e+07
     1.663  3.658e+07
     1.699  3.191e+07
     1.733  2.827e+07
     1.764  2.525e+07
     1.793  2.268e+07
      1.82  2.048e+07
     1.845  1.866e+07
     1.869  1.713e+07
     1.892  1.574e+07
     1.914  1.455e+07
     1.935   1.35e+07
     1.954  1.253e+07
     1.973  1.167e+07
     1.991  1.091e+07
     2.009  1.025e+07
     2.025  9.648e+06
     2.042  9.118e+06
     2.057  8.633e+06
     2.072   8.19e+06
     2.086  7.784e+06
     2.101   7.41e+06
     2.114  7.073e+06
     2.127  6.745e+06
      2.14  6.432e+06
     2.152  6.148e+06
     2.164  5.889e+06
     2.176  5.647e+06
     2.188   5.42e+06
     2.199  5.208e+06
      2.21  5.009e+06
      2.22   4.82e+06
     2.231  4.648e+06
     2.241  4.483e+06
     2.251   4.32e+06
      2.26  4.168e+06
      2.27  4.025e+06
     2.279  3.889e+06
     2.288  3.764e+06
     2.297  3.651e+06
     2.305  3.541e+06
     2.314  3.434e+06
     2.322  3.331e+06
     2.331  3.233e+06
     2.339   3.14e+06
     2.346   3.05e+06
     2.354  2.963e+06
     2.362  2.885e+06
     2.369  2.806e+06
     2.377  2.729e+06
     2.384  2.656e+06
     2.391  2.584e+06
     2.398  2.515e+06
     2.405  2.446e+06
     2.412  2.378e+06
     2.418  2.315e+06
     2.425  2.253e+06
     2.432  2.194e+06
     2.438  2.137e+06
     2.444  2.081e+06
      2.45  2.029e+06
     2.457  1.976e+06
     2.463  1.925e+06
     2.468  1.875e+06
     2.474  1.827e+06
      2.48  1.781e+06
     2.486  1.737e+06
     2.491  1.693e+06
     2.497  1.652e+06
     2.503  1.611e+06
     2.508  1.572e+06
     2.513  1.534e+06
     2.519  1.497e+06
     2.524  1.461e+06
     2.529  1.427e+06
     2.534  1.393e+06
     2.539  1.361e+06
     2.544   1.33e+06
