     2.001      18.95
     6.002      20.04
        10      20.49
        14      20.89
     18.01      21.22
     22.01       21.6
     26.01      21.97
     30.01      22.41
     34.01      22.64
     38.01      23.09
     42.01      23.21
     46.01      23.34
     50.02      23.58
     54.02      23.62
     58.02      23.95
     62.02      24.45
     66.02      24.28
     70.02      24.36
     74.02      24.81
     78.02      25.01
     82.03      25.48
     86.03      25.92
     90.03      26.33
     94.03       26.6
     98.03      26.45
       102      26.54
       106      26.75
       110      26.61
       114      27.11
       118      26.98
       122      27.06
       126      27.26
       130      27.86
       134       28.5
       138      28.75
       142       28.9
       146      28.88
       150      29.68
       154      29.78
       158      29.86
     162.1      29.85
     166.1      29.81
     170.1      30.08
     174.1      30.64
     178.1      30.51
     182.1      30.79
     186.1      31.01
     190.1      30.67
     194.1      30.93
     198.1       31.1
     202.1      31.41
     206.1      31.57
     210.1      31.32
     214.1      31.85
     218.1      32.01
     222.1      32.14
     226.1      32.28
     230.1      32.42
     234.1      32.52
     238.1      32.33
     242.1      32.11
     246.1       32.2
     250.1      32.32
     254.1      32.14
     258.1      31.92
     262.1      31.85
     266.1      32.04
     270.1      31.95
     274.1      32.13
     278.1      31.96
     282.1       32.1
     286.1      32.08
     290.1      32.32
     294.1      32.73
     298.1      32.43
     302.1      32.36
     306.1      33.17
     310.1      33.16
     314.1      32.75
     318.1      32.95
     322.1      33.38
     326.1      33.41
     330.1      33.88
     334.1      34.87
     338.1      34.49
     342.1      35.49
     346.1      35.52
     350.1      35.52
