     6.066  1.416e+09
     10.11  5.313e+08
     14.15  2.981e+08
      18.2  1.992e+08
     22.24  1.447e+08
     26.28  1.113e+08
     30.33  8.934e+07
     34.37  7.412e+07
     38.42  6.231e+07
     42.46  5.305e+07
      46.5  4.589e+07
     50.55  3.999e+07
     54.59  3.527e+07
     58.63  3.153e+07
     62.68  2.839e+07
     66.72  2.576e+07
     70.76  2.345e+07
     74.81   2.15e+07
     78.85  1.979e+07
      82.9   1.83e+07
     86.94  1.698e+07
     90.98  1.584e+07
     95.03  1.483e+07
     99.07  1.391e+07
     103.1  1.306e+07
     107.2  1.229e+07
     111.2  1.161e+07
     115.2  1.097e+07
     119.3  1.038e+07
     123.3  9.815e+06
     127.4  9.288e+06
     131.4  8.808e+06
     135.5  8.367e+06
     139.5  7.956e+06
     143.6  7.593e+06
     147.6  7.249e+06
     151.6  6.926e+06
     155.7  6.626e+06
     159.7  6.331e+06
     163.8  6.059e+06
     167.8  5.799e+06
     171.9  5.557e+06
     175.9  5.324e+06
     179.9  5.106e+06
       184    4.9e+06
       188  4.708e+06
     192.1  4.521e+06
     196.1  4.348e+06
     200.2  4.185e+06
     204.2   4.03e+06
     208.3  3.882e+06
     212.3  3.741e+06
     216.3  3.608e+06
     220.4  3.483e+06
     224.4  3.363e+06
     228.5  3.248e+06
     232.5  3.139e+06
     236.6  3.037e+06
     240.6  2.938e+06
     244.6  2.844e+06
     248.7  2.755e+06
     252.7  2.669e+06
     256.8  2.587e+06
     260.8  2.509e+06
     264.9  2.434e+06
     268.9  2.362e+06
     272.9  2.294e+06
       277  2.227e+06
       281  2.164e+06
     285.1  2.103e+06
     289.1  2.044e+06
     293.2  1.988e+06
     297.2  1.934e+06
     301.3  1.882e+06
     305.3  1.832e+06
     309.3  1.785e+06
     313.4  1.739e+06
     317.4  1.695e+06
     321.5  1.652e+06
     325.5  1.611e+06
     329.6  1.572e+06
     333.6  1.534e+06
     337.6  1.497e+06
     341.7  1.461e+06
     345.7  1.427e+06
     349.8  1.394e+06
