     6.066   8.48e+08
     10.11  2.364e+08
     14.15  1.114e+08
      18.2  7.222e+07
     22.24  4.761e+07
     26.28  3.553e+07
     30.33  2.848e+07
     34.37  2.442e+07
     38.42  1.786e+07
     42.46  1.357e+07
      46.5  1.178e+07
     50.55   8.96e+06
     54.59   8.09e+06
     58.63  8.077e+06
     62.68  7.232e+06
     66.72  6.668e+06
     70.76  5.547e+06
     74.81  5.395e+06
     78.85  4.744e+06
      82.9  4.592e+06
     86.94  4.065e+06
     90.98  4.129e+06
     95.03  4.024e+06
     99.07  3.568e+06
     103.1  3.015e+06
     107.2  2.869e+06
     111.2  2.895e+06
     115.2  2.546e+06
     119.3  2.167e+06
     123.3  1.819e+06
     127.4   1.52e+06
     131.4  1.475e+06
     135.5  1.426e+06
     139.5  1.271e+06
     143.6  1.507e+06
     147.6  1.325e+06
     151.6  1.189e+06
     155.7  1.144e+06
     159.7  8.026e+05
     163.8  8.215e+05
     167.8   6.66e+05
     171.9  6.646e+05
     175.9  4.844e+05
     179.9   4.76e+05
       184  4.203e+05
       188  4.221e+05
     192.1   2.72e+05
     196.1  3.294e+05
     200.2   3.05e+05
     204.2  2.781e+05
     208.3  2.153e+05
     212.3  1.747e+05
     216.3    1.9e+05
     220.4  1.988e+05
     224.4  1.502e+05
     228.5   1.22e+05
     232.5  1.045e+05
     236.6   1.59e+05
     240.6   9.63e+04
     244.6  1.051e+05
     248.7  8.595e+04
     252.7  7.613e+04
     256.8  6.671e+04
     260.8  5.343e+04
     264.9  6.696e+04
     268.9  4.678e+04
     272.9  4.405e+04
       277  2.923e+04
       281  1.234e+04
     285.1  1.682e+04
     289.1       5026
     293.2       2245
     297.2  1.655e+04
     301.3       4248
     305.3          0
     309.3       6629
     313.4       2167
     317.4       8053
     321.5       4186
     325.5       1971
     329.6          0
     333.6          0
     337.6          0
     341.7       1934
     345.7          0
     349.8          0
