    0.7829   8.48e+08
     1.005  2.364e+08
     1.151  1.114e+08
      1.26  7.222e+07
     1.347  4.761e+07
      1.42  3.553e+07
     1.482  2.848e+07
     1.536  2.442e+07
     1.585  1.786e+07
     1.628  1.357e+07
     1.667  1.178e+07
     1.704   8.96e+06
     1.737   8.09e+06
     1.768  8.077e+06
     1.797  7.232e+06
     1.824  6.668e+06
      1.85  5.547e+06
     1.874  5.395e+06
     1.897  4.744e+06
     1.919  4.592e+06
     1.939  4.065e+06
     1.959  4.129e+06
     1.978  4.024e+06
     1.996  3.568e+06
     2.013  3.015e+06
      2.03  2.869e+06
     2.046  2.895e+06
     2.062  2.546e+06
     2.077  2.167e+06
     2.091  1.819e+06
     2.105   1.52e+06
     2.119  1.475e+06
     2.132  1.426e+06
     2.145  1.271e+06
     2.157  1.507e+06
     2.169  1.325e+06
     2.181  1.189e+06
     2.192  1.144e+06
     2.203  8.026e+05
     2.214  8.215e+05
     2.225   6.66e+05
     2.235  6.646e+05
     2.245  4.844e+05
     2.255   4.76e+05
     2.265  4.203e+05
     2.274  4.221e+05
     2.283   2.72e+05
     2.293  3.294e+05
     2.301   3.05e+05
      2.31  2.781e+05
     2.319  2.153e+05
     2.327  1.747e+05
     2.335    1.9e+05
     2.343  1.988e+05
     2.351  1.502e+05
     2.359   1.22e+05
     2.366  1.045e+05
     2.374   1.59e+05
     2.381   9.63e+04
     2.389  1.051e+05
     2.396  8.595e+04
     2.403  7.613e+04
      2.41  6.671e+04
     2.416  5.343e+04
     2.423  6.696e+04
      2.43  4.678e+04
     2.436  4.405e+04
     2.442  2.923e+04
     2.449  1.234e+04
     2.455  1.682e+04
     2.461       5026
     2.467       2245
     2.473  1.655e+04
     2.479       4248
     2.485          0
      2.49       6629
     2.496       2167
     2.502       8053
     2.507       4186
     2.513       1971
     2.518          0
     2.523          0
     2.528          0
     2.534       1934
     2.539          0
     2.544          0
