    0.7829  1.416e+09
     1.005  5.313e+08
     1.151  2.981e+08
      1.26  1.992e+08
     1.347  1.447e+08
      1.42  1.113e+08
     1.482  8.934e+07
     1.536  7.412e+07
     1.585  6.231e+07
     1.628  5.305e+07
     1.667  4.589e+07
     1.704  3.999e+07
     1.737  3.527e+07
     1.768  3.153e+07
     1.797  2.839e+07
     1.824  2.576e+07
      1.85  2.345e+07
     1.874   2.15e+07
     1.897  1.979e+07
     1.919   1.83e+07
     1.939  1.698e+07
     1.959  1.584e+07
     1.978  1.483e+07
     1.996  1.391e+07
     2.013  1.306e+07
      2.03  1.229e+07
     2.046  1.161e+07
     2.062  1.097e+07
     2.077  1.038e+07
     2.091  9.815e+06
     2.105  9.288e+06
     2.119  8.808e+06
     2.132  8.367e+06
     2.145  7.956e+06
     2.157  7.593e+06
     2.169  7.249e+06
     2.181  6.926e+06
     2.192  6.626e+06
     2.203  6.331e+06
     2.214  6.059e+06
     2.225  5.799e+06
     2.235  5.557e+06
     2.245  5.324e+06
     2.255  5.106e+06
     2.265    4.9e+06
     2.274  4.708e+06
     2.283  4.521e+06
     2.293  4.348e+06
     2.301  4.185e+06
      2.31   4.03e+06
     2.319  3.882e+06
     2.327  3.741e+06
     2.335  3.608e+06
     2.343  3.483e+06
     2.351  3.363e+06
     2.359  3.248e+06
     2.366  3.139e+06
     2.374  3.037e+06
     2.381  2.938e+06
     2.389  2.844e+06
     2.396  2.755e+06
     2.403  2.669e+06
      2.41  2.587e+06
     2.416  2.509e+06
     2.423  2.434e+06
      2.43  2.362e+06
     2.436  2.294e+06
     2.442  2.227e+06
     2.449  2.164e+06
     2.455  2.103e+06
     2.461  2.044e+06
     2.467  1.988e+06
     2.473  1.934e+06
     2.479  1.882e+06
     2.485  1.832e+06
      2.49  1.785e+06
     2.496  1.739e+06
     2.502  1.695e+06
     2.507  1.652e+06
     2.513  1.611e+06
     2.518  1.572e+06
     2.523  1.534e+06
     2.528  1.497e+06
     2.534  1.461e+06
     2.539  1.427e+06
     2.544  1.394e+06
