     2.022      17.82
     6.066      19.48
     10.11      20.14
     14.15      20.67
      18.2      20.97
     22.24      21.19
     26.28      21.43
     30.33       21.7
     34.37      22.04
     38.42      22.51
     42.46      22.74
      46.5      23.09
     50.55      23.27
     54.59      23.54
     58.63      23.77
     62.68      24.13
     66.72      23.98
     70.76      24.04
     74.81         25
     78.85      25.75
      82.9      25.98
     86.94      26.65
     90.98      26.44
     95.03      27.13
     99.07      27.75
     103.1      28.15
     107.2      28.23
     111.2      28.48
     115.2      28.37
     119.3      28.81
     123.3      29.33
     127.4      29.26
     131.4      29.31
     135.5      29.76
     139.5      29.57
     143.6      29.67
     147.6      30.24
     151.6      30.34
     155.7      30.34
     159.7      30.87
     163.8      30.84
     167.8      31.24
     171.9      31.57
     175.9      31.76
     179.9      32.39
       184      32.67
       188      32.63
     192.1      32.84
     196.1      32.91
     200.2      33.25
     204.2      33.56
     208.3      33.73
     212.3      33.73
     216.3      33.66
     220.4      33.64
     224.4      33.98
     228.5       34.3
     232.5      34.09
     236.6      33.81
     240.6      34.11
     244.6      34.14
     248.7       34.3
     252.7      34.19
     256.8       34.4
     260.8      34.26
     264.9      33.98
     268.9       34.3
     272.9      34.39
       277      34.62
       281      34.89
     285.1      34.99
     289.1       35.2
     293.2      34.92
     297.2      34.93
     301.3      35.32
     305.3      35.16
     309.3      35.18
     313.4      34.91
     317.4      34.51
     321.5      35.09
     325.5      35.44
     329.6      35.52
     333.6      35.52
     337.6      35.36
     341.7      35.03
     345.7      35.52
     349.8      35.52
