     6.043  6.246e+08
     10.07  2.248e+08
      14.1  1.088e+08
     18.13    6.5e+07
     22.16   4.36e+07
     26.19  3.148e+07
     30.21   2.39e+07
     34.24  1.882e+07
     38.27  1.525e+07
      42.3  1.269e+07
     46.33  1.069e+07
     50.36  9.272e+06
     54.38  8.004e+06
     58.41  6.963e+06
     62.44  6.127e+06
     66.47  5.423e+06
      70.5  4.834e+06
     74.53  4.333e+06
     78.56  3.914e+06
     82.58  3.539e+06
     86.61  3.216e+06
     90.64  2.937e+06
     94.67   2.69e+06
      98.7  2.475e+06
     102.7  2.287e+06
     106.8  2.117e+06
     110.8  1.964e+06
     114.8   1.83e+06
     118.8  1.714e+06
     122.9  1.606e+06
     126.9  1.507e+06
     130.9  1.418e+06
       135  1.335e+06
       139   1.26e+06
       143  1.189e+06
       147  1.124e+06
     151.1  1.065e+06
     155.1  1.011e+06
     159.1  9.616e+05
     163.2  9.148e+05
     167.2  8.709e+05
     171.2  8.301e+05
     175.2  7.923e+05
     179.3  7.571e+05
     183.3  7.244e+05
     187.3  6.932e+05
     191.4  6.642e+05
     195.4  6.368e+05
     199.4  6.111e+05
     203.4  5.869e+05
     207.5  5.641e+05
     211.5  5.426e+05
     215.5  5.223e+05
     219.6  5.032e+05
     223.6  4.851e+05
     227.6   4.68e+05
     231.6  4.517e+05
     235.7  4.362e+05
     239.7  4.216e+05
     243.7  4.076e+05
     247.8  3.944e+05
     251.8  3.818e+05
     255.8  3.697e+05
     259.8  3.583e+05
     263.9  3.473e+05
     267.9  3.369e+05
     271.9  3.269e+05
       276  3.174e+05
       280  3.082e+05
       284  2.995e+05
       288  2.911e+05
     292.1  2.831e+05
     296.1  2.754e+05
     300.1   2.68e+05
     304.1  2.609e+05
     308.2  2.541e+05
     312.2  2.475e+05
     316.2  2.412e+05
     320.3  2.351e+05
     324.3  2.293e+05
     328.3  2.237e+05
     332.3  2.183e+05
     336.4   2.13e+05
     340.4   2.08e+05
     344.4  2.031e+05
