     6.043  3.971e+08
     10.07  9.154e+07
      14.1  1.594e+07
     18.13  8.736e+06
     22.16  5.554e+06
     26.19  3.941e+06
     30.21  2.912e+06
     34.24  2.213e+06
     38.27  1.794e+06
      42.3   1.77e+06
     46.33  1.184e+06
     50.36  1.816e+06
     54.38  6.973e+05
     58.41   4.49e+05
     62.44  4.763e+05
     66.47  3.154e+05
      70.5  2.642e+05
     74.53  1.907e+05
     78.56  2.485e+05
     82.58  7.269e+04
     86.61  6.561e+04
     90.64  7.062e+04
     94.67  3.672e+04
      98.7  5.265e+04
     102.7  7.965e+04
     106.8  3.632e+04
     110.8  1.377e+04
     114.8  4.696e+04
     118.8  1.166e+05
     122.9  6.899e+04
     126.9  5.401e+04
     130.9  4.597e+04
       135  4.074e+04
       139  3.153e+04
       143       4731
       147          0
     151.1  1.986e+04
     155.1  3.155e+04
     159.1  2.662e+04
     163.2  1.352e+04
     167.2       4805
     171.2       4311
     175.2       7890
     179.3       8766
     183.3  1.206e+04
     187.3          0
     191.4       3709
     195.4          0
     199.4          0
     203.4          0
     207.5          0
     211.5          0
     215.5          0
     219.6          0
     223.6       2919
     227.6          0
     231.6          0
     235.7          0
     239.7          0
     243.7          0
     247.8          0
     251.8          0
     255.8          0
     259.8          0
     263.9          0
     267.9          0
     271.9          0
       276          0
       280          0
       284          0
       288          0
     292.1          0
     296.1          0
     300.1          0
     304.1          0
     308.2          0
     312.2          0
     316.2          0
     320.3          0
     324.3          0
     328.3          0
     332.3          0
     336.4          0
     340.4          0
     344.4          0
