    0.7812  3.971e+08
     1.003  9.154e+07
     1.149  1.594e+07
     1.258  8.736e+06
     1.346  5.554e+06
     1.418  3.941e+06
      1.48  2.912e+06
     1.535  2.213e+06
     1.583  1.794e+06
     1.626   1.77e+06
     1.666  1.184e+06
     1.702  1.816e+06
     1.735  6.973e+05
     1.767   4.49e+05
     1.795  4.763e+05
     1.823  3.154e+05
     1.848  2.642e+05
     1.872  1.907e+05
     1.895  2.485e+05
     1.917  7.269e+04
     1.938  6.561e+04
     1.957  7.062e+04
     1.976  3.672e+04
     1.994  5.265e+04
     2.012  7.965e+04
     2.028  3.632e+04
     2.044  1.377e+04
      2.06  4.696e+04
     2.075  1.166e+05
     2.089  6.899e+04
     2.103  5.401e+04
     2.117  4.597e+04
      2.13  4.074e+04
     2.143  3.153e+04
     2.155       4731
     2.167          0
     2.179  1.986e+04
     2.191  3.155e+04
     2.202  2.662e+04
     2.213  1.352e+04
     2.223       4805
     2.234       4311
     2.244       7890
     2.254       8766
     2.263  1.206e+04
     2.273          0
     2.282       3709
     2.291          0
       2.3          0
     2.308          0
     2.317          0
     2.325          0
     2.333          0
     2.342          0
     2.349       2919
     2.357          0
     2.365          0
     2.372          0
      2.38          0
     2.387          0
     2.394          0
     2.401          0
     2.408          0
     2.415          0
     2.421          0
     2.428          0
     2.434          0
     2.441          0
     2.447          0
     2.453          0
     2.459          0
     2.465          0
     2.471          0
     2.477          0
     2.483          0
     2.489          0
     2.494          0
       2.5          0
     2.506          0
     2.511          0
     2.516          0
     2.522          0
     2.527          0
     2.532          0
     2.537          0
