    0.7812  6.246e+08
     1.003  2.248e+08
     1.149  1.088e+08
     1.258    6.5e+07
     1.346   4.36e+07
     1.418  3.148e+07
      1.48   2.39e+07
     1.535  1.882e+07
     1.583  1.525e+07
     1.626  1.269e+07
     1.666  1.069e+07
     1.702  9.272e+06
     1.735  8.004e+06
     1.767  6.963e+06
     1.795  6.127e+06
     1.823  5.423e+06
     1.848  4.834e+06
     1.872  4.333e+06
     1.895  3.914e+06
     1.917  3.539e+06
     1.938  3.216e+06
     1.957  2.937e+06
     1.976   2.69e+06
     1.994  2.475e+06
     2.012  2.287e+06
     2.028  2.117e+06
     2.044  1.964e+06
      2.06   1.83e+06
     2.075  1.714e+06
     2.089  1.606e+06
     2.103  1.507e+06
     2.117  1.418e+06
      2.13  1.335e+06
     2.143   1.26e+06
     2.155  1.189e+06
     2.167  1.124e+06
     2.179  1.065e+06
     2.191  1.011e+06
     2.202  9.616e+05
     2.213  9.148e+05
     2.223  8.709e+05
     2.234  8.301e+05
     2.244  7.923e+05
     2.254  7.571e+05
     2.263  7.244e+05
     2.273  6.932e+05
     2.282  6.642e+05
     2.291  6.368e+05
       2.3  6.111e+05
     2.308  5.869e+05
     2.317  5.641e+05
     2.325  5.426e+05
     2.333  5.223e+05
     2.342  5.032e+05
     2.349  4.851e+05
     2.357   4.68e+05
     2.365  4.517e+05
     2.372  4.362e+05
      2.38  4.216e+05
     2.387  4.076e+05
     2.394  3.944e+05
     2.401  3.818e+05
     2.408  3.697e+05
     2.415  3.583e+05
     2.421  3.473e+05
     2.428  3.369e+05
     2.434  3.269e+05
     2.441  3.174e+05
     2.447  3.082e+05
     2.453  2.995e+05
     2.459  2.911e+05
     2.465  2.831e+05
     2.471  2.754e+05
     2.477   2.68e+05
     2.483  2.609e+05
     2.489  2.541e+05
     2.494  2.475e+05
       2.5  2.412e+05
     2.506  2.351e+05
     2.511  2.293e+05
     2.516  2.237e+05
     2.522  2.183e+05
     2.527   2.13e+05
     2.532   2.08e+05
     2.537  2.031e+05
