     2.014   2.61e+10
     6.043  7.165e+10
     10.07  1.031e+11
      14.1  1.123e+11
     18.13  1.193e+11
     22.16   1.25e+11
     26.19    1.3e+11
     30.21  1.344e+11
     34.24  1.382e+11
     38.27  1.417e+11
      42.3  1.455e+11
     46.33  1.484e+11
     50.36  1.532e+11
     54.38  1.552e+11
     58.41  1.566e+11
     62.44  1.581e+11
     66.47  1.593e+11
      70.5  1.603e+11
     74.53   1.61e+11
     78.56  1.621e+11
     82.58  1.624e+11
     86.61  1.627e+11
     90.64  1.631e+11
     94.67  1.633e+11
      98.7  1.635e+11
     102.7   1.64e+11
     106.8  1.642e+11
     110.8  1.643e+11
     114.8  1.646e+11
     118.8  1.653e+11
     122.9  1.658e+11
     126.9  1.662e+11
     130.9  1.665e+11
       135  1.668e+11
       139  1.671e+11
       143  1.671e+11
       147  1.671e+11
     151.1  1.673e+11
     155.1  1.675e+11
     159.1  1.678e+11
     163.2  1.679e+11
     167.2  1.679e+11
     171.2   1.68e+11
     175.2  1.681e+11
     179.3  1.681e+11
     183.3  1.683e+11
     187.3  1.683e+11
     191.4  1.683e+11
     195.4  1.683e+11
     199.4  1.683e+11
     203.4  1.683e+11
     207.5  1.683e+11
     211.5  1.683e+11
     215.5  1.683e+11
     219.6  1.683e+11
     223.6  1.683e+11
     227.6  1.683e+11
     231.6  1.683e+11
     235.7  1.683e+11
     239.7  1.683e+11
     243.7  1.683e+11
     247.8  1.683e+11
     251.8  1.683e+11
     255.8  1.683e+11
     259.8  1.683e+11
     263.9  1.683e+11
     267.9  1.683e+11
     271.9  1.683e+11
       276  1.683e+11
       280  1.683e+11
       284  1.683e+11
       288  1.683e+11
     292.1  1.683e+11
     296.1  1.683e+11
     300.1  1.683e+11
     304.1  1.683e+11
     308.2  1.683e+11
     312.2  1.683e+11
     316.2  1.683e+11
     320.3  1.683e+11
     324.3  1.683e+11
     328.3  1.683e+11
     332.3  1.683e+11
     336.4  1.683e+11
     340.4  1.683e+11
     344.4  1.683e+11
