     2.014      19.94
     6.043      20.18
     10.07      21.08
      14.1      21.89
     18.13      22.43
     22.16      23.22
     26.19      24.76
     30.21      27.04
     34.24      27.45
     38.27      28.24
      42.3      29.77
     46.33      30.19
     50.36      30.37
     54.38      32.03
     58.41      32.39
     62.44      32.88
     66.47      33.06
      70.5      33.21
     74.53      33.99
     78.56      34.69
     82.58       34.7
     86.61      34.86
     90.64      34.88
     94.67      35.01
      98.7       34.8
     102.7      34.99
     106.8      35.18
     110.8      35.09
     114.8      34.95
     118.8      34.96
     122.9      35.06
     126.9      35.08
     130.9      35.07
       135      35.17
       139      35.22
       143      35.44
       147      35.37
     151.1      35.21
     155.1      35.13
     159.1      35.23
     163.2      35.35
     167.2      35.43
     171.2      35.39
     175.2      35.32
     179.3      35.35
     183.3       35.4
     187.3      35.49
     191.4      35.47
     195.4      35.52
     199.4      35.52
     203.4      35.52
     207.5      35.52
     211.5      35.52
     215.5      35.52
     219.6      35.47
     223.6      35.51
     227.6      35.52
     231.6      35.52
     235.7      35.52
     239.7      35.52
     243.7      35.52
     247.8      35.52
     251.8      35.52
     255.8      35.52
     259.8      35.52
     263.9      35.52
     267.9      35.52
     271.9      35.52
       276      35.52
       280      35.52
       284      35.52
       288      35.52
     292.1      35.52
     296.1      35.52
     300.1      35.52
     304.1      35.52
     308.2      35.52
     312.2      35.52
     316.2      35.52
     320.3      35.52
     324.3      35.52
     328.3      35.52
     332.3      35.52
     336.4      35.52
     340.4      35.52
     344.4      35.52
