     2.014  2.016e-17
     6.043  2.663e-17
     10.07  8.151e-18
      14.1  3.835e-18
     18.13   2.71e-18
     22.16  1.806e-18
     26.19  1.559e-18
     30.21  1.093e-18
     34.24  8.758e-19
     38.27  6.333e-19
      42.3  4.915e-19
     46.33   5.94e-19
     50.36  4.984e-19
     54.38  1.871e-19
     58.41  1.981e-19
     62.44  1.445e-19
     66.47  1.303e-19
      70.5  8.809e-20
     74.53  1.004e-19
     78.56  5.449e-20
     82.58  2.686e-20
     86.61  1.568e-20
     90.64  2.052e-20
     94.67  1.489e-20
      98.7  2.343e-20
     102.7  1.953e-20
     106.8  8.006e-21
     110.8  1.336e-20
     114.8  2.906e-20
     118.8  3.539e-20
     122.9  2.736e-20
     126.9   1.89e-20
     130.9  2.349e-20
       135   1.94e-20
       139   7.95e-21
       143  5.649e-22
       147  6.824e-21
     151.1  8.329e-21
     155.1   1.32e-20
     159.1  9.808e-21
     163.2  4.958e-21
     167.2  1.877e-21
     171.2  2.511e-21
     175.2  3.557e-21
     179.3  5.696e-21
     183.3  3.819e-21
     187.3  3.154e-22
     191.4   1.36e-21
     195.4      1e-23
     199.4      1e-23
     203.4      1e-23
     207.5      1e-23
     211.5      1e-23
     215.5  1.037e-23
     219.6  6.049e-22
     223.6  4.637e-23
     227.6      1e-23
     231.6      1e-23
     235.7      1e-23
     239.7      1e-23
     243.7      1e-23
     247.8      1e-23
     251.8      1e-23
     255.8      1e-23
     259.8      1e-23
     263.9      1e-23
     267.9      1e-23
     271.9      1e-23
       276      1e-23
       280      1e-23
       284      1e-23
       288      1e-23
     292.1      1e-23
     296.1      1e-23
     300.1      1e-23
     304.1      1e-23
     308.2      1e-23
     312.2      1e-23
     316.2      1e-23
     320.3      1e-23
     324.3      1e-23
     328.3      1e-23
     332.3      1e-23
     336.4      1e-23
     340.4      1e-23
     344.4      1e-23
