     2.014      19.75
     6.043      19.45
     10.07      20.74
      14.1      21.56
     18.13      21.93
     22.16      22.37
     26.19      22.53
     30.21      22.92
     34.24      23.16
     38.27      23.51
      42.3      23.79
     46.33      23.58
     50.36      23.77
     54.38      24.84
     58.41      24.77
     62.44      25.12
     66.47      25.23
      70.5      25.65
     74.53      25.51
     78.56      26.18
     82.58      26.94
     86.61      27.53
     90.64      27.24
     94.67      27.58
      98.7      27.09
     102.7      27.29
     106.8      28.26
     110.8       27.7
     114.8      26.86
     118.8      26.64
     122.9      26.92
     126.9      27.32
     130.9      27.09
       135       27.3
       139      28.27
       143      31.14
       147      28.43
     151.1      28.21
     155.1      27.71
     159.1      28.04
     163.2      28.78
     167.2      29.83
     171.2      29.52
     175.2      29.14
     179.3      28.63
     183.3      29.06
     187.3      31.77
     191.4      30.18
     195.4      35.52
     199.4      35.52
     203.4      35.52
     207.5      35.52
     211.5      35.52
     215.5      35.48
     219.6      31.06
     223.6      33.85
     227.6      35.52
     231.6      35.52
     235.7      35.52
     239.7      35.52
     243.7      35.52
     247.8      35.52
     251.8      35.52
     255.8      35.52
     259.8      35.52
     263.9      35.52
     267.9      35.52
     271.9      35.52
       276      35.52
       280      35.52
       284      35.52
       288      35.52
     292.1      35.52
     296.1      35.52
     300.1      35.52
     304.1      35.52
     308.2      35.52
     312.2      35.52
     316.2      35.52
     320.3      35.52
     324.3      35.52
     328.3      35.52
     332.3      35.52
     336.4      35.52
     340.4      35.52
     344.4      35.52
