     6.002  9.745e+08
        10  3.478e+08
     14.01  1.969e+08
     18.01  1.328e+08
     22.01  9.797e+07
     26.01   7.64e+07
     30.01  6.113e+07
     34.01  5.056e+07
     38.02  4.243e+07
     42.02  3.611e+07
     46.02  3.117e+07
     50.02  2.726e+07
     54.02  2.407e+07
     58.02  2.135e+07
     62.02  1.909e+07
     66.03  1.721e+07
     70.03  1.559e+07
     74.03  1.417e+07
     78.03  1.296e+07
     82.03  1.191e+07
     86.03  1.098e+07
     90.04  1.016e+07
     94.04   9.44e+06
     98.04  8.789e+06
       102  8.199e+06
       106  7.661e+06
       110  7.175e+06
       114  6.742e+06
       118  6.347e+06
       122  5.973e+06
       126  5.629e+06
     130.1  5.316e+06
     134.1  5.028e+06
     138.1  4.767e+06
     142.1  4.526e+06
     146.1  4.303e+06
     150.1  4.098e+06
     154.1  3.905e+06
     158.1  3.722e+06
     162.1  3.551e+06
     166.1  3.396e+06
     170.1  3.251e+06
     174.1  3.115e+06
     178.1  2.987e+06
     182.1  2.868e+06
     186.1  2.752e+06
     190.1  2.646e+06
     194.1  2.548e+06
     198.1  2.453e+06
     202.1  2.363e+06
     206.1  2.277e+06
     210.1  2.196e+06
     214.1  2.117e+06
     218.1  2.045e+06
     222.1  1.976e+06
     226.1  1.918e+06
     230.1  1.858e+06
     234.1  1.799e+06
     238.1  1.742e+06
     242.1  1.687e+06
     246.1  1.634e+06
     250.1  1.584e+06
     254.1  1.535e+06
     258.1  1.489e+06
     262.1  1.445e+06
     266.1  1.402e+06
     270.1  1.362e+06
     274.1  1.324e+06
     278.1  1.288e+06
     282.1  1.253e+06
     286.1  1.219e+06
     290.1  1.186e+06
     294.1  1.155e+06
     298.1  1.125e+06
     302.1  1.095e+06
     306.1  1.067e+06
     310.1   1.04e+06
     314.1  1.014e+06
     318.1  9.889e+05
     322.1  9.645e+05
     326.1  9.409e+05
     330.1  9.183e+05
     334.1  8.963e+05
     338.1  8.753e+05
     342.1  8.548e+05
     346.1   8.35e+05
     350.1  8.161e+05
