     6.002  6.376e+08
        10  1.389e+08
     14.01   7.62e+07
     18.01  5.036e+07
     22.01  3.605e+07
     26.01  2.736e+07
     30.01  1.887e+07
     34.01  1.601e+07
     38.02  1.181e+07
     42.02  9.212e+06
     46.02  7.639e+06
     50.02   6.67e+06
     54.02  5.718e+06
     58.02  4.276e+06
     62.02  3.832e+06
     66.03  3.607e+06
     70.03  3.002e+06
     74.03  2.465e+06
     78.03  2.386e+06
     82.03  2.112e+06
     86.03  1.967e+06
     90.04  1.744e+06
     94.04  1.675e+06
     98.04  1.468e+06
       102  1.252e+06
       106  1.076e+06
       110  9.728e+05
       114  9.999e+05
       118  9.137e+05
       122  6.495e+05
       126  5.519e+05
     130.1  5.337e+05
     134.1  4.973e+05
     138.1   5.18e+05
     142.1  4.934e+05
     146.1  4.562e+05
     150.1  4.513e+05
     154.1  3.894e+05
     158.1  2.829e+05
     162.1  2.665e+05
     166.1  3.338e+05
     170.1  3.142e+05
     174.1  2.993e+05
     178.1  2.708e+05
     182.1  2.646e+05
     186.1  1.779e+05
     190.1  2.196e+05
     194.1  2.734e+05
     198.1    2.1e+05
     202.1  1.665e+05
     206.1  1.663e+05
     210.1  1.292e+05
     214.1  1.017e+05
     218.1  1.395e+05
     222.1  1.371e+05
     226.1  3.428e+05
     230.1   1.94e+05
     234.1   1.23e+05
     238.1  9.573e+04
     242.1  7.354e+04
     246.1   7.05e+04
     250.1  6.786e+04
     254.1  4.115e+04
     258.1  5.282e+04
     262.1  4.418e+04
     266.1  2.499e+04
     270.1  4.081e+04
     274.1    6.7e+04
     278.1  7.047e+04
     282.1  4.985e+04
     286.1  3.427e+04
     290.1  3.525e+04
     294.1  3.427e+04
     298.1  2.146e+04
     302.1  2.385e+04
     306.1   2.36e+04
     310.1  1.046e+04
     314.1   1.52e+04
     318.1  1.692e+04
     322.1       5767
     326.1       1885
     330.1       8298
     334.1          0
     338.1       7581
     342.1          0
     346.1          0
     350.1       5385
