    0.7783  9.745e+08
         1  3.478e+08
     1.146  1.969e+08
     1.255  1.328e+08
     1.343  9.797e+07
     1.415   7.64e+07
     1.477  6.113e+07
     1.532  5.056e+07
      1.58  4.243e+07
     1.623  3.611e+07
     1.663  3.117e+07
     1.699  2.726e+07
     1.733  2.407e+07
     1.764  2.135e+07
     1.793  1.909e+07
      1.82  1.721e+07
     1.845  1.559e+07
     1.869  1.417e+07
     1.892  1.296e+07
     1.914  1.191e+07
     1.935  1.098e+07
     1.954  1.016e+07
     1.973   9.44e+06
     1.991  8.789e+06
     2.009  8.199e+06
     2.025  7.661e+06
     2.042  7.175e+06
     2.057  6.742e+06
     2.072  6.347e+06
     2.087  5.973e+06
     2.101  5.629e+06
     2.114  5.316e+06
     2.127  5.028e+06
      2.14  4.767e+06
     2.152  4.526e+06
     2.165  4.303e+06
     2.176  4.098e+06
     2.188  3.905e+06
     2.199  3.722e+06
      2.21  3.551e+06
      2.22  3.396e+06
     2.231  3.251e+06
     2.241  3.115e+06
     2.251  2.987e+06
      2.26  2.868e+06
      2.27  2.752e+06
     2.279  2.646e+06
     2.288  2.548e+06
     2.297  2.453e+06
     2.306  2.363e+06
     2.314  2.277e+06
     2.322  2.196e+06
     2.331  2.117e+06
     2.339  2.045e+06
     2.347  1.976e+06
     2.354  1.918e+06
     2.362  1.858e+06
     2.369  1.799e+06
     2.377  1.742e+06
     2.384  1.687e+06
     2.391  1.634e+06
     2.398  1.584e+06
     2.405  1.535e+06
     2.412  1.489e+06
     2.418  1.445e+06
     2.425  1.402e+06
     2.432  1.362e+06
     2.438  1.324e+06
     2.444  1.288e+06
      2.45  1.253e+06
     2.457  1.219e+06
     2.463  1.186e+06
     2.469  1.155e+06
     2.474  1.125e+06
      2.48  1.095e+06
     2.486  1.067e+06
     2.492   1.04e+06
     2.497  1.014e+06
     2.503  9.889e+05
     2.508  9.645e+05
     2.513  9.409e+05
     2.519  9.183e+05
     2.524  8.963e+05
     2.529  8.753e+05
     2.534  8.548e+05
     2.539   8.35e+05
     2.544  8.161e+05
