    0.7783  6.376e+08
         1  1.389e+08
     1.146   7.62e+07
     1.255  5.036e+07
     1.343  3.605e+07
     1.415  2.736e+07
     1.477  1.887e+07
     1.532  1.601e+07
      1.58  1.181e+07
     1.623  9.212e+06
     1.663  7.639e+06
     1.699   6.67e+06
     1.733  5.718e+06
     1.764  4.276e+06
     1.793  3.832e+06
      1.82  3.607e+06
     1.845  3.002e+06
     1.869  2.465e+06
     1.892  2.386e+06
     1.914  2.112e+06
     1.935  1.967e+06
     1.954  1.744e+06
     1.973  1.675e+06
     1.991  1.468e+06
     2.009  1.252e+06
     2.025  1.076e+06
     2.042  9.728e+05
     2.057  9.999e+05
     2.072  9.137e+05
     2.087  6.495e+05
     2.101  5.519e+05
     2.114  5.337e+05
     2.127  4.973e+05
      2.14   5.18e+05
     2.152  4.934e+05
     2.165  4.562e+05
     2.176  4.513e+05
     2.188  3.894e+05
     2.199  2.829e+05
      2.21  2.665e+05
      2.22  3.338e+05
     2.231  3.142e+05
     2.241  2.993e+05
     2.251  2.708e+05
      2.26  2.646e+05
      2.27  1.779e+05
     2.279  2.196e+05
     2.288  2.734e+05
     2.297    2.1e+05
     2.306  1.665e+05
     2.314  1.663e+05
     2.322  1.292e+05
     2.331  1.017e+05
     2.339  1.395e+05
     2.347  1.371e+05
     2.354  3.428e+05
     2.362   1.94e+05
     2.369   1.23e+05
     2.377  9.573e+04
     2.384  7.354e+04
     2.391   7.05e+04
     2.398  6.786e+04
     2.405  4.115e+04
     2.412  5.282e+04
     2.418  4.418e+04
     2.425  2.499e+04
     2.432  4.081e+04
     2.438    6.7e+04
     2.444  7.047e+04
      2.45  4.985e+04
     2.457  3.427e+04
     2.463  3.525e+04
     2.469  3.427e+04
     2.474  2.146e+04
      2.48  2.385e+04
     2.486   2.36e+04
     2.492  1.046e+04
     2.497   1.52e+04
     2.503  1.692e+04
     2.508       5767
     2.513       1885
     2.519       8298
     2.524          0
     2.529       7581
     2.534          0
     2.539          0
     2.544       5385
