     2.001      18.85
     6.002      20.68
        10      21.31
     14.01      21.76
     18.01      22.03
     22.01      22.29
     26.01      22.56
     30.01      22.87
     34.01      23.14
     38.02      23.43
     42.02      23.66
     46.02      23.95
     50.02      24.08
     54.02      24.73
     58.02      24.88
     62.02      25.11
     66.03      25.68
     70.03      26.28
     74.03      26.32
     78.03      26.16
     82.03      26.69
     86.03      27.13
     90.04      27.37
     94.04      27.31
     98.04      27.82
       102      28.18
       106      28.07
       110      28.29
       114       28.4
       118      28.83
       122      29.46
       126      29.77
     130.1      29.82
     134.1      29.97
     138.1      30.05
     142.1      30.45
     146.1      30.56
     150.1      30.75
     154.1      31.73
     158.1      31.99
     162.1      31.63
     166.1       31.6
     170.1      31.88
     174.1      32.27
     178.1      32.39
     182.1      32.72
     186.1      32.76
     190.1      32.53
     194.1      32.35
     198.1      33.03
     202.1      33.32
     206.1      33.33
     210.1      33.96
     214.1      33.69
     218.1      33.62
     222.1       33.6
     226.1      33.85
     230.1      34.02
     234.1      34.02
     238.1      34.21
     242.1      34.32
     246.1      34.47
     250.1      34.46
     254.1      34.44
     258.1      34.58
     262.1      34.57
     266.1      34.65
     270.1      34.35
     274.1      34.25
     278.1      33.77
     282.1      33.92
     286.1      34.09
     290.1      33.88
     294.1      33.99
     298.1      33.94
     302.1      33.96
     306.1      34.22
     310.1      34.57
     314.1      33.67
     318.1      34.44
     322.1      35.06
     326.1       35.3
     330.1      34.68
     334.1      34.71
     338.1       34.4
     342.1      35.43
     346.1      33.45
     350.1      33.41
