     6.002  6.217e+08
        10  2.906e+08
        14  1.939e+08
        18  1.536e+08
     22.01   1.13e+08
     26.01  8.538e+07
     30.01  6.569e+07
     34.01  5.657e+07
     38.01  4.601e+07
     42.01  3.646e+07
     46.01  3.248e+07
     50.01  2.823e+07
     54.01  2.725e+07
     58.02  2.285e+07
     62.02  2.196e+07
     66.02  2.081e+07
     70.02  1.981e+07
     74.02  1.796e+07
     78.02  1.532e+07
     82.02  1.419e+07
     86.02  1.293e+07
     90.02  1.267e+07
     94.03  1.239e+07
     98.03  1.129e+07
       102  9.934e+06
       106  9.239e+06
       110  8.496e+06
       114  8.237e+06
       118  7.548e+06
       122  7.272e+06
       126  7.038e+06
       130  6.733e+06
       134  6.387e+06
       138   6.08e+06
       142  5.959e+06
       146  6.107e+06
       150  5.496e+06
       154  5.777e+06
       158  5.373e+06
       162  5.046e+06
       166  5.029e+06
       170  4.641e+06
       174  4.395e+06
       178  4.515e+06
     182.1  4.132e+06
     186.1  3.778e+06
     190.1  3.755e+06
     194.1  3.802e+06
     198.1  3.626e+06
     202.1  3.793e+06
     206.1  4.053e+06
     210.1   3.75e+06
     214.1  3.575e+06
     218.1  3.035e+06
     222.1  2.887e+06
     226.1  3.074e+06
     230.1  2.844e+06
     234.1  2.623e+06
     238.1  2.544e+06
     242.1  2.554e+06
     246.1    2.6e+06
     250.1  2.677e+06
     254.1  2.034e+06
     258.1  1.624e+06
     262.1  1.406e+06
     266.1   1.45e+06
     270.1  1.118e+06
     274.1   1.07e+06
     278.1  1.019e+06
     282.1  9.673e+05
     286.1  7.812e+05
     290.1  7.259e+05
     294.1  6.799e+05
     298.1  5.597e+05
     302.1  5.137e+05
     306.1  4.816e+05
     310.1  5.087e+05
     314.1  4.878e+05
     318.1  3.411e+05
     322.1  2.118e+05
     326.1  1.804e+05
     330.1  1.685e+05
     334.1  1.628e+05
     338.1  1.681e+05
     342.1  1.106e+05
     346.1  3.664e+04
     350.1  2.139e+04
