     6.002  7.066e+08
        10  3.946e+08
        14  2.831e+08
        18  2.264e+08
     22.01  1.856e+08
     26.01   1.55e+08
     30.01  1.313e+08
     34.01  1.138e+08
     38.01  9.955e+07
     42.01  8.757e+07
     46.01  7.801e+07
     50.01  7.006e+07
     54.01  6.372e+07
     58.02  5.809e+07
     62.02  5.344e+07
     66.02  4.949e+07
     70.02   4.61e+07
     74.02  4.306e+07
     78.02  4.022e+07
     82.02  3.768e+07
     86.02  3.538e+07
     90.02  3.336e+07
     94.03  3.158e+07
     98.03  2.992e+07
       102  2.835e+07
       106  2.691e+07
       110  2.557e+07
       114  2.436e+07
       118  2.322e+07
       122  2.217e+07
       126  2.121e+07
       130  2.032e+07
       134  1.949e+07
       138  1.871e+07
       142  1.799e+07
       146  1.734e+07
       150  1.671e+07
       154  1.614e+07
       158   1.56e+07
       162  1.508e+07
       166  1.459e+07
       170  1.412e+07
       174  1.368e+07
       178  1.327e+07
     182.1  1.286e+07
     186.1  1.247e+07
     190.1  1.211e+07
     194.1  1.176e+07
     198.1  1.143e+07
     202.1  1.113e+07
     206.1  1.086e+07
     210.1  1.059e+07
     214.1  1.032e+07
     218.1  1.006e+07
     222.1  9.799e+06
     226.1  9.561e+06
     230.1  9.327e+06
     234.1  9.098e+06
     238.1  8.878e+06
     242.1  8.668e+06
     246.1  8.471e+06
     250.1  8.286e+06
     254.1  8.089e+06
     258.1  7.888e+06
     262.1   7.69e+06
     266.1  7.503e+06
     270.1  7.314e+06
     274.1  7.131e+06
     278.1  6.955e+06
     282.1  6.786e+06
     286.1  6.618e+06
     290.1  6.455e+06
     294.1  6.298e+06
     298.1  6.144e+06
     302.1  5.995e+06
     306.1  5.851e+06
     310.1  5.713e+06
     314.1   5.58e+06
     318.1  5.448e+06
     322.1  5.318e+06
     326.1  5.192e+06
     330.1   5.07e+06
     334.1  4.952e+06
     338.1  4.839e+06
     342.1  4.729e+06
     346.1   4.62e+06
     350.1  4.515e+06
