    0.7783  7.066e+08
         1  3.946e+08
     1.146  2.831e+08
     1.255  2.264e+08
     1.343  1.856e+08
     1.415   1.55e+08
     1.477  1.313e+08
     1.532  1.138e+08
      1.58  9.955e+07
     1.623  8.757e+07
     1.663  7.801e+07
     1.699  7.006e+07
     1.733  6.372e+07
     1.764  5.809e+07
     1.793  5.344e+07
      1.82  4.949e+07
     1.845   4.61e+07
     1.869  4.306e+07
     1.892  4.022e+07
     1.914  3.768e+07
     1.935  3.538e+07
     1.954  3.336e+07
     1.973  3.158e+07
     1.991  2.992e+07
     2.009  2.835e+07
     2.025  2.691e+07
     2.042  2.557e+07
     2.057  2.436e+07
     2.072  2.322e+07
     2.086  2.217e+07
       2.1  2.121e+07
     2.114  2.032e+07
     2.127  1.949e+07
      2.14  1.871e+07
     2.152  1.799e+07
     2.164  1.734e+07
     2.176  1.671e+07
     2.188  1.614e+07
     2.199   1.56e+07
      2.21  1.508e+07
      2.22  1.459e+07
     2.231  1.412e+07
     2.241  1.368e+07
     2.251  1.327e+07
      2.26  1.286e+07
      2.27  1.247e+07
     2.279  1.211e+07
     2.288  1.176e+07
     2.297  1.143e+07
     2.305  1.113e+07
     2.314  1.086e+07
     2.322  1.059e+07
     2.331  1.032e+07
     2.339  1.006e+07
     2.346  9.799e+06
     2.354  9.561e+06
     2.362  9.327e+06
     2.369  9.098e+06
     2.377  8.878e+06
     2.384  8.668e+06
     2.391  8.471e+06
     2.398  8.286e+06
     2.405  8.089e+06
     2.412  7.888e+06
     2.418   7.69e+06
     2.425  7.503e+06
     2.431  7.314e+06
     2.438  7.131e+06
     2.444  6.955e+06
      2.45  6.786e+06
     2.456  6.618e+06
     2.463  6.455e+06
     2.468  6.298e+06
     2.474  6.144e+06
      2.48  5.995e+06
     2.486  5.851e+06
     2.491  5.713e+06
     2.497   5.58e+06
     2.503  5.448e+06
     2.508  5.318e+06
     2.513  5.192e+06
     2.519   5.07e+06
     2.524  4.952e+06
     2.529  4.839e+06
     2.534  4.729e+06
     2.539   4.62e+06
     2.544  4.515e+06
