    0.7783  6.217e+08
         1  2.906e+08
     1.146  1.939e+08
     1.255  1.536e+08
     1.343   1.13e+08
     1.415  8.538e+07
     1.477  6.569e+07
     1.532  5.657e+07
      1.58  4.601e+07
     1.623  3.646e+07
     1.663  3.248e+07
     1.699  2.823e+07
     1.733  2.725e+07
     1.764  2.285e+07
     1.793  2.196e+07
      1.82  2.081e+07
     1.845  1.981e+07
     1.869  1.796e+07
     1.892  1.532e+07
     1.914  1.419e+07
     1.935  1.293e+07
     1.954  1.267e+07
     1.973  1.239e+07
     1.991  1.129e+07
     2.009  9.934e+06
     2.025  9.239e+06
     2.042  8.496e+06
     2.057  8.237e+06
     2.072  7.548e+06
     2.086  7.272e+06
       2.1  7.038e+06
     2.114  6.733e+06
     2.127  6.387e+06
      2.14   6.08e+06
     2.152  5.959e+06
     2.164  6.107e+06
     2.176  5.496e+06
     2.188  5.777e+06
     2.199  5.373e+06
      2.21  5.046e+06
      2.22  5.029e+06
     2.231  4.641e+06
     2.241  4.395e+06
     2.251  4.515e+06
      2.26  4.132e+06
      2.27  3.778e+06
     2.279  3.755e+06
     2.288  3.802e+06
     2.297  3.626e+06
     2.305  3.793e+06
     2.314  4.053e+06
     2.322   3.75e+06
     2.331  3.575e+06
     2.339  3.035e+06
     2.346  2.887e+06
     2.354  3.074e+06
     2.362  2.844e+06
     2.369  2.623e+06
     2.377  2.544e+06
     2.384  2.554e+06
     2.391    2.6e+06
     2.398  2.677e+06
     2.405  2.034e+06
     2.412  1.624e+06
     2.418  1.406e+06
     2.425   1.45e+06
     2.431  1.118e+06
     2.438   1.07e+06
     2.444  1.019e+06
      2.45  9.673e+05
     2.456  7.812e+05
     2.463  7.259e+05
     2.468  6.799e+05
     2.474  5.597e+05
      2.48  5.137e+05
     2.486  4.816e+05
     2.491  5.087e+05
     2.497  4.878e+05
     2.503  3.411e+05
     2.508  2.118e+05
     2.513  1.804e+05
     2.519  1.685e+05
     2.524  1.628e+05
     2.529  1.681e+05
     2.534  1.106e+05
     2.539  3.664e+04
     2.544  2.139e+04
