     2.001      20.73
     6.002      20.95
        10      21.29
        14      21.58
        18      21.78
     22.01       22.1
     26.01      22.34
     30.01      22.49
     34.01      22.62
     38.01      22.78
     42.01      22.98
     46.01      23.11
     50.01      23.14
     54.01      23.28
     58.02      23.34
     62.02      23.45
     66.02       23.5
     70.02      23.61
     74.02      23.76
     78.02      23.81
     82.02      23.92
     86.02      23.97
     90.02      24.04
     94.03      24.11
     98.03      24.15
       102      24.37
       106      24.46
       110      24.55
       114      24.72
       118      24.79
       122      24.85
       126      24.82
       130       24.9
       134      25.07
       138      25.03
       142      25.09
       146      25.12
       150      25.19
       154      25.14
       158      25.25
       162      25.29
       166       25.4
       170      25.45
       174      25.51
       178      25.43
     182.1       25.6
     186.1      25.75
     190.1      25.63
     194.1      25.72
     198.1      25.87
     202.1      25.88
     206.1      25.92
     210.1       26.1
     214.1      26.12
     218.1      26.34
     222.1      26.25
     226.1      26.38
     230.1      26.27
     234.1      26.48
     238.1      26.58
     242.1      26.49
     246.1       26.5
     250.1      26.81
     254.1      27.04
     258.1      27.12
     262.1      27.11
     266.1       26.9
     270.1      27.26
     274.1      27.36
     278.1      26.78
     282.1      27.47
     286.1      27.66
     290.1      27.56
     294.1       27.8
     298.1      27.62
     302.1      28.02
     306.1      27.86
     310.1      27.92
     314.1      27.64
     318.1       28.4
     322.1      29.28
     326.1      28.69
     330.1      28.52
     334.1      28.31
     338.1      28.29
     342.1       29.3
     346.1      29.86
     350.1      31.01
