     6.047  2.479e+08
     10.08  4.809e+07
     14.11  2.247e+07
     18.14  1.251e+07
     22.17  5.786e+06
      26.2  4.798e+06
     30.24  3.147e+06
     34.27  2.387e+06
      38.3  1.892e+06
     42.33  1.813e+06
     46.36  1.292e+06
     50.39   1.71e+06
     54.43  1.628e+06
     58.46  1.173e+06
     62.49  1.118e+06
     66.52  8.176e+05
     70.55  8.624e+05
     74.58  1.334e+06
     78.61  8.164e+05
     82.65  4.988e+05
     86.68  4.766e+05
     90.71  2.792e+05
     94.74  1.227e+05
     98.77  3.627e+04
     102.8          0
     106.8  1.362e+04
     110.9       6734
     114.9          0
     118.9          0
       123          0
       127          0
       131       5746
     135.1       5458
     139.1       5361
     143.1          0
     147.1       4749
     151.2       4793
     155.2          0
     159.2       4593
     163.3          0
     167.3          0
     171.3          0
     175.4          0
     179.4          0
     183.4          0
     187.5          0
     191.5          0
     195.5          0
     199.6          0
     203.6          0
     207.6          0
     211.7          0
     215.7          0
     219.7          0
     223.7          0
     227.8          0
     231.8          0
     235.8          0
     239.9          0
     243.9          0
     247.9          0
       252          0
       256          0
       260          0
     264.1          0
     268.1          0
     272.1          0
     276.2          0
     280.2          0
     284.2          0
     288.3          0
     292.3          0
     296.3          0
     300.3          0
     304.4          0
     308.4          0
     312.4          0
     316.5          0
