     6.047  6.681e+08
     10.08  2.031e+08
     14.11  1.027e+08
     18.14  6.327e+07
     22.17  4.257e+07
      26.2  3.103e+07
     30.24  2.363e+07
     34.27  1.865e+07
      38.3  1.514e+07
     42.33   1.26e+07
     46.36  1.064e+07
     50.39  9.215e+06
     54.43  8.092e+06
     58.46  7.139e+06
     62.49  6.363e+06
     66.52  5.692e+06
     70.55   5.14e+06
     74.58  4.729e+06
     78.61  4.328e+06
     82.65  3.955e+06
     86.68  3.631e+06
     90.71  3.333e+06
     94.74   3.06e+06
     98.77  2.814e+06
     102.8  2.593e+06
     106.8  2.398e+06
     110.9  2.225e+06
     114.9  2.068e+06
     118.9  1.928e+06
       123  1.802e+06
       127  1.687e+06
       131  1.584e+06
     135.1   1.49e+06
     139.1  1.404e+06
     143.1  1.325e+06
     147.1  1.252e+06
     151.2  1.186e+06
     155.2  1.124e+06
     159.2  1.068e+06
     163.3  1.015e+06
     167.3   9.66e+05
     171.3  9.205e+05
     175.4  8.782e+05
     179.4  8.387e+05
     183.4  8.019e+05
     187.5  7.674e+05
     191.5  7.351e+05
     195.5  7.048e+05
     199.6  6.763e+05
     203.6  6.495e+05
     207.6  6.243e+05
     211.7  6.005e+05
     215.7  5.781e+05
     219.7  5.569e+05
     223.7  5.368e+05
     227.8  5.178e+05
     231.8  4.998e+05
     235.8  4.827e+05
     239.9  4.665e+05
     243.9   4.51e+05
     247.9  4.364e+05
       252  4.224e+05
       256  4.091e+05
       260  3.964e+05
     264.1  3.843e+05
     268.1  3.728e+05
     272.1  3.617e+05
     276.2  3.512e+05
     280.2  3.411e+05
     284.2  3.314e+05
     288.3  3.221e+05
     292.3  3.132e+05
     296.3  3.047e+05
     300.3  2.965e+05
     304.4  2.887e+05
     308.4  2.811e+05
     312.4  2.739e+05
     316.5  2.669e+05
