    0.7816  2.479e+08
     1.003  4.809e+07
      1.15  2.247e+07
     1.259  1.251e+07
     1.346  5.786e+06
     1.418  4.798e+06
     1.481  3.147e+06
     1.535  2.387e+06
     1.583  1.892e+06
     1.627  1.813e+06
     1.666  1.292e+06
     1.702   1.71e+06
     1.736  1.628e+06
     1.767  1.173e+06
     1.796  1.118e+06
     1.823  8.176e+05
     1.849  8.624e+05
     1.873  1.334e+06
     1.896  8.164e+05
     1.917  4.988e+05
     1.938  4.766e+05
     1.958  2.792e+05
     1.977  1.227e+05
     1.995  3.627e+04
     2.012          0
     2.029  1.362e+04
     2.045       6734
      2.06          0
     2.075          0
      2.09          0
     2.104          0
     2.117       5746
     2.131       5458
     2.143       5361
     2.156          0
     2.168       4749
     2.179       4793
     2.191          0
     2.202       4593
     2.213          0
     2.224          0
     2.234          0
     2.244          0
     2.254          0
     2.263          0
     2.273          0
     2.282          0
     2.291          0
       2.3          0
     2.309          0
     2.317          0
     2.326          0
     2.334          0
     2.342          0
      2.35          0
     2.358          0
     2.365          0
     2.373          0
      2.38          0
     2.387          0
     2.394          0
     2.401          0
     2.408          0
     2.415          0
     2.422          0
     2.428          0
     2.435          0
     2.441          0
     2.447          0
     2.454          0
      2.46          0
     2.466          0
     2.472          0
     2.478          0
     2.483          0
     2.489          0
     2.495          0
       2.5          0
