    0.7816  6.681e+08
     1.003  2.031e+08
      1.15  1.027e+08
     1.259  6.327e+07
     1.346  4.257e+07
     1.418  3.103e+07
     1.481  2.363e+07
     1.535  1.865e+07
     1.583  1.514e+07
     1.627   1.26e+07
     1.666  1.064e+07
     1.702  9.215e+06
     1.736  8.092e+06
     1.767  7.139e+06
     1.796  6.363e+06
     1.823  5.692e+06
     1.849   5.14e+06
     1.873  4.729e+06
     1.896  4.328e+06
     1.917  3.955e+06
     1.938  3.631e+06
     1.958  3.333e+06
     1.977   3.06e+06
     1.995  2.814e+06
     2.012  2.593e+06
     2.029  2.398e+06
     2.045  2.225e+06
      2.06  2.068e+06
     2.075  1.928e+06
      2.09  1.802e+06
     2.104  1.687e+06
     2.117  1.584e+06
     2.131   1.49e+06
     2.143  1.404e+06
     2.156  1.325e+06
     2.168  1.252e+06
     2.179  1.186e+06
     2.191  1.124e+06
     2.202  1.068e+06
     2.213  1.015e+06
     2.224   9.66e+05
     2.234  9.205e+05
     2.244  8.782e+05
     2.254  8.387e+05
     2.263  8.019e+05
     2.273  7.674e+05
     2.282  7.351e+05
     2.291  7.048e+05
       2.3  6.763e+05
     2.309  6.495e+05
     2.317  6.243e+05
     2.326  6.005e+05
     2.334  5.781e+05
     2.342  5.569e+05
      2.35  5.368e+05
     2.358  5.178e+05
     2.365  4.998e+05
     2.373  4.827e+05
      2.38  4.665e+05
     2.387   4.51e+05
     2.394  4.364e+05
     2.401  4.224e+05
     2.408  4.091e+05
     2.415  3.964e+05
     2.422  3.843e+05
     2.428  3.728e+05
     2.435  3.617e+05
     2.441  3.512e+05
     2.447  3.411e+05
     2.454  3.314e+05
      2.46  3.221e+05
     2.466  3.132e+05
     2.472  3.047e+05
     2.478  2.965e+05
     2.483  2.887e+05
     2.489  2.811e+05
     2.495  2.739e+05
       2.5  2.669e+05
