     2.016  4.827e+10
     6.047  7.675e+10
     10.08  9.333e+10
     14.11  1.062e+11
     18.14  1.163e+11
     22.17  1.223e+11
      26.2  1.283e+11
     30.24   1.33e+11
     34.27  1.372e+11
      38.3  1.408e+11
     42.33  1.448e+11
     46.36  1.479e+11
     50.39  1.524e+11
     54.43  1.571e+11
     58.46  1.608e+11
     62.49  1.645e+11
     66.52  1.674e+11
     70.55  1.707e+11
     74.58   1.76e+11
     78.61  1.795e+11
     82.65  1.817e+11
     86.68   1.84e+11
     90.71  1.854e+11
     94.74   1.86e+11
     98.77  1.862e+11
     102.8  1.862e+11
     106.8  1.863e+11
     110.9  1.863e+11
     114.9  1.863e+11
     118.9  1.863e+11
       123  1.863e+11
       127  1.863e+11
       131  1.863e+11
     135.1  1.864e+11
     139.1  1.864e+11
     143.1  1.864e+11
     147.1  1.865e+11
     151.2  1.865e+11
     155.2  1.865e+11
     159.2  1.865e+11
     163.3  1.865e+11
     167.3  1.865e+11
     171.3  1.865e+11
     175.4  1.865e+11
     179.4  1.865e+11
     183.4  1.865e+11
     187.5  1.865e+11
     191.5  1.865e+11
     195.5  1.865e+11
     199.6  1.865e+11
     203.6  1.865e+11
     207.6  1.865e+11
     211.7  1.865e+11
     215.7  1.865e+11
     219.7  1.865e+11
     223.7  1.865e+11
     227.8  1.865e+11
     231.8  1.865e+11
     235.8  1.865e+11
     239.9  1.865e+11
     243.9  1.865e+11
     247.9  1.865e+11
       252  1.865e+11
       256  1.865e+11
       260  1.865e+11
     264.1  1.865e+11
     268.1  1.865e+11
     272.1  1.865e+11
     276.2  1.865e+11
     280.2  1.865e+11
     284.2  1.865e+11
     288.3  1.865e+11
     292.3  1.865e+11
     296.3  1.865e+11
     300.3  1.865e+11
     304.4  1.865e+11
     308.4  1.865e+11
     312.4  1.865e+11
     316.5  1.865e+11
