     2.016  2.844e-16
     6.047  1.639e-17
     10.08  5.451e-18
     14.11  3.866e-18
     18.14  2.211e-18
     22.17  1.534e-18
      26.2  1.387e-18
     30.24  7.973e-19
     34.27  7.558e-19
      38.3  6.445e-19
     42.33  4.659e-19
     46.36  4.252e-19
     50.39  5.275e-19
     54.43  5.208e-19
     58.46  4.103e-19
     62.49  3.688e-19
     66.52  3.044e-19
     70.55   5.02e-19
     74.58  3.484e-19
     78.61  2.788e-19
     82.65  1.488e-19
     86.68  1.197e-19
     90.71  6.498e-20
     94.74  1.921e-20
     98.77  6.688e-21
     102.8  4.026e-21
     106.8  2.352e-21
     110.9  2.919e-21
     114.9      1e-23
     118.9      1e-23
       123  1.003e-23
       127  2.893e-21
       131  3.131e-21
     135.1  1.764e-21
     139.1  1.277e-21
     143.1  1.514e-21
     147.1  1.459e-21
     151.2  9.687e-22
     155.2  5.485e-23
     159.2  1.911e-21
     163.3  1.916e-23
     167.3      1e-23
     171.3      1e-23
     175.4      1e-23
     179.4      1e-23
     183.4      1e-23
     187.5      1e-23
     191.5      1e-23
     195.5      1e-23
     199.6      1e-23
     203.6      1e-23
     207.6      1e-23
     211.7      1e-23
     215.7      1e-23
     219.7      1e-23
     223.7      1e-23
     227.8      1e-23
     231.8      1e-23
     235.8      1e-23
     239.9      1e-23
     243.9      1e-23
     247.9      1e-23
       252      1e-23
       256      1e-23
       260      1e-23
     264.1      1e-23
     268.1      1e-23
     272.1      1e-23
     276.2      1e-23
     280.2      1e-23
     284.2      1e-23
     288.3      1e-23
     292.3      1e-23
     296.3      1e-23
     300.3      1e-23
     304.4      1e-23
     308.4      1e-23
     312.4      1e-23
     316.5      1e-23
