     2.016      18.02
     6.047       20.4
     10.08      21.49
     14.11      22.14
     18.14      22.77
     22.17       23.2
      26.2      23.86
     30.24      25.02
     34.27       26.4
      38.3      27.39
     42.33      29.32
     46.36      30.19
     50.39      30.67
     54.43       30.4
     58.46       30.3
     62.49      31.02
     66.52      31.96
     70.55      32.25
     74.58      32.91
     78.61      33.13
     82.65      33.67
     86.68      34.25
     90.71      34.31
     94.74      34.82
     98.77      35.22
     102.8      35.39
     106.8      35.38
     110.9      35.44
     114.9      35.52
     118.9      35.52
       123      35.52
       127      35.45
       131      35.44
     135.1      35.44
     139.1      35.47
     143.1      35.47
     147.1      35.44
     151.2      35.49
     155.2      35.51
     159.2      35.46
     163.3       35.5
     167.3      35.52
     171.3      35.52
     175.4      35.52
     179.4      35.52
     183.4      35.52
     187.5      35.52
     191.5      35.52
     195.5      35.52
     199.6      35.52
     203.6      35.52
     207.6      35.52
     211.7      35.52
     215.7      35.52
     219.7      35.52
     223.7      35.52
     227.8      35.52
     231.8      35.52
     235.8      35.52
     239.9      35.52
     243.9      35.52
     247.9      35.52
       252      35.52
       256      35.52
       260      35.52
     264.1      35.52
     268.1      35.52
     272.1      35.52
     276.2      35.52
     280.2      35.52
     284.2      35.52
     288.3      35.52
     292.3      35.52
     296.3      35.52
     300.3      35.52
     304.4      35.52
     308.4      35.52
     312.4      35.52
     316.5      35.52
