     2.016      16.88
     6.047      19.98
     10.08      21.17
     14.11      21.55
     18.14      22.15
     22.17      22.55
      26.2      22.66
     30.24      23.26
     34.27      23.32
      38.3      23.49
     42.33      23.85
     46.36      23.94
     50.39      23.71
     54.43      23.72
     58.46      23.98
     62.49       24.1
     66.52      24.31
     70.55      23.76
     74.58      24.16
     78.61       24.4
     82.65      25.08
     86.68      25.32
     90.71      25.98
     94.74      27.31
     98.77      28.45
     102.8         29
     106.8      29.59
     110.9      29.35
     114.9      35.52
     118.9      35.52
       123      35.51
       127      29.36
       131      29.28
     135.1       29.9
     139.1      30.25
     143.1      30.07
     147.1      30.11
     151.2      30.55
     155.2      33.67
     159.2      29.81
     163.3      34.81
     167.3      35.52
     171.3      35.52
     175.4      35.52
     179.4      35.52
     183.4      35.52
     187.5      35.52
     191.5      35.52
     195.5      35.52
     199.6      35.52
     203.6      35.52
     207.6      35.52
     211.7      35.52
     215.7      35.52
     219.7      35.52
     223.7      35.52
     227.8      35.52
     231.8      35.52
     235.8      35.52
     239.9      35.52
     243.9      35.52
     247.9      35.52
       252      35.52
       256      35.52
       260      35.52
     264.1      35.52
     268.1      35.52
     272.1      35.52
     276.2      35.52
     280.2      35.52
     284.2      35.52
     288.3      35.52
     292.3      35.52
     296.3      35.52
     300.3      35.52
     304.4      35.52
     308.4      35.52
     312.4      35.52
     316.5      35.52
