     6.002   6.33e+08
        10   3.45e+08
        14  2.431e+08
        18  1.712e+08
     22.01  1.384e+08
     26.01  1.131e+08
     30.01  9.453e+07
     34.01  7.742e+07
     38.01  6.249e+07
     42.01  5.506e+07
     46.01  4.757e+07
     50.01  4.206e+07
     54.01  3.798e+07
     58.02  3.473e+07
     62.02  3.243e+07
     66.02  2.994e+07
     70.02  2.963e+07
     74.02  2.743e+07
     78.02  2.468e+07
     82.02  2.225e+07
     86.02  2.108e+07
     90.02  1.812e+07
     94.03  1.614e+07
     98.03  1.536e+07
       102  1.572e+07
       106  1.387e+07
       110  1.207e+07
       114  1.145e+07
       118  1.004e+07
       122  1.065e+07
       126  1.053e+07
       130  9.828e+06
       134    8.9e+06
       138  8.752e+06
       142  8.179e+06
       146  7.743e+06
       150  6.849e+06
       154  6.499e+06
       158  5.915e+06
       162  5.496e+06
       166  5.425e+06
       170  4.979e+06
       174   5.14e+06
       178  4.801e+06
     182.1  4.202e+06
     186.1   4.19e+06
     190.1  4.126e+06
     194.1  4.139e+06
     198.1  4.026e+06
     202.1  4.113e+06
     206.1   4.01e+06
     210.1  4.133e+06
     214.1  4.185e+06
     218.1   4.29e+06
     222.1  3.627e+06
     226.1  3.502e+06
     230.1  3.429e+06
     234.1  3.304e+06
     238.1  3.152e+06
     242.1  3.198e+06
     246.1  3.058e+06
     250.1  3.217e+06
     254.1  2.639e+06
     258.1  2.155e+06
     262.1  2.137e+06
     266.1  1.681e+06
     270.1  1.369e+06
     274.1  1.244e+06
     278.1  1.093e+06
     282.1  9.426e+05
     286.1  7.815e+05
     290.1  6.442e+05
     294.1  5.797e+05
     298.1  5.283e+05
     302.1  4.696e+05
     306.1  3.991e+05
     310.1  3.981e+05
     314.1  3.123e+05
     318.1  2.454e+05
     322.1  3.377e+05
     326.1  2.899e+05
     330.1  1.591e+05
     334.1  1.614e+05
     338.1  1.401e+05
     342.1  1.388e+05
     346.1  4.758e+04
     350.1  3.755e+04
