     6.002  9.833e+08
        10  5.046e+08
        14  3.593e+08
        18   2.77e+08
     22.01  2.271e+08
     26.01  1.923e+08
     30.01  1.663e+08
     34.01  1.455e+08
     38.01  1.281e+08
     42.01  1.142e+08
     46.01  1.026e+08
     50.01  9.296e+07
     54.01  8.483e+07
     58.02  7.793e+07
     62.02  7.206e+07
     66.02  6.696e+07
     70.02   6.27e+07
     74.02  5.889e+07
     78.02  5.538e+07
     82.02  5.215e+07
     86.02  4.926e+07
     90.02   4.65e+07
     94.03  4.391e+07
     98.03  4.158e+07
       102  3.956e+07
       106  3.762e+07
       110  3.576e+07
       114  3.406e+07
       118  3.243e+07
       122    3.1e+07
       126   2.97e+07
       130  2.848e+07
       134  2.731e+07
       138  2.623e+07
       142  2.522e+07
       146  2.426e+07
       150  2.333e+07
       154  2.246e+07
       158  2.162e+07
       162  2.082e+07
       166  2.008e+07
       170  1.937e+07
       174  1.872e+07
       178  1.809e+07
     182.1  1.748e+07
     186.1  1.691e+07
     190.1  1.637e+07
     194.1  1.587e+07
     198.1  1.539e+07
     202.1  1.494e+07
     206.1  1.452e+07
     210.1  1.412e+07
     214.1  1.375e+07
     218.1   1.34e+07
     222.1  1.305e+07
     226.1  1.271e+07
     230.1  1.239e+07
     234.1  1.208e+07
     238.1  1.178e+07
     242.1   1.15e+07
     246.1  1.122e+07
     250.1  1.097e+07
     254.1   1.07e+07
     258.1  1.044e+07
     262.1  1.018e+07
     266.1  9.929e+06
     270.1  9.675e+06
     274.1  9.429e+06
     278.1  9.189e+06
     282.1  8.955e+06
     286.1  8.727e+06
     290.1  8.504e+06
     294.1  8.288e+06
     298.1   8.08e+06
     302.1  7.878e+06
     306.1  7.683e+06
     310.1  7.495e+06
     314.1  7.312e+06
     318.1  7.134e+06
     322.1  6.965e+06
     326.1  6.801e+06
     330.1   6.64e+06
     334.1  6.485e+06
     338.1  6.335e+06
     342.1   6.19e+06
     346.1  6.048e+06
     350.1  5.911e+06
