    0.7783  9.833e+08
         1  5.046e+08
     1.146  3.593e+08
     1.255   2.77e+08
     1.343  2.271e+08
     1.415  1.923e+08
     1.477  1.663e+08
     1.532  1.455e+08
      1.58  1.281e+08
     1.623  1.142e+08
     1.663  1.026e+08
     1.699  9.296e+07
     1.733  8.483e+07
     1.764  7.793e+07
     1.793  7.206e+07
      1.82  6.696e+07
     1.845   6.27e+07
     1.869  5.889e+07
     1.892  5.538e+07
     1.914  5.215e+07
     1.935  4.926e+07
     1.954   4.65e+07
     1.973  4.391e+07
     1.991  4.158e+07
     2.009  3.956e+07
     2.025  3.762e+07
     2.042  3.576e+07
     2.057  3.406e+07
     2.072  3.243e+07
     2.086    3.1e+07
       2.1   2.97e+07
     2.114  2.848e+07
     2.127  2.731e+07
      2.14  2.623e+07
     2.152  2.522e+07
     2.164  2.426e+07
     2.176  2.333e+07
     2.188  2.246e+07
     2.199  2.162e+07
      2.21  2.082e+07
      2.22  2.008e+07
     2.231  1.937e+07
     2.241  1.872e+07
     2.251  1.809e+07
      2.26  1.748e+07
      2.27  1.691e+07
     2.279  1.637e+07
     2.288  1.587e+07
     2.297  1.539e+07
     2.305  1.494e+07
     2.314  1.452e+07
     2.322  1.412e+07
     2.331  1.375e+07
     2.339   1.34e+07
     2.346  1.305e+07
     2.354  1.271e+07
     2.362  1.239e+07
     2.369  1.208e+07
     2.377  1.178e+07
     2.384   1.15e+07
     2.391  1.122e+07
     2.398  1.097e+07
     2.405   1.07e+07
     2.412  1.044e+07
     2.418  1.018e+07
     2.425  9.929e+06
     2.431  9.675e+06
     2.438  9.429e+06
     2.444  9.189e+06
      2.45  8.955e+06
     2.456  8.727e+06
     2.463  8.504e+06
     2.468  8.288e+06
     2.474   8.08e+06
      2.48  7.878e+06
     2.486  7.683e+06
     2.491  7.495e+06
     2.497  7.312e+06
     2.503  7.134e+06
     2.508  6.965e+06
     2.513  6.801e+06
     2.519   6.64e+06
     2.524  6.485e+06
     2.529  6.335e+06
     2.534   6.19e+06
     2.539  6.048e+06
     2.544  5.911e+06
