    0.7783   6.33e+08
         1   3.45e+08
     1.146  2.431e+08
     1.255  1.712e+08
     1.343  1.384e+08
     1.415  1.131e+08
     1.477  9.453e+07
     1.532  7.742e+07
      1.58  6.249e+07
     1.623  5.506e+07
     1.663  4.757e+07
     1.699  4.206e+07
     1.733  3.798e+07
     1.764  3.473e+07
     1.793  3.243e+07
      1.82  2.994e+07
     1.845  2.963e+07
     1.869  2.743e+07
     1.892  2.468e+07
     1.914  2.225e+07
     1.935  2.108e+07
     1.954  1.812e+07
     1.973  1.614e+07
     1.991  1.536e+07
     2.009  1.572e+07
     2.025  1.387e+07
     2.042  1.207e+07
     2.057  1.145e+07
     2.072  1.004e+07
     2.086  1.065e+07
       2.1  1.053e+07
     2.114  9.828e+06
     2.127    8.9e+06
      2.14  8.752e+06
     2.152  8.179e+06
     2.164  7.743e+06
     2.176  6.849e+06
     2.188  6.499e+06
     2.199  5.915e+06
      2.21  5.496e+06
      2.22  5.425e+06
     2.231  4.979e+06
     2.241   5.14e+06
     2.251  4.801e+06
      2.26  4.202e+06
      2.27   4.19e+06
     2.279  4.126e+06
     2.288  4.139e+06
     2.297  4.026e+06
     2.305  4.113e+06
     2.314   4.01e+06
     2.322  4.133e+06
     2.331  4.185e+06
     2.339   4.29e+06
     2.346  3.627e+06
     2.354  3.502e+06
     2.362  3.429e+06
     2.369  3.304e+06
     2.377  3.152e+06
     2.384  3.198e+06
     2.391  3.058e+06
     2.398  3.217e+06
     2.405  2.639e+06
     2.412  2.155e+06
     2.418  2.137e+06
     2.425  1.681e+06
     2.431  1.369e+06
     2.438  1.244e+06
     2.444  1.093e+06
      2.45  9.426e+05
     2.456  7.815e+05
     2.463  6.442e+05
     2.468  5.797e+05
     2.474  5.283e+05
      2.48  4.696e+05
     2.486  3.991e+05
     2.491  3.981e+05
     2.497  3.123e+05
     2.503  2.454e+05
     2.508  3.377e+05
     2.513  2.899e+05
     2.519  1.591e+05
     2.524  1.614e+05
     2.529  1.401e+05
     2.534  1.388e+05
     2.539  4.758e+04
     2.544  3.755e+04
