     2.001       19.5
     6.002      20.72
        10      20.84
        14      21.01
        18      21.12
     22.01      21.37
     26.01      21.61
     30.01      21.82
     34.01         22
     38.01      22.17
     42.01      22.31
     46.01      22.43
     50.01       22.6
     54.01      22.68
     58.02       22.7
     62.02      22.74
     66.02      22.82
     70.02      22.97
     74.02      23.11
     78.02      23.23
     82.02      23.36
     86.02      23.42
     90.02      23.45
     94.03      23.54
     98.03      23.64
       102      23.77
       106       23.9
       110      23.89
       114      24.02
       118      24.13
       122      24.11
       126       24.2
       130      24.32
       134      24.44
       138      24.55
       142      24.63
       146      24.72
       150      24.75
       154      24.87
       158      24.96
       162      25.01
       166      25.17
       170      25.19
       174      25.23
       178      25.32
     182.1      25.38
     186.1       25.4
     190.1      25.45
     194.1      25.44
     198.1      25.55
     202.1      25.64
     206.1      25.66
     210.1      25.54
     214.1      25.61
     218.1      25.63
     222.1      25.75
     226.1      25.77
     230.1       25.8
     234.1      26.09
     238.1      25.93
     242.1      25.95
     246.1         26
     250.1      26.03
     254.1      26.17
     258.1      26.27
     262.1      26.24
     266.1      26.26
     270.1      26.42
     274.1       26.4
     278.1      26.28
     282.1      26.44
     286.1      26.59
     290.1      26.95
     294.1      26.81
     298.1      26.78
     302.1      26.75
     306.1      26.89
     310.1       26.7
     314.1      27.38
     318.1      26.86
     322.1      26.42
     326.1      26.88
     330.1      26.95
     334.1      27.11
     338.1      26.81
     342.1      26.78
     346.1       27.2
     350.1      26.19
