     6.002  1.449e+09
        10  7.566e+08
        14   5.24e+08
        18  3.974e+08
     22.01  3.149e+08
     26.01  2.624e+08
     30.01  2.273e+08
     34.01  1.998e+08
     38.01  1.768e+08
     42.01  1.571e+08
     46.01  1.405e+08
     50.01  1.257e+08
     54.01  1.133e+08
     58.02  1.025e+08
     62.02  9.327e+07
     66.02   8.53e+07
     70.02  7.835e+07
     74.02  7.225e+07
     78.02  6.688e+07
     82.02    6.2e+07
     86.02  5.778e+07
     90.02   5.41e+07
     94.03  5.065e+07
     98.03   4.76e+07
       102  4.481e+07
       106  4.226e+07
       110  3.998e+07
       114  3.785e+07
       118  3.592e+07
       122  3.417e+07
       126   3.25e+07
       130  3.098e+07
       134  2.956e+07
       138  2.825e+07
       142  2.702e+07
       146  2.587e+07
       150  2.479e+07
       154  2.378e+07
       158  2.285e+07
       162  2.198e+07
       166  2.117e+07
       170  2.041e+07
       174  1.971e+07
       178  1.907e+07
     182.1  1.845e+07
     186.1  1.788e+07
     190.1  1.732e+07
     194.1  1.679e+07
     198.1  1.629e+07
     202.1  1.583e+07
     206.1  1.537e+07
     210.1  1.494e+07
     214.1  1.453e+07
     218.1  1.414e+07
     222.1  1.377e+07
     226.1  1.341e+07
     230.1  1.307e+07
     234.1  1.274e+07
     238.1  1.243e+07
     242.1  1.212e+07
     246.1  1.182e+07
     250.1  1.154e+07
     254.1  1.125e+07
     258.1  1.096e+07
     262.1  1.068e+07
     266.1  1.041e+07
     270.1  1.014e+07
     274.1  9.872e+06
     278.1  9.614e+06
     282.1  9.366e+06
     286.1  9.124e+06
     290.1  8.893e+06
     294.1  8.671e+06
     298.1  8.451e+06
     302.1  8.238e+06
     306.1  8.032e+06
     310.1  7.837e+06
     314.1  7.648e+06
     318.1  7.467e+06
     322.1  7.288e+06
     326.1  7.114e+06
     330.1  6.944e+06
     334.1   6.78e+06
     338.1  6.621e+06
     342.1  6.468e+06
     346.1  6.319e+06
     350.1  6.175e+06
