     6.002  1.104e+09
        10   5.26e+08
        14  3.379e+08
        18  2.347e+08
     22.01  1.682e+08
     26.01   1.43e+08
     30.01    1.3e+08
     34.01  1.102e+08
     38.01  8.987e+07
     42.01  7.351e+07
     46.01  6.101e+07
     50.01   4.81e+07
     54.01  4.207e+07
     58.02  3.463e+07
     62.02  3.094e+07
     66.02  2.747e+07
     70.02  2.446e+07
     74.02  2.182e+07
     78.02  1.988e+07
     82.02  1.687e+07
     86.02  1.659e+07
     90.02  1.635e+07
     94.03  1.355e+07
     98.03  1.321e+07
       102  1.205e+07
       106  1.102e+07
       110  1.093e+07
       114  9.619e+06
       118  9.304e+06
       122  9.206e+06
       126  7.948e+06
       130  7.714e+06
       134  7.267e+06
       138  6.874e+06
       142  6.433e+06
       146  6.052e+06
       150  5.534e+06
       154  5.516e+06
       158  5.238e+06
       162  5.397e+06
       166  5.156e+06
       170  4.867e+06
       174  5.244e+06
       178  5.477e+06
     182.1  5.005e+06
     186.1  5.117e+06
     190.1   4.62e+06
     194.1  4.404e+06
     198.1   4.46e+06
     202.1  4.608e+06
     206.1  4.061e+06
     210.1  4.108e+06
     214.1   3.97e+06
     218.1  3.941e+06
     222.1   3.78e+06
     226.1  3.634e+06
     230.1  3.681e+06
     234.1  3.492e+06
     238.1  3.508e+06
     242.1  3.046e+06
     246.1  2.928e+06
     250.1  2.923e+06
     254.1  2.266e+06
     258.1   1.94e+06
     262.1  1.968e+06
     266.1  1.499e+06
     270.1  1.301e+06
     274.1   1.01e+06
     278.1  9.118e+05
     282.1  8.698e+05
     286.1  7.212e+05
     290.1  7.539e+05
     294.1  7.243e+05
     298.1  4.819e+05
     302.1  3.993e+05
     306.1   3.68e+05
     310.1  4.718e+05
     314.1  4.357e+05
     318.1  4.213e+05
     322.1  2.841e+05
     326.1  1.887e+05
     330.1  1.151e+05
     334.1   8.57e+04
     338.1  7.167e+04
     342.1  5.332e+04
     346.1  3.766e+04
     350.1  3.162e+04
