    0.7783  1.104e+09
         1   5.26e+08
     1.146  3.379e+08
     1.255  2.347e+08
     1.343  1.682e+08
     1.415   1.43e+08
     1.477    1.3e+08
     1.532  1.102e+08
      1.58  8.987e+07
     1.623  7.351e+07
     1.663  6.101e+07
     1.699   4.81e+07
     1.733  4.207e+07
     1.764  3.463e+07
     1.793  3.094e+07
      1.82  2.747e+07
     1.845  2.446e+07
     1.869  2.182e+07
     1.892  1.988e+07
     1.914  1.687e+07
     1.935  1.659e+07
     1.954  1.635e+07
     1.973  1.355e+07
     1.991  1.321e+07
     2.009  1.205e+07
     2.025  1.102e+07
     2.042  1.093e+07
     2.057  9.619e+06
     2.072  9.304e+06
     2.086  9.206e+06
       2.1  7.948e+06
     2.114  7.714e+06
     2.127  7.267e+06
      2.14  6.874e+06
     2.152  6.433e+06
     2.164  6.052e+06
     2.176  5.534e+06
     2.188  5.516e+06
     2.199  5.238e+06
      2.21  5.397e+06
      2.22  5.156e+06
     2.231  4.867e+06
     2.241  5.244e+06
     2.251  5.477e+06
      2.26  5.005e+06
      2.27  5.117e+06
     2.279   4.62e+06
     2.288  4.404e+06
     2.297   4.46e+06
     2.305  4.608e+06
     2.314  4.061e+06
     2.322  4.108e+06
     2.331   3.97e+06
     2.339  3.941e+06
     2.346   3.78e+06
     2.354  3.634e+06
     2.362  3.681e+06
     2.369  3.492e+06
     2.377  3.508e+06
     2.384  3.046e+06
     2.391  2.928e+06
     2.398  2.923e+06
     2.405  2.266e+06
     2.412   1.94e+06
     2.418  1.968e+06
     2.425  1.499e+06
     2.431  1.301e+06
     2.438   1.01e+06
     2.444  9.118e+05
      2.45  8.698e+05
     2.456  7.212e+05
     2.463  7.539e+05
     2.468  7.243e+05
     2.474  4.819e+05
      2.48  3.993e+05
     2.486   3.68e+05
     2.491  4.718e+05
     2.497  4.357e+05
     2.503  4.213e+05
     2.508  2.841e+05
     2.513  1.887e+05
     2.519  1.151e+05
     2.524   8.57e+04
     2.529  7.167e+04
     2.534  5.332e+04
     2.539  3.766e+04
     2.544  3.162e+04
