    0.7783  1.449e+09
         1  7.566e+08
     1.146   5.24e+08
     1.255  3.974e+08
     1.343  3.149e+08
     1.415  2.624e+08
     1.477  2.273e+08
     1.532  1.998e+08
      1.58  1.768e+08
     1.623  1.571e+08
     1.663  1.405e+08
     1.699  1.257e+08
     1.733  1.133e+08
     1.764  1.025e+08
     1.793  9.327e+07
      1.82   8.53e+07
     1.845  7.835e+07
     1.869  7.225e+07
     1.892  6.688e+07
     1.914    6.2e+07
     1.935  5.778e+07
     1.954   5.41e+07
     1.973  5.065e+07
     1.991   4.76e+07
     2.009  4.481e+07
     2.025  4.226e+07
     2.042  3.998e+07
     2.057  3.785e+07
     2.072  3.592e+07
     2.086  3.417e+07
       2.1   3.25e+07
     2.114  3.098e+07
     2.127  2.956e+07
      2.14  2.825e+07
     2.152  2.702e+07
     2.164  2.587e+07
     2.176  2.479e+07
     2.188  2.378e+07
     2.199  2.285e+07
      2.21  2.198e+07
      2.22  2.117e+07
     2.231  2.041e+07
     2.241  1.971e+07
     2.251  1.907e+07
      2.26  1.845e+07
      2.27  1.788e+07
     2.279  1.732e+07
     2.288  1.679e+07
     2.297  1.629e+07
     2.305  1.583e+07
     2.314  1.537e+07
     2.322  1.494e+07
     2.331  1.453e+07
     2.339  1.414e+07
     2.346  1.377e+07
     2.354  1.341e+07
     2.362  1.307e+07
     2.369  1.274e+07
     2.377  1.243e+07
     2.384  1.212e+07
     2.391  1.182e+07
     2.398  1.154e+07
     2.405  1.125e+07
     2.412  1.096e+07
     2.418  1.068e+07
     2.425  1.041e+07
     2.431  1.014e+07
     2.438  9.872e+06
     2.444  9.614e+06
      2.45  9.366e+06
     2.456  9.124e+06
     2.463  8.893e+06
     2.468  8.671e+06
     2.474  8.451e+06
      2.48  8.238e+06
     2.486  8.032e+06
     2.491  7.837e+06
     2.497  7.648e+06
     2.503  7.467e+06
     2.508  7.288e+06
     2.513  7.114e+06
     2.519  6.944e+06
     2.524   6.78e+06
     2.529  6.621e+06
     2.534  6.468e+06
     2.539  6.319e+06
     2.544  6.175e+06
