     2.001         20
     6.002      20.21
        10      20.44
        14      20.68
        18      20.94
     22.01       21.1
     26.01      21.31
     30.01      21.49
     34.01      21.73
     38.01      21.91
     42.01      22.16
     46.01      22.37
     50.01      22.52
     54.01      22.59
     58.02      22.76
     62.02      22.95
     66.02      23.07
     70.02      23.21
     74.02      23.27
     78.02      23.42
     82.02      23.55
     86.02      23.55
     90.02      23.62
     94.03      23.75
     98.03      23.74
       102      23.76
       106      23.89
       110      23.98
       114      24.19
       118      24.26
       122      24.31
       126       24.5
       130       24.5
       134      24.53
       138      24.56
       142      24.67
       146      24.73
       150      24.87
       154      24.93
       158      24.95
       162      24.91
       166      25.06
       170       25.1
       174      25.09
       178      25.14
     182.1      25.22
     186.1       25.2
     190.1      25.35
     194.1      25.42
     198.1       25.4
     202.1       25.5
     206.1      25.64
     210.1      25.72
     214.1      25.76
     218.1      25.82
     222.1      25.94
     226.1      25.87
     230.1      25.87
     234.1      26.13
     238.1      26.24
     242.1      26.39
     246.1      26.25
     250.1      26.44
     254.1      26.88
     258.1      26.75
     262.1      26.74
     266.1      26.93
     270.1      27.02
     274.1      27.33
     278.1      27.33
     282.1      27.44
     286.1      27.27
     290.1       27.4
     294.1      27.76
     298.1      27.76
     302.1      28.38
     306.1       28.3
     310.1      27.78
     314.1      27.72
     318.1      27.61
     322.1       28.4
     326.1      28.47
     330.1      28.73
     334.1      29.24
     338.1      28.99
     342.1       28.3
     346.1      29.67
     350.1      30.83
