     6.002  8.889e+08
        10  1.708e+08
        14  7.093e+07
     18.01  4.334e+07
     22.01  3.316e+07
     26.01  2.942e+07
     30.01  2.523e+07
     34.01  1.769e+07
     38.01  1.185e+07
     42.01  9.343e+06
     46.01   6.03e+06
     50.02  4.653e+06
     54.02  4.218e+06
     58.02  3.027e+06
     62.02  2.849e+06
     66.02  2.795e+06
     70.02  2.514e+06
     74.02   2.23e+06
     78.02  2.166e+06
     82.03  1.615e+06
     86.03  1.451e+06
     90.03  1.691e+06
     94.03  1.734e+06
     98.03  1.519e+06
       102  1.289e+06
       106  1.022e+06
       110  8.318e+05
       114   7.74e+05
       118  7.889e+05
       122  8.644e+05
       126  5.561e+05
       130  6.999e+05
       134  5.483e+05
       138  3.314e+05
       142  3.163e+05
       146  3.501e+05
       150  3.569e+05
       154  2.177e+05
       158  2.553e+05
     162.1   2.48e+05
     166.1  2.204e+05
     170.1  2.834e+05
     174.1  2.427e+05
     178.1  4.058e+05
     182.1  3.738e+05
     186.1  2.742e+05
     190.1  2.357e+05
     194.1  2.034e+05
     198.1  2.366e+05
     202.1  1.952e+05
     206.1  1.668e+05
     210.1  1.855e+05
     214.1  2.148e+05
     218.1  2.058e+05
     222.1  2.638e+05
     226.1  2.092e+05
     230.1  1.995e+05
     234.1   1.29e+05
     238.1  9.744e+04
     242.1  7.553e+04
     246.1  7.681e+04
     250.1  5.166e+04
     254.1  5.481e+04
     258.1  7.001e+04
     262.1   5.28e+04
     266.1  5.106e+04
     270.1   3.67e+04
     274.1  3.601e+04
     278.1  5.006e+04
     282.1   1.26e+04
     286.1  2.194e+04
     290.1  2.589e+04
     294.1   2.73e+04
     298.1  1.889e+04
     302.1       6533
     306.1  1.504e+04
     310.1  1.475e+04
     314.1  1.265e+04
     318.1       6478
     322.1       4205
     326.1       3940
     330.1       4265
     334.1       1998
     338.1       1869
     342.1       1847
     346.1          0
     350.1       3825
