     6.002  1.411e+09
        10  4.808e+08
        14  2.531e+08
     18.01  1.613e+08
     22.01  1.152e+08
     26.01  8.898e+07
     30.01  7.207e+07
     34.01  5.932e+07
     38.01  4.936e+07
     42.01  4.176e+07
     46.01  3.556e+07
     50.02  3.062e+07
     54.02  2.671e+07
     58.02  2.345e+07
     62.02   2.08e+07
     66.02  1.862e+07
     70.02  1.678e+07
     74.02  1.521e+07
     78.02  1.387e+07
     82.03  1.267e+07
     86.03  1.163e+07
     90.03  1.075e+07
     94.03  9.981e+06
     98.03  9.291e+06
       102  8.663e+06
       106  8.087e+06
       110  7.559e+06
       114  7.083e+06
       118  6.657e+06
       122  6.277e+06
       126  5.914e+06
       130  5.593e+06
       134  5.292e+06
       138  5.005e+06
       142   4.74e+06
       146    4.5e+06
       150  4.279e+06
       154  4.068e+06
       158  3.875e+06
     162.1  3.696e+06
     166.1  3.528e+06
     170.1  3.376e+06
     174.1  3.232e+06
     178.1  3.105e+06
     182.1  2.985e+06
     186.1  2.868e+06
     190.1  2.757e+06
     194.1  2.652e+06
     198.1  2.554e+06
     202.1  2.461e+06
     206.1  2.372e+06
     210.1  2.289e+06
     214.1  2.211e+06
     218.1  2.138e+06
     222.1   2.07e+06
     226.1  2.004e+06
     230.1  1.941e+06
     234.1  1.879e+06
     238.1   1.82e+06
     242.1  1.762e+06
     246.1  1.707e+06
     250.1  1.654e+06
     254.1  1.604e+06
     258.1  1.556e+06
     262.1   1.51e+06
     266.1  1.466e+06
     270.1  1.424e+06
     274.1  1.384e+06
     278.1  1.345e+06
     282.1  1.307e+06
     286.1  1.271e+06
     290.1  1.237e+06
     294.1  1.204e+06
     298.1  1.172e+06
     302.1  1.141e+06
     306.1  1.112e+06
     310.1  1.084e+06
     314.1  1.056e+06
     318.1   1.03e+06
     322.1  1.004e+06
     326.1  9.799e+05
     330.1  9.563e+05
     334.1  9.334e+05
     338.1  9.114e+05
     342.1  8.901e+05
     346.1  8.695e+05
     350.1  8.497e+05
