    0.7783  8.889e+08
         1  1.708e+08
     1.146  7.093e+07
     1.255  4.334e+07
     1.343  3.316e+07
     1.415  2.942e+07
     1.477  2.523e+07
     1.532  1.769e+07
      1.58  1.185e+07
     1.623  9.343e+06
     1.663   6.03e+06
     1.699  4.653e+06
     1.733  4.218e+06
     1.764  3.027e+06
     1.793  2.849e+06
      1.82  2.795e+06
     1.845  2.514e+06
     1.869   2.23e+06
     1.892  2.166e+06
     1.914  1.615e+06
     1.935  1.451e+06
     1.954  1.691e+06
     1.973  1.734e+06
     1.991  1.519e+06
     2.009  1.289e+06
     2.025  1.022e+06
     2.042  8.318e+05
     2.057   7.74e+05
     2.072  7.889e+05
     2.086  8.644e+05
     2.101  5.561e+05
     2.114  6.999e+05
     2.127  5.483e+05
      2.14  3.314e+05
     2.152  3.163e+05
     2.164  3.501e+05
     2.176  3.569e+05
     2.188  2.177e+05
     2.199  2.553e+05
      2.21   2.48e+05
      2.22  2.204e+05
     2.231  2.834e+05
     2.241  2.427e+05
     2.251  4.058e+05
      2.26  3.738e+05
      2.27  2.742e+05
     2.279  2.357e+05
     2.288  2.034e+05
     2.297  2.366e+05
     2.305  1.952e+05
     2.314  1.668e+05
     2.322  1.855e+05
     2.331  2.148e+05
     2.339  2.058e+05
     2.346  2.638e+05
     2.354  2.092e+05
     2.362  1.995e+05
     2.369   1.29e+05
     2.377  9.744e+04
     2.384  7.553e+04
     2.391  7.681e+04
     2.398  5.166e+04
     2.405  5.481e+04
     2.412  7.001e+04
     2.418   5.28e+04
     2.425  5.106e+04
     2.432   3.67e+04
     2.438  3.601e+04
     2.444  5.006e+04
      2.45   1.26e+04
     2.457  2.194e+04
     2.463  2.589e+04
     2.468   2.73e+04
     2.474  1.889e+04
      2.48       6533
     2.486  1.504e+04
     2.491  1.475e+04
     2.497  1.265e+04
     2.503       6478
     2.508       4205
     2.513       3940
     2.519       4265
     2.524       1998
     2.529       1869
     2.534       1847
     2.539          0
     2.544       3825
