    0.7783  1.411e+09
         1  4.808e+08
     1.146  2.531e+08
     1.255  1.613e+08
     1.343  1.152e+08
     1.415  8.898e+07
     1.477  7.207e+07
     1.532  5.932e+07
      1.58  4.936e+07
     1.623  4.176e+07
     1.663  3.556e+07
     1.699  3.062e+07
     1.733  2.671e+07
     1.764  2.345e+07
     1.793   2.08e+07
      1.82  1.862e+07
     1.845  1.678e+07
     1.869  1.521e+07
     1.892  1.387e+07
     1.914  1.267e+07
     1.935  1.163e+07
     1.954  1.075e+07
     1.973  9.981e+06
     1.991  9.291e+06
     2.009  8.663e+06
     2.025  8.087e+06
     2.042  7.559e+06
     2.057  7.083e+06
     2.072  6.657e+06
     2.086  6.277e+06
     2.101  5.914e+06
     2.114  5.593e+06
     2.127  5.292e+06
      2.14  5.005e+06
     2.152   4.74e+06
     2.164    4.5e+06
     2.176  4.279e+06
     2.188  4.068e+06
     2.199  3.875e+06
      2.21  3.696e+06
      2.22  3.528e+06
     2.231  3.376e+06
     2.241  3.232e+06
     2.251  3.105e+06
      2.26  2.985e+06
      2.27  2.868e+06
     2.279  2.757e+06
     2.288  2.652e+06
     2.297  2.554e+06
     2.305  2.461e+06
     2.314  2.372e+06
     2.322  2.289e+06
     2.331  2.211e+06
     2.339  2.138e+06
     2.346   2.07e+06
     2.354  2.004e+06
     2.362  1.941e+06
     2.369  1.879e+06
     2.377   1.82e+06
     2.384  1.762e+06
     2.391  1.707e+06
     2.398  1.654e+06
     2.405  1.604e+06
     2.412  1.556e+06
     2.418   1.51e+06
     2.425  1.466e+06
     2.432  1.424e+06
     2.438  1.384e+06
     2.444  1.345e+06
      2.45  1.307e+06
     2.457  1.271e+06
     2.463  1.237e+06
     2.468  1.204e+06
     2.474  1.172e+06
      2.48  1.141e+06
     2.486  1.112e+06
     2.491  1.084e+06
     2.497  1.056e+06
     2.503   1.03e+06
     2.508  1.004e+06
     2.513  9.799e+05
     2.519  9.563e+05
     2.524  9.334e+05
     2.529  9.114e+05
     2.534  8.901e+05
     2.539  8.695e+05
     2.544  8.497e+05
