     2.001         18
     6.002       19.4
        10       20.2
        14      20.65
     18.01      20.97
     22.01      21.21
     26.01      21.37
     30.01      21.82
     34.01      22.28
     38.01      22.65
     42.01      23.11
     46.01      23.84
     50.02       23.9
     54.02      24.17
     58.02      24.37
     62.02      24.33
     66.02      24.91
     70.02      24.81
     74.02      25.02
     78.02      25.96
     82.03      26.38
     86.03      25.81
     90.03      26.66
     94.03      27.45
     98.03      27.61
       102      27.68
       106      27.99
       110       28.6
       114      29.26
       118      29.47
       122       29.6
       126      30.06
       130      30.39
       134      30.87
       138      30.93
       142      31.47
       146       31.5
       150      31.63
       154      32.09
       158      32.29
     162.1       32.4
     166.1      32.26
     170.1      32.56
     174.1      32.57
     178.1      32.66
     182.1      32.72
     186.1      32.66
     190.1      32.93
     194.1      33.08
     198.1      32.92
     202.1      33.19
     206.1      33.54
     210.1      33.51
     214.1      33.27
     218.1      33.09
     222.1       33.3
     226.1      33.63
     230.1      33.61
     234.1      33.93
     238.1      34.16
     242.1      34.26
     246.1      34.43
     250.1      34.55
     254.1      34.31
     258.1      34.19
     262.1      34.31
     266.1      34.16
     270.1      34.29
     274.1      34.47
     278.1      34.69
     282.1         35
     286.1      34.42
     290.1      34.44
     294.1      34.43
     298.1      34.74
     302.1      34.69
     306.1       34.6
     310.1      34.42
     314.1      34.78
     318.1      34.85
     322.1      34.87
     326.1      34.67
     330.1         35
     334.1      34.93
     338.1      34.97
     342.1       35.2
     346.1      34.15
     350.1      34.41
