      6.08   2.67e+08
     10.13  4.868e+07
     14.19  1.885e+07
     18.24  7.532e+06
     22.29  5.624e+06
     26.35  3.279e+06
      30.4  2.238e+06
     34.45  2.347e+06
     38.51  1.743e+06
     42.56  1.777e+06
     46.61  1.283e+06
     50.67  7.933e+05
     54.72  6.426e+05
     58.77  8.227e+05
     62.83  6.391e+05
     66.88   9.11e+05
     70.94  8.753e+05
     74.99  1.279e+06
     79.04  7.771e+05
      83.1  4.647e+05
     87.15  5.907e+05
      91.2  4.877e+05
     95.26  6.753e+05
     99.31  6.637e+05
     103.4  4.385e+05
     107.4  7.308e+05
     111.5  2.809e+05
     115.5  2.791e+05
     119.6  4.127e+05
     123.6  2.721e+05
     127.7  2.578e+05
     131.7   2.65e+05
     135.8  2.036e+05
     139.8  1.084e+05
     143.9  1.018e+05
       148  7.096e+04
       152  7.139e+04
     156.1  1.064e+05
     160.1  5.003e+04
     164.2  2.701e+04
     168.2  3.385e+04
     172.3  2.077e+04
     176.3  2.439e+04
     180.4       8097
     184.4          0
     188.5       7134
     192.5       7566
     196.6       6924
     200.6          0
     204.7       3329
     208.8          0
     212.8          0
     216.9          0
     220.9          0
       225          0
       229          0
     233.1          0
     237.1          0
     241.2          0
     245.2          0
     249.3          0
     253.3          0
     257.4          0
     261.4          0
     265.5          0
