      6.08  7.602e+08
     10.13  2.266e+08
     14.19  1.112e+08
     18.24  6.583e+07
     22.29  4.415e+07
     26.35  3.166e+07
      30.4  2.386e+07
     34.45  1.882e+07
     38.51  1.523e+07
     42.56  1.268e+07
     46.61   1.07e+07
     50.67  9.117e+06
     54.72  7.863e+06
     58.77  6.893e+06
     62.83  6.087e+06
     66.88   5.46e+06
     70.94  4.937e+06
     74.99  4.542e+06
     79.04  4.156e+06
      83.1  3.796e+06
     87.15  3.498e+06
      91.2  3.231e+06
     95.26  3.013e+06
     99.31  2.821e+06
     103.4  2.635e+06
     107.4  2.491e+06
     111.5   2.33e+06
     115.5  2.186e+06
     119.6  2.066e+06
     123.6  1.949e+06
     127.7  1.841e+06
     131.7  1.744e+06
     135.8  1.652e+06
     139.8  1.563e+06
     143.9  1.481e+06
       148  1.403e+06
       152  1.332e+06
     156.1  1.269e+06
     160.1  1.207e+06
     164.2  1.149e+06
     168.2  1.095e+06
     172.3  1.044e+06
     176.3  9.975e+05
     180.4  9.531e+05
     184.4  9.112e+05
     188.5  8.723e+05
     192.5  8.359e+05
     196.6  8.017e+05
     200.6  7.693e+05
     204.7   7.39e+05
     208.8  7.103e+05
     212.8  6.832e+05
     216.9  6.577e+05
     220.9  6.336e+05
       225  6.107e+05
       229  5.891e+05
     233.1  5.686e+05
     237.1  5.492e+05
     241.2  5.307e+05
     245.2  5.132e+05
     249.3  4.965e+05
     253.3  4.806e+05
     257.4  4.655e+05
     261.4   4.51e+05
     265.5  4.373e+05
