    0.7839  7.602e+08
     1.006  2.266e+08
     1.152  1.112e+08
     1.261  6.583e+07
     1.348  4.415e+07
     1.421  3.166e+07
     1.483  2.386e+07
     1.537  1.882e+07
     1.586  1.523e+07
     1.629  1.268e+07
     1.669   1.07e+07
     1.705  9.117e+06
     1.738  7.863e+06
     1.769  6.893e+06
     1.798  6.087e+06
     1.825   5.46e+06
     1.851  4.937e+06
     1.875  4.542e+06
     1.898  4.156e+06
      1.92  3.796e+06
      1.94  3.498e+06
      1.96  3.231e+06
     1.979  3.013e+06
     1.997  2.821e+06
     2.014  2.635e+06
     2.031  2.491e+06
     2.047   2.33e+06
     2.063  2.186e+06
     2.078  2.066e+06
     2.092  1.949e+06
     2.106  1.841e+06
      2.12  1.744e+06
     2.133  1.652e+06
     2.146  1.563e+06
     2.158  1.481e+06
      2.17  1.403e+06
     2.182  1.332e+06
     2.193  1.269e+06
     2.204  1.207e+06
     2.215  1.149e+06
     2.226  1.095e+06
     2.236  1.044e+06
     2.246  9.975e+05
     2.256  9.531e+05
     2.266  9.112e+05
     2.275  8.723e+05
     2.285  8.359e+05
     2.294  8.017e+05
     2.302  7.693e+05
     2.311   7.39e+05
      2.32  7.103e+05
     2.328  6.832e+05
     2.336  6.577e+05
     2.344  6.336e+05
     2.352  6.107e+05
      2.36  5.891e+05
     2.367  5.686e+05
     2.375  5.492e+05
     2.382  5.307e+05
      2.39  5.132e+05
     2.397  4.965e+05
     2.404  4.806e+05
     2.411  4.655e+05
     2.417   4.51e+05
     2.424  4.373e+05
