    0.7839   2.67e+08
     1.006  4.868e+07
     1.152  1.885e+07
     1.261  7.532e+06
     1.348  5.624e+06
     1.421  3.279e+06
     1.483  2.238e+06
     1.537  2.347e+06
     1.586  1.743e+06
     1.629  1.777e+06
     1.669  1.283e+06
     1.705  7.933e+05
     1.738  6.426e+05
     1.769  8.227e+05
     1.798  6.391e+05
     1.825   9.11e+05
     1.851  8.753e+05
     1.875  1.279e+06
     1.898  7.771e+05
      1.92  4.647e+05
      1.94  5.907e+05
      1.96  4.877e+05
     1.979  6.753e+05
     1.997  6.637e+05
     2.014  4.385e+05
     2.031  7.308e+05
     2.047  2.809e+05
     2.063  2.791e+05
     2.078  4.127e+05
     2.092  2.721e+05
     2.106  2.578e+05
      2.12   2.65e+05
     2.133  2.036e+05
     2.146  1.084e+05
     2.158  1.018e+05
      2.17  7.096e+04
     2.182  7.139e+04
     2.193  1.064e+05
     2.204  5.003e+04
     2.215  2.701e+04
     2.226  3.385e+04
     2.236  2.077e+04
     2.246  2.439e+04
     2.256       8097
     2.266          0
     2.275       7134
     2.285       7566
     2.294       6924
     2.302          0
     2.311       3329
      2.32          0
     2.328          0
     2.336          0
     2.344          0
     2.352          0
      2.36          0
     2.367          0
     2.375          0
     2.382          0
      2.39          0
     2.397          0
     2.404          0
     2.411          0
     2.417          0
     2.424          0
