     2.027      19.25
      6.08      20.98
     10.13      22.02
     14.19      23.15
     18.24      24.84
     22.29      26.53
     26.35      28.27
      30.4      29.56
     34.45      30.33
     38.51      29.76
     42.56      30.77
     46.61      31.55
     50.67      31.96
     54.72      31.16
     58.77      31.86
     62.83      31.81
     66.88      31.35
     70.94      31.81
     74.99      31.89
     79.04      32.77
      83.1      32.77
     87.15      32.89
      91.2      33.31
     95.26       33.4
     99.31      33.67
     103.4       33.9
     107.4      33.87
     111.5       34.1
     115.5      33.97
     119.6      34.02
     123.6      34.15
     127.7      34.22
     131.7      34.34
     135.8      34.65
     139.8      34.81
     143.9      34.85
       148      34.84
       152      34.85
     156.1      34.85
     160.1      35.14
     164.2      35.18
     168.2      35.26
     172.3      35.22
     176.3      35.31
     180.4      35.48
     184.4      35.51
     188.5       35.4
     192.5      35.39
     196.6       35.5
     200.6      35.48
     204.7       35.5
     208.8      35.52
     212.8      35.52
     216.9      35.52
     220.9      35.52
       225      35.52
       229      35.52
     233.1      35.52
     237.1      35.52
     241.2      35.52
     245.2      35.52
     249.3      35.52
     253.3      35.52
     257.4      35.52
     261.4      35.52
     265.5      35.52
