     6.003  9.962e+08
        10  2.995e+08
     14.01  1.541e+08
     18.01  9.899e+07
     22.01  7.229e+07
     26.01  5.655e+07
     30.01  4.634e+07
     34.01  3.886e+07
     38.02   3.41e+07
     42.02  3.013e+07
     46.02   2.68e+07
     50.02  2.445e+07
     54.02  2.301e+07
     58.03  2.146e+07
     62.03  1.986e+07
     66.03  1.852e+07
     70.03  1.745e+07
     74.03  1.651e+07
     78.03  1.573e+07
     82.04  1.512e+07
     86.04  1.461e+07
     90.04  1.402e+07
     94.04   1.34e+07
     98.04  1.283e+07
       102  1.224e+07
       106   1.17e+07
       110  1.115e+07
       114  1.062e+07
     118.1  1.013e+07
     122.1  9.688e+06
     126.1  9.278e+06
     130.1  8.902e+06
     134.1  8.539e+06
     138.1   8.16e+06
     142.1  7.793e+06
     146.1  7.447e+06
     150.1  7.134e+06
     154.1  6.841e+06
     158.1  6.552e+06
     162.1  6.291e+06
     166.1  6.038e+06
     170.1  5.798e+06
     174.1   5.57e+06
     178.1  5.361e+06
     182.1  5.161e+06
     186.1  4.974e+06
     190.1  4.796e+06
     194.1  4.627e+06
     198.1  4.464e+06
     202.1   4.31e+06
     206.1  4.163e+06
     210.1  4.023e+06
     214.1  3.884e+06
     218.1  3.756e+06
     222.1  3.629e+06
     226.1   3.51e+06
     230.1  3.396e+06
     234.1  3.287e+06
     238.1  3.183e+06
     242.1  3.082e+06
     246.1  2.986e+06
     250.1  2.895e+06
     254.1  2.807e+06
     258.1  2.723e+06
     262.1  2.643e+06
     266.1  2.566e+06
     270.1  2.491e+06
     274.1  2.419e+06
     278.1  2.349e+06
     282.1  2.283e+06
     286.1   2.22e+06
     290.1  2.159e+06
     294.1    2.1e+06
     298.1  2.044e+06
     302.1   1.99e+06
     306.1  1.938e+06
     310.1  1.888e+06
     314.1   1.84e+06
     318.1  1.794e+06
     322.1  1.749e+06
     326.1  1.706e+06
     330.1  1.665e+06
     334.1  1.625e+06
     338.1  1.586e+06
     342.1  1.549e+06
     346.2  1.514e+06
     350.2  1.479e+06
