     6.003  4.921e+08
        10  6.732e+07
     14.01  3.767e+07
     18.01  2.818e+07
     22.01  2.484e+07
     26.01  2.078e+07
     30.01  1.805e+07
     34.01  1.444e+07
     38.02  1.616e+07
     42.02  1.324e+07
     46.02  1.091e+07
     50.02   1.21e+07
     54.02  1.473e+07
     58.03  1.172e+07
     62.03  9.058e+06
     66.03  8.783e+06
     70.03   9.15e+06
     74.03  8.764e+06
     78.03  8.944e+06
     82.04  9.444e+06
     86.04  9.583e+06
     90.04  7.998e+06
     94.04  6.765e+06
     98.04  6.381e+06
       102  5.326e+06
       106  5.018e+06
       110  4.231e+06
       114  3.571e+06
     118.1  3.349e+06
     122.1  3.404e+06
     126.1  3.229e+06
     130.1  3.171e+06
     134.1   2.82e+06
     138.1  1.996e+06
     142.1  1.651e+06
     146.1  1.482e+06
     150.1  1.569e+06
     154.1  1.492e+06
     158.1  1.131e+06
     162.1  1.262e+06
     166.1  1.043e+06
     170.1  9.472e+05
     174.1  8.254e+05
     178.1  9.355e+05
     182.1  8.092e+05
     186.1  8.127e+05
     190.1  7.339e+05
     194.1  6.972e+05
     198.1   5.92e+05
     202.1  5.872e+05
     206.1  5.164e+05
     210.1  4.821e+05
     214.1  3.203e+05
     218.1  3.797e+05
     222.1  2.498e+05
     226.1  2.591e+05
     230.1  2.311e+05
     234.1  1.981e+05
     238.1  1.859e+05
     242.1  1.536e+05
     246.1  1.287e+05
     250.1  1.188e+05
     254.1  1.011e+05
     258.1  1.225e+05
     262.1  8.756e+04
     266.1  7.148e+04
     270.1   3.43e+04
     274.1  2.457e+04
     278.1  1.548e+04
     282.1  2.271e+04
     286.1   1.79e+04
     290.1          0
     294.1          0
     298.1       2153
     302.1       3200
     306.1          0
     310.1          0
     314.1       4240
     318.1       2354
     322.1       2376
     326.1          0
     330.1          0
     334.1          0
     338.1       2081
     342.1          0
     346.2       1901
     350.2          0
