    0.7783  9.962e+08
         1  2.995e+08
     1.146  1.541e+08
     1.255  9.899e+07
     1.343  7.229e+07
     1.415  5.655e+07
     1.477  4.634e+07
     1.532  3.886e+07
      1.58   3.41e+07
     1.623  3.013e+07
     1.663   2.68e+07
     1.699  2.445e+07
     1.733  2.301e+07
     1.764  2.146e+07
     1.793  1.986e+07
      1.82  1.852e+07
     1.845  1.745e+07
     1.869  1.651e+07
     1.892  1.573e+07
     1.914  1.512e+07
     1.935  1.461e+07
     1.954  1.402e+07
     1.973   1.34e+07
     1.991  1.283e+07
     2.009  1.224e+07
     2.025   1.17e+07
     2.042  1.115e+07
     2.057  1.062e+07
     2.072  1.013e+07
     2.087  9.688e+06
     2.101  9.278e+06
     2.114  8.902e+06
     2.127  8.539e+06
      2.14   8.16e+06
     2.152  7.793e+06
     2.165  7.447e+06
     2.176  7.134e+06
     2.188  6.841e+06
     2.199  6.552e+06
      2.21  6.291e+06
      2.22  6.038e+06
     2.231  5.798e+06
     2.241   5.57e+06
     2.251  5.361e+06
      2.26  5.161e+06
      2.27  4.974e+06
     2.279  4.796e+06
     2.288  4.627e+06
     2.297  4.464e+06
     2.306   4.31e+06
     2.314  4.163e+06
     2.322  4.023e+06
     2.331  3.884e+06
     2.339  3.756e+06
     2.347  3.629e+06
     2.354   3.51e+06
     2.362  3.396e+06
     2.369  3.287e+06
     2.377  3.183e+06
     2.384  3.082e+06
     2.391  2.986e+06
     2.398  2.895e+06
     2.405  2.807e+06
     2.412  2.723e+06
     2.418  2.643e+06
     2.425  2.566e+06
     2.432  2.491e+06
     2.438  2.419e+06
     2.444  2.349e+06
      2.45  2.283e+06
     2.457   2.22e+06
     2.463  2.159e+06
     2.469    2.1e+06
     2.474  2.044e+06
      2.48   1.99e+06
     2.486  1.938e+06
     2.492  1.888e+06
     2.497   1.84e+06
     2.503  1.794e+06
     2.508  1.749e+06
     2.513  1.706e+06
     2.519  1.665e+06
     2.524  1.625e+06
     2.529  1.586e+06
     2.534  1.549e+06
     2.539  1.514e+06
     2.544  1.479e+06
