    0.7783  4.921e+08
         1  6.732e+07
     1.146  3.767e+07
     1.255  2.818e+07
     1.343  2.484e+07
     1.415  2.078e+07
     1.477  1.805e+07
     1.532  1.444e+07
      1.58  1.616e+07
     1.623  1.324e+07
     1.663  1.091e+07
     1.699   1.21e+07
     1.733  1.473e+07
     1.764  1.172e+07
     1.793  9.058e+06
      1.82  8.783e+06
     1.845   9.15e+06
     1.869  8.764e+06
     1.892  8.944e+06
     1.914  9.444e+06
     1.935  9.583e+06
     1.954  7.998e+06
     1.973  6.765e+06
     1.991  6.381e+06
     2.009  5.326e+06
     2.025  5.018e+06
     2.042  4.231e+06
     2.057  3.571e+06
     2.072  3.349e+06
     2.087  3.404e+06
     2.101  3.229e+06
     2.114  3.171e+06
     2.127   2.82e+06
      2.14  1.996e+06
     2.152  1.651e+06
     2.165  1.482e+06
     2.176  1.569e+06
     2.188  1.492e+06
     2.199  1.131e+06
      2.21  1.262e+06
      2.22  1.043e+06
     2.231  9.472e+05
     2.241  8.254e+05
     2.251  9.355e+05
      2.26  8.092e+05
      2.27  8.127e+05
     2.279  7.339e+05
     2.288  6.972e+05
     2.297   5.92e+05
     2.306  5.872e+05
     2.314  5.164e+05
     2.322  4.821e+05
     2.331  3.203e+05
     2.339  3.797e+05
     2.347  2.498e+05
     2.354  2.591e+05
     2.362  2.311e+05
     2.369  1.981e+05
     2.377  1.859e+05
     2.384  1.536e+05
     2.391  1.287e+05
     2.398  1.188e+05
     2.405  1.011e+05
     2.412  1.225e+05
     2.418  8.756e+04
     2.425  7.148e+04
     2.432   3.43e+04
     2.438  2.457e+04
     2.444  1.548e+04
      2.45  2.271e+04
     2.457   1.79e+04
     2.463          0
     2.469          0
     2.474       2153
      2.48       3200
     2.486          0
     2.492          0
     2.497       4240
     2.503       2354
     2.508       2376
     2.513          0
     2.519          0
     2.524          0
     2.529       2081
     2.534          0
     2.539       1901
     2.544          0
