     2.001      18.59
     6.003      20.52
        10      21.28
     14.01      21.39
     18.01      21.47
     22.01      21.52
     26.01      21.57
     30.01       21.8
     34.01         22
     38.02      22.06
     42.02      22.24
     46.02      22.29
     50.02      22.33
     54.02      22.47
     58.03      22.59
     62.03      22.65
     66.03      22.62
     70.03      22.77
     74.03      22.82
     78.03      23.02
     82.04         23
     86.04         23
     90.04      23.34
     94.04      23.51
     98.04       23.9
       102       23.8
       106      24.02
       110      24.48
       114       24.7
     118.1      24.52
     122.1      24.86
     126.1      25.26
     130.1      25.92
     134.1      25.83
     138.1      26.59
     142.1      26.92
     146.1      27.26
     150.1      27.33
     154.1      27.73
     158.1      27.93
     162.1      28.12
     166.1       28.9
     170.1      29.28
     174.1      29.08
     178.1      28.96
     182.1       29.2
     186.1      30.05
     190.1       30.5
     194.1       30.5
     198.1      30.83
     202.1      31.18
     206.1      31.43
     210.1       31.9
     214.1      32.23
     218.1      32.03
     222.1      32.82
     226.1      32.86
     230.1      33.06
     234.1      33.32
     238.1      33.33
     242.1      33.55
     246.1      33.77
     250.1      33.77
     254.1      33.68
     258.1      33.85
     262.1      33.82
     266.1       34.1
     270.1      34.61
     274.1      34.74
     278.1      34.81
     282.1      34.49
     286.1      35.12
     290.1      35.49
     294.1      35.47
     298.1      35.27
     302.1      35.45
     306.1      35.52
     310.1      35.22
     314.1      35.12
     318.1      35.27
     322.1      35.47
     326.1      35.52
     330.1      35.45
     334.1      35.11
     338.1      35.45
     342.1      34.87
     346.2      35.09
     350.2      35.52
