    0.7782  1.778e+09
         1  5.983e+08
     1.146  3.324e+08
     1.255  2.219e+08
     1.342  1.607e+08
     1.415  1.208e+08
     1.477  9.555e+07
     1.532  7.809e+07
      1.58  6.637e+07
     1.623  5.685e+07
     1.663  4.902e+07
     1.699  4.292e+07
     1.732  3.793e+07
     1.763  3.373e+07
     1.792   3.01e+07
      1.82  2.695e+07
     1.845   2.42e+07
     1.869  2.189e+07
     1.892  1.988e+07
     1.914  1.814e+07
     1.935  1.661e+07
     1.954  1.526e+07
     1.973  1.407e+07
     1.991  1.302e+07
     2.009  1.208e+07
     2.025  1.125e+07
     2.041  1.051e+07
     2.057  9.815e+06
     2.072  9.198e+06
     2.086  8.638e+06
       2.1  8.118e+06
     2.114  7.645e+06
     2.127  7.212e+06
      2.14  6.814e+06
     2.152  6.444e+06
     2.164  6.109e+06
     2.176  5.813e+06
     2.188  5.528e+06
     2.199  5.264e+06
      2.21  5.028e+06
      2.22  4.812e+06
      2.23  4.597e+06
     2.241  4.399e+06
      2.25  4.212e+06
      2.26  4.037e+06
      2.27  3.871e+06
     2.279  3.714e+06
     2.288  3.566e+06
     2.297  3.426e+06
     2.305  3.295e+06
     2.314   3.17e+06
     2.322  3.053e+06
      2.33  2.942e+06
     2.338  2.837e+06
     2.346  2.737e+06
     2.354  2.643e+06
     2.362  2.553e+06
     2.369  2.467e+06
     2.377  2.386e+06
     2.384  2.309e+06
     2.391  2.237e+06
     2.398  2.167e+06
     2.405  2.101e+06
     2.412  2.039e+06
     2.418  1.979e+06
     2.425  1.921e+06
     2.431  1.866e+06
     2.438  1.812e+06
     2.444  1.761e+06
      2.45  1.712e+06
     2.456  1.665e+06
     2.462  1.619e+06
     2.468  1.575e+06
     2.474  1.533e+06
      2.48  1.493e+06
     2.486  1.454e+06
     2.491  1.417e+06
     2.497  1.381e+06
     2.502  1.346e+06
     2.508  1.313e+06
     2.513  1.281e+06
     2.519   1.25e+06
     2.524   1.22e+06
     2.529  1.191e+06
     2.534  1.163e+06
     2.539  1.136e+06
     2.544   1.11e+06
