         2      14.89
         6      18.37
        10      19.09
        14      19.52
        18      19.89
        22      20.33
        26      20.66
        30      20.85
        34      21.23
        38      21.48
        42      21.88
        46      22.09
        50      22.38
        54      22.69
        58      23.48
        62      23.93
        66      24.78
     70.01      25.55
     74.01      26.13
     78.01      26.46
     82.01       26.3
     86.01      27.01
     90.01      27.58
     94.01      27.47
     98.01      27.77
       102      27.84
       106      28.41
       110      29.62
       114      29.82
       118       30.1
       122      31.05
       126      31.22
       130      30.68
       134      31.42
       138      32.39
       142       32.4
       146      32.47
       150      32.59
       154      32.94
       158      32.65
       162      32.35
       166      33.17
       170       32.9
       174      33.02
       178      33.33
       182      33.09
       186      33.58
       190      33.61
       194      33.84
       198      33.81
       202      33.95
       206      34.19
       210      34.07
       214      34.07
       218      34.27
       222      34.48
       226      34.38
       230      34.59
       234      34.56
       238      34.66
       242      34.64
       246      34.52
       250      34.46
       254      34.27
       258      34.23
       262      34.03
       266      34.18
       270      34.43
       274      34.57
       278       34.5
       282      34.52
       286      34.62
       290      35.06
       294      34.98
       298      34.96
       302      35.14
       306      34.88
       310         35
       314      34.97
       318      34.86
       322      34.43
       326      35.31
       330      35.29
       334      35.21
       338      35.52
       342      35.52
       346      35.52
       350      35.52
