     6.007  5.955e+08
     10.01  9.568e+07
     14.02  3.827e+07
     18.02  2.318e+07
     22.02   1.39e+07
     26.03  8.119e+06
     30.03  6.589e+06
     34.04  4.109e+06
     38.04  2.411e+06
     42.05  1.461e+06
     46.05   1.15e+06
     50.06  1.111e+06
     54.06  9.537e+05
     58.07  7.529e+05
     62.07  8.069e+05
     66.07  6.966e+05
     70.08    6.2e+05
     74.08  7.409e+05
     78.09  6.802e+05
     82.09  5.151e+05
      86.1   3.13e+05
      90.1  2.378e+05
     94.11  1.855e+05
     98.11  1.578e+05
     102.1  2.252e+05
     106.1  1.655e+05
     110.1  1.121e+05
     114.1  1.086e+05
     118.1  1.694e+05
     122.1  1.624e+05
     126.1  1.254e+05
     130.1  5.849e+04
     134.2  3.693e+04
     138.2  3.621e+04
     142.2  3.518e+04
     146.2  4.373e+04
     150.2       9437
     154.2  1.801e+04
     158.2  1.735e+04
     162.2  1.705e+04
     166.2  3.823e+04
     170.2       4165
     174.2   2.82e+04
     178.2  1.218e+04
     182.2       7819
     186.2  1.994e+04
     190.2  1.098e+04
     194.2  4.716e+04
     198.2   7.05e+04
     202.2  8.876e+04
     206.2   1.34e+04
     210.2  2.615e+04
     214.2  1.595e+04
     218.2       3344
     222.3       3006
     226.3  1.218e+04
     230.3       9334
     234.3       5941
     238.3       5946
     242.3       5590
     246.3       2750
     250.3       2725
     254.3          0
     258.3          0
     262.3          0
     266.3          0
     270.3          0
     274.3          0
     278.3          0
     282.3          0
     286.3          0
     290.3          0
     294.3          0
     298.3          0
     302.3          0
     306.3          0
     310.3          0
     314.4          0
     318.4          0
     322.4          0
     326.4          0
     330.4          0
     334.4          0
     338.4          0
     342.4          0
     346.4          0
