     6.007  1.297e+09
     10.01   3.96e+08
     14.02  1.973e+08
     18.02  1.211e+08
     22.02  8.251e+07
     26.03  5.978e+07
     30.03  4.567e+07
     34.04  3.593e+07
     38.04  2.889e+07
     42.05  2.368e+07
     46.05  1.977e+07
     50.06  1.679e+07
     54.06  1.445e+07
     58.07  1.256e+07
     62.07  1.105e+07
     66.07  9.793e+06
     70.08  8.746e+06
     74.08  7.881e+06
     78.09  7.143e+06
     82.09  6.497e+06
      86.1  5.922e+06
      90.1  5.417e+06
     94.11  4.972e+06
     98.11  4.579e+06
     102.1  4.238e+06
     106.1   3.93e+06
     110.1  3.653e+06
     114.1  3.404e+06
     118.1  3.185e+06
     122.1  2.987e+06
     126.1  2.805e+06
     130.1  2.636e+06
     134.2  2.481e+06
     138.2  2.339e+06
     142.2   2.21e+06
     146.2  2.091e+06
     150.2   1.98e+06
     154.2  1.878e+06
     158.2  1.784e+06
     162.2  1.697e+06
     166.2  1.617e+06
     170.2  1.541e+06
     174.2  1.471e+06
     178.2  1.406e+06
     182.2  1.344e+06
     186.2  1.287e+06
     190.2  1.234e+06
     194.2  1.185e+06
     198.2   1.14e+06
     202.2  1.098e+06
     206.2  1.056e+06
     210.2  1.017e+06
     214.2  9.793e+05
     218.2  9.435e+05
     222.3  9.096e+05
     226.3  8.778e+05
     230.3  8.476e+05
     234.3  8.188e+05
     238.3  7.915e+05
     242.3  7.655e+05
     246.3  7.407e+05
     250.3  7.171e+05
     254.3  6.945e+05
     258.3   6.73e+05
     262.3  6.525e+05
     266.3  6.328e+05
     270.3  6.141e+05
     274.3  5.962e+05
     278.3   5.79e+05
     282.3  5.626e+05
     286.3  5.468e+05
     290.3  5.318e+05
     294.3  5.173e+05
     298.3  5.034e+05
     302.3  4.901e+05
     306.3  4.773e+05
     310.3  4.649e+05
     314.4  4.531e+05
     318.4  4.417e+05
     322.4  4.307e+05
     326.4  4.202e+05
     330.4    4.1e+05
     334.4  4.001e+05
     338.4  3.907e+05
     342.4  3.815e+05
     346.4  3.727e+05
