    0.7786  5.955e+08
         1  9.568e+07
     1.147  3.827e+07
     1.256  2.318e+07
     1.343   1.39e+07
     1.415  8.119e+06
     1.478  6.589e+06
     1.532  4.109e+06
      1.58  2.411e+06
     1.624  1.461e+06
     1.663   1.15e+06
     1.699  1.111e+06
     1.733  9.537e+05
     1.764  7.529e+05
     1.793  8.069e+05
      1.82  6.966e+05
     1.846    6.2e+05
      1.87  7.409e+05
     1.893  6.802e+05
     1.914  5.151e+05
     1.935   3.13e+05
     1.955  2.378e+05
     1.974  1.855e+05
     1.992  1.578e+05
     2.009  2.252e+05
     2.026  1.655e+05
     2.042  1.121e+05
     2.057  1.086e+05
     2.072  1.694e+05
     2.087  1.624e+05
     2.101  1.254e+05
     2.114  5.849e+04
     2.128  3.693e+04
      2.14  3.621e+04
     2.153  3.518e+04
     2.165  4.373e+04
     2.177       9437
     2.188  1.801e+04
     2.199  1.735e+04
      2.21  1.705e+04
     2.221  3.823e+04
     2.231       4165
     2.241   2.82e+04
     2.251  1.218e+04
     2.261       7819
      2.27  1.994e+04
     2.279  1.098e+04
     2.288  4.716e+04
     2.297   7.05e+04
     2.306  8.876e+04
     2.314   1.34e+04
     2.323  2.615e+04
     2.331  1.595e+04
     2.339       3344
     2.347       3006
     2.355  1.218e+04
     2.362       9334
      2.37       5941
     2.377       5946
     2.384       5590
     2.391       2750
     2.398       2725
     2.405          0
     2.412          0
     2.419          0
     2.425          0
     2.432          0
     2.438          0
     2.445          0
     2.451          0
     2.457          0
     2.463          0
     2.469          0
     2.475          0
      2.48          0
     2.486          0
     2.492          0
     2.497          0
     2.503          0
     2.508          0
     2.514          0
     2.519          0
     2.524          0
     2.529          0
     2.535          0
      2.54          0
