    0.7786  1.297e+09
         1   3.96e+08
     1.147  1.973e+08
     1.256  1.211e+08
     1.343  8.251e+07
     1.415  5.978e+07
     1.478  4.567e+07
     1.532  3.593e+07
      1.58  2.889e+07
     1.624  2.368e+07
     1.663  1.977e+07
     1.699  1.679e+07
     1.733  1.445e+07
     1.764  1.256e+07
     1.793  1.105e+07
      1.82  9.793e+06
     1.846  8.746e+06
      1.87  7.881e+06
     1.893  7.143e+06
     1.914  6.497e+06
     1.935  5.922e+06
     1.955  5.417e+06
     1.974  4.972e+06
     1.992  4.579e+06
     2.009  4.238e+06
     2.026   3.93e+06
     2.042  3.653e+06
     2.057  3.404e+06
     2.072  3.185e+06
     2.087  2.987e+06
     2.101  2.805e+06
     2.114  2.636e+06
     2.128  2.481e+06
      2.14  2.339e+06
     2.153   2.21e+06
     2.165  2.091e+06
     2.177   1.98e+06
     2.188  1.878e+06
     2.199  1.784e+06
      2.21  1.697e+06
     2.221  1.617e+06
     2.231  1.541e+06
     2.241  1.471e+06
     2.251  1.406e+06
     2.261  1.344e+06
      2.27  1.287e+06
     2.279  1.234e+06
     2.288  1.185e+06
     2.297   1.14e+06
     2.306  1.098e+06
     2.314  1.056e+06
     2.323  1.017e+06
     2.331  9.793e+05
     2.339  9.435e+05
     2.347  9.096e+05
     2.355  8.778e+05
     2.362  8.476e+05
      2.37  8.188e+05
     2.377  7.915e+05
     2.384  7.655e+05
     2.391  7.407e+05
     2.398  7.171e+05
     2.405  6.945e+05
     2.412   6.73e+05
     2.419  6.525e+05
     2.425  6.328e+05
     2.432  6.141e+05
     2.438  5.962e+05
     2.445   5.79e+05
     2.451  5.626e+05
     2.457  5.468e+05
     2.463  5.318e+05
     2.469  5.173e+05
     2.475  5.034e+05
      2.48  4.901e+05
     2.486  4.773e+05
     2.492  4.649e+05
     2.497  4.531e+05
     2.503  4.417e+05
     2.508  4.307e+05
     2.514  4.202e+05
     2.519    4.1e+05
     2.524  4.001e+05
     2.529  3.907e+05
     2.535  3.815e+05
      2.54  3.727e+05
