     2.002      17.63
     6.007      19.38
     10.01      20.51
     14.02      21.07
     18.02      21.64
     22.02      22.65
     26.03      23.04
     30.03      23.86
     34.04      24.93
     38.04      26.49
     42.05      27.38
     46.05      28.75
     50.06      28.99
     54.06      30.44
     58.07      31.14
     62.07      31.37
     66.07      30.92
     70.08      31.43
     74.08      32.28
     78.09      31.92
     82.09      32.05
      86.1      32.43
      90.1      32.69
     94.11      32.73
     98.11      33.13
     102.1      33.49
     106.1       33.6
     110.1       33.9
     114.1      33.73
     118.1       33.8
     122.1      34.29
     126.1      34.27
     130.1      34.91
     134.2      34.85
     138.2      34.96
     142.2      34.93
     146.2      35.11
     150.2      35.16
     154.2      35.24
     158.2      35.23
     162.2      35.13
     166.2      35.19
     170.2      35.21
     174.2      35.18
     178.2      35.35
     182.2      35.24
     186.2      35.31
     190.2      35.15
     194.2      35.08
     198.2      35.18
     202.2      35.14
     206.2      35.24
     210.2      35.25
     214.2      35.42
     218.2      35.47
     222.3      35.41
     226.3      35.31
     230.3      35.38
     234.3       35.4
     238.3      35.38
     242.3      35.45
     246.3      35.44
     250.3      35.52
     254.3      35.52
     258.3      35.52
     262.3      35.52
     266.3      35.52
     270.3      35.52
     274.3      35.52
     278.3      35.52
     282.3      35.52
     286.3      35.52
     290.3      35.52
     294.3      35.52
     298.3      35.52
     302.3      35.52
     306.3      35.52
     310.3      35.52
     314.4      35.52
     318.4      35.52
     322.4      35.52
     326.4      35.52
     330.4      35.52
     334.4      35.52
     338.4      35.52
     342.4      35.52
     346.4      35.52
