     6.054  7.651e+08
     10.09  2.283e+08
     14.13   1.12e+08
     18.16   6.63e+07
      22.2  4.452e+07
     26.23  3.191e+07
     30.27  2.405e+07
      34.3  1.896e+07
     38.34  1.534e+07
     42.38  1.278e+07
     46.41  1.078e+07
     50.45  9.194e+06
     54.48  7.926e+06
     58.52  6.945e+06
     62.55  6.135e+06
     66.59  5.503e+06
     70.63  4.979e+06
     74.66  4.565e+06
      78.7  4.189e+06
     82.73  3.824e+06
     86.77  3.524e+06
      90.8  3.256e+06
     94.84  3.031e+06
     98.88  2.841e+06
     102.9  2.654e+06
     106.9  2.506e+06
       111  2.348e+06
       115  2.204e+06
     119.1  2.083e+06
     123.1  1.964e+06
     127.1  1.854e+06
     131.2  1.758e+06
     135.2  1.665e+06
     139.2  1.576e+06
     143.3  1.492e+06
     147.3  1.415e+06
     151.3  1.344e+06
     155.4  1.279e+06
     159.4  1.217e+06
     163.4  1.159e+06
     167.5  1.104e+06
     171.5  1.053e+06
     175.6  1.006e+06
     179.6  9.614e+05
     183.6  9.192e+05
     187.7  8.798e+05
     191.7  8.432e+05
     195.7  8.087e+05
     199.8  7.761e+05
     203.8  7.455e+05
     207.8  7.165e+05
     211.9  6.892e+05
     215.9  6.635e+05
     219.9  6.391e+05
       224  6.161e+05
       228  5.943e+05
     232.1  5.736e+05
     236.1   5.54e+05
     240.1  5.354e+05
     244.2  5.177e+05
     248.2  5.009e+05
     252.2  4.848e+05
     256.3  4.696e+05
     260.3   4.55e+05
     264.3  4.411e+05
     268.4  4.278e+05
     272.4  4.152e+05
     276.4   4.03e+05
     280.5  3.914e+05
     284.5  3.803e+05
     288.6  3.697e+05
     292.6  3.595e+05
     296.6  3.497e+05
     300.7  3.403e+05
     304.7  3.313e+05
     308.7  3.227e+05
     312.8  3.143e+05
     316.8  3.063e+05
     320.8  2.986e+05
     324.9  2.912e+05
     328.9  2.841e+05
       333  2.772e+05
       337  2.705e+05
       341  2.641e+05
