     6.054  2.685e+08
     10.09  4.933e+07
     14.13  1.901e+07
     18.16  7.511e+06
      22.2  5.816e+06
     26.23  3.253e+06
     30.27  2.285e+06
      34.3  2.321e+06
     38.34  1.731e+06
     42.38  1.829e+06
     46.41  1.263e+06
     50.45  8.609e+05
     54.48  6.246e+05
     58.52  8.051e+05
     62.55  6.576e+05
     66.59  9.188e+05
     70.63  9.133e+05
     74.66  1.149e+06
      78.7  8.971e+05
     82.73  4.436e+05
     86.77   5.95e+05
      90.8  5.086e+05
     94.84  6.057e+05
     98.88  7.083e+05
     102.9  4.536e+05
     106.9  6.934e+05
       111  3.325e+05
       115  2.966e+05
     119.1  4.102e+05
     123.1  2.714e+05
     127.1  2.393e+05
     131.2  2.935e+05
     135.2   1.91e+05
     139.2  1.321e+05
     143.3  9.375e+04
     147.3  7.204e+04
     151.3  8.535e+04
     155.4  9.453e+04
     159.4  6.322e+04
     163.4  2.706e+04
     167.5  3.408e+04
     171.5  1.679e+04
     175.6  2.838e+04
     179.6  1.241e+04
     183.6          0
     187.7       3621
     191.7  1.113e+04
     195.7       6985
     199.8          0
     203.8       3358
     207.8          0
     211.9          0
     215.9          0
     219.9          0
       224          0
       228          0
     232.1          0
     236.1          0
     240.1          0
     244.2          0
     248.2          0
     252.2          0
     256.3          0
     260.3          0
     264.3          0
     268.4          0
     272.4          0
     276.4          0
     280.5          0
     284.5          0
     288.6          0
     292.6          0
     296.6          0
     300.7          0
     304.7          0
     308.7          0
     312.8          0
     316.8          0
     320.8          0
     324.9          0
     328.9          0
       333          0
       337          0
       341          0
