     0.782  2.685e+08
     1.004  4.933e+07
      1.15  1.901e+07
     1.259  7.511e+06
     1.346  5.816e+06
     1.419  3.253e+06
     1.481  2.285e+06
     1.535  2.321e+06
     1.584  1.731e+06
     1.627  1.829e+06
     1.667  1.263e+06
     1.703  8.609e+05
     1.736  6.246e+05
     1.767  8.051e+05
     1.796  6.576e+05
     1.823  9.188e+05
     1.849  9.133e+05
     1.873  1.149e+06
     1.896  8.971e+05
     1.918  4.436e+05
     1.938   5.95e+05
     1.958  5.086e+05
     1.977  6.057e+05
     1.995  7.083e+05
     2.012  4.536e+05
     2.029  6.934e+05
     2.045  3.325e+05
     2.061  2.966e+05
     2.076  4.102e+05
      2.09  2.714e+05
     2.104  2.393e+05
     2.118  2.935e+05
     2.131   1.91e+05
     2.144  1.321e+05
     2.156  9.375e+04
     2.168  7.204e+04
      2.18  8.535e+04
     2.191  9.453e+04
     2.203  6.322e+04
     2.213  2.706e+04
     2.224  3.408e+04
     2.234  1.679e+04
     2.244  2.838e+04
     2.254  1.241e+04
     2.264          0
     2.273       3621
     2.283  1.113e+04
     2.292       6985
     2.301          0
     2.309       3358
     2.318          0
     2.326          0
     2.334          0
     2.342          0
      2.35          0
     2.358          0
     2.366          0
     2.373          0
      2.38          0
     2.388          0
     2.395          0
     2.402          0
     2.409          0
     2.415          0
     2.422          0
     2.429          0
     2.435          0
     2.442          0
     2.448          0
     2.454          0
      2.46          0
     2.466          0
     2.472          0
     2.478          0
     2.484          0
      2.49          0
     2.495          0
     2.501          0
     2.506          0
     2.512          0
     2.517          0
     2.522          0
     2.528          0
     2.533          0
