     0.782  7.651e+08
     1.004  2.283e+08
      1.15   1.12e+08
     1.259   6.63e+07
     1.346  4.452e+07
     1.419  3.191e+07
     1.481  2.405e+07
     1.535  1.896e+07
     1.584  1.534e+07
     1.627  1.278e+07
     1.667  1.078e+07
     1.703  9.194e+06
     1.736  7.926e+06
     1.767  6.945e+06
     1.796  6.135e+06
     1.823  5.503e+06
     1.849  4.979e+06
     1.873  4.565e+06
     1.896  4.189e+06
     1.918  3.824e+06
     1.938  3.524e+06
     1.958  3.256e+06
     1.977  3.031e+06
     1.995  2.841e+06
     2.012  2.654e+06
     2.029  2.506e+06
     2.045  2.348e+06
     2.061  2.204e+06
     2.076  2.083e+06
      2.09  1.964e+06
     2.104  1.854e+06
     2.118  1.758e+06
     2.131  1.665e+06
     2.144  1.576e+06
     2.156  1.492e+06
     2.168  1.415e+06
      2.18  1.344e+06
     2.191  1.279e+06
     2.203  1.217e+06
     2.213  1.159e+06
     2.224  1.104e+06
     2.234  1.053e+06
     2.244  1.006e+06
     2.254  9.614e+05
     2.264  9.192e+05
     2.273  8.798e+05
     2.283  8.432e+05
     2.292  8.087e+05
     2.301  7.761e+05
     2.309  7.455e+05
     2.318  7.165e+05
     2.326  6.892e+05
     2.334  6.635e+05
     2.342  6.391e+05
      2.35  6.161e+05
     2.358  5.943e+05
     2.366  5.736e+05
     2.373   5.54e+05
      2.38  5.354e+05
     2.388  5.177e+05
     2.395  5.009e+05
     2.402  4.848e+05
     2.409  4.696e+05
     2.415   4.55e+05
     2.422  4.411e+05
     2.429  4.278e+05
     2.435  4.152e+05
     2.442   4.03e+05
     2.448  3.914e+05
     2.454  3.803e+05
      2.46  3.697e+05
     2.466  3.595e+05
     2.472  3.497e+05
     2.478  3.403e+05
     2.484  3.313e+05
      2.49  3.227e+05
     2.495  3.143e+05
     2.501  3.063e+05
     2.506  2.986e+05
     2.512  2.912e+05
     2.517  2.841e+05
     2.522  2.772e+05
     2.528  2.705e+05
     2.533  2.641e+05
