     2.018  5.718e+10
     6.054  8.809e+10
     10.09  1.051e+11
     14.13  1.161e+11
     18.16  1.221e+11
      22.2  1.281e+11
     26.23  1.323e+11
     30.27  1.357e+11
      34.3  1.397e+11
     38.34  1.431e+11
     42.38  1.471e+11
     46.41  1.501e+11
     50.45  1.524e+11
     54.48  1.542e+11
     58.52  1.567e+11
     62.55  1.589e+11
     66.59  1.622e+11
     70.63  1.657e+11
     74.66  1.703e+11
      78.7  1.741e+11
     82.73  1.761e+11
     86.77  1.789e+11
      90.8  1.814e+11
     94.84  1.846e+11
     98.88  1.884e+11
     102.9   1.91e+11
     106.9   1.95e+11
       111  1.971e+11
       115  1.989e+11
     119.1  2.016e+11
     123.1  2.035e+11
     127.1  2.052e+11
     131.2  2.073e+11
     135.2  2.087e+11
     139.2  2.097e+11
     143.3  2.105e+11
     147.3  2.111e+11
     151.3  2.118e+11
     155.4  2.126e+11
     159.4  2.132e+11
     163.4  2.134e+11
     167.5  2.137e+11
     171.5  2.139e+11
     175.6  2.142e+11
     179.6  2.143e+11
     183.6  2.143e+11
     187.7  2.143e+11
     191.7  2.144e+11
     195.7  2.145e+11
     199.8  2.145e+11
     203.8  2.146e+11
     207.8  2.146e+11
     211.9  2.146e+11
     215.9  2.146e+11
     219.9  2.146e+11
       224  2.146e+11
       228  2.146e+11
     232.1  2.146e+11
     236.1  2.146e+11
     240.1  2.146e+11
     244.2  2.146e+11
     248.2  2.146e+11
     252.2  2.146e+11
     256.3  2.146e+11
     260.3  2.146e+11
     264.3  2.146e+11
     268.4  2.146e+11
     272.4  2.146e+11
     276.4  2.146e+11
     280.5  2.146e+11
     284.5  2.146e+11
     288.6  2.146e+11
     292.6  2.146e+11
     296.6  2.146e+11
     300.7  2.146e+11
     304.7  2.146e+11
     308.7  2.146e+11
     312.8  2.146e+11
     316.8  2.146e+11
     320.8  2.146e+11
     324.9  2.146e+11
     328.9  2.146e+11
       333  2.146e+11
       337  2.146e+11
       341  2.146e+11
