     2.018  1.342e-16
     6.054  1.232e-17
     10.09  5.408e-18
     14.13  3.209e-18
     18.16  1.979e-18
      22.2  1.471e-18
     26.23   8.55e-19
     30.27  8.098e-19
      34.3  6.396e-19
     38.34  6.923e-19
     42.38  4.972e-19
     46.41  3.992e-19
     50.45   2.86e-19
     54.48  3.009e-19
     58.52  2.344e-19
     62.55  2.412e-19
     66.59  3.756e-19
     70.63  3.512e-19
     74.66   4.08e-19
      78.7  2.079e-19
     82.73  1.774e-19
     86.77  1.886e-19
      90.8  2.099e-19
     94.84  2.805e-19
     98.88   1.99e-19
     102.9  2.166e-19
     106.9  1.588e-19
       111  1.061e-19
       115  1.496e-19
     119.1  1.148e-19
     123.1  1.109e-19
     127.1   1.06e-19
     131.2  9.847e-20
     135.2  7.193e-20
     139.2  4.111e-20
     143.3  3.351e-20
     147.3  3.491e-20
     151.3  2.966e-20
     155.4  3.371e-20
     159.4  1.412e-20
     163.4  1.383e-20
     167.5  8.994e-21
     171.5   8.49e-21
     175.6  7.109e-21
     179.6  1.948e-21
     183.6  1.078e-22
     187.7  2.576e-21
     191.7  3.036e-21
     195.7  1.006e-21
     199.8  4.878e-22
     203.8  5.499e-22
     207.8  1.013e-23
     211.9      1e-23
     215.9      1e-23
     219.9      1e-23
       224      1e-23
       228      1e-23
     232.1      1e-23
     236.1      1e-23
     240.1      1e-23
     244.2      1e-23
     248.2      1e-23
     252.2      1e-23
     256.3      1e-23
     260.3      1e-23
     264.3      1e-23
     268.4      1e-23
     272.4      1e-23
     276.4      1e-23
     280.5      1e-23
     284.5      1e-23
     288.6      1e-23
     292.6      1e-23
     296.6      1e-23
     300.7      1e-23
     304.7      1e-23
     308.7      1e-23
     312.8      1e-23
     316.8      1e-23
     320.8      1e-23
     324.9      1e-23
     328.9      1e-23
       333      1e-23
       337      1e-23
       341      1e-23
