     2.018      18.35
     6.054       20.5
     10.09      21.61
     14.13      22.38
     18.16      23.73
      22.2      25.02
     26.23      26.65
     30.27      28.23
      34.3      29.18
     38.34      28.08
     42.38      29.67
     46.41      30.77
     50.45      31.03
     54.48      30.37
     58.52      30.84
     62.55      31.21
     66.59      30.31
     70.63      30.89
     74.66      31.06
      78.7         32
     82.73      32.13
     86.77       32.2
      90.8      32.71
     94.84      32.95
     98.88      33.18
     102.9      33.45
     106.9      33.51
       111       33.7
       115      33.51
     119.1      33.72
     123.1      33.83
     127.1      33.74
     131.2      34.05
     135.2      34.38
     139.2      34.53
     143.3      34.53
     147.3      34.58
     151.3      34.57
     155.4      34.55
     159.4      34.93
     163.4      35.02
     167.5      35.14
     171.5       35.1
     175.6      35.15
     179.6      35.37
     183.6       35.5
     187.7      35.36
     191.7      35.35
     195.7      35.44
     199.8      35.49
     203.8      35.48
     207.8      35.52
     211.9      35.52
     215.9      35.52
     219.9      35.52
       224      35.52
       228      35.52
     232.1      35.52
     236.1      35.52
     240.1      35.52
     244.2      35.52
     248.2      35.52
     252.2      35.52
     256.3      35.52
     260.3      35.52
     264.3      35.52
     268.4      35.52
     272.4      35.52
     276.4      35.52
     280.5      35.52
     284.5      35.52
     288.6      35.52
     292.6      35.52
     296.6      35.52
     300.7      35.52
     304.7      35.52
     308.7      35.52
     312.8      35.52
     316.8      35.52
     320.8      35.52
     324.9      35.52
     328.9      35.52
       333      35.52
       337      35.52
       341      35.52
