     2.018       17.7
     6.054      20.29
     10.09      21.18
     14.13      21.75
     18.16      22.28
      22.2       22.6
     26.23      23.19
     30.27      23.25
      34.3       23.5
     38.34      23.42
     42.38      23.77
     46.41      24.01
     50.45      24.38
     54.48      24.32
     58.52      24.59
     62.55      24.56
     66.59      24.08
     70.63      24.15
     74.66      23.99
      78.7      24.72
     82.73      24.89
     86.77      24.83
      90.8      24.71
     94.84       24.4
     98.88      24.77
     102.9      24.68
     106.9      25.01
       111      25.45
       115      25.08
     119.1      25.37
     123.1       25.4
     127.1      25.45
     131.2      25.53
     135.2      25.87
     139.2      26.48
     143.3       26.7
     147.3      26.66
     151.3      26.84
     155.4       26.7
     159.4      27.64
     163.4      27.66
     167.5      28.13
     171.5      28.19
     175.6      28.39
     179.6      29.79
     183.6      32.93
     187.7      29.49
     191.7      29.31
     195.7      30.51
     199.8       31.3
     203.8      31.17
     207.8       35.5
     211.9      35.52
     215.9      35.52
     219.9      35.52
       224      35.52
       228      35.52
     232.1      35.52
     236.1      35.52
     240.1      35.52
     244.2      35.52
     248.2      35.52
     252.2      35.52
     256.3      35.52
     260.3      35.52
     264.3      35.52
     268.4      35.52
     272.4      35.52
     276.4      35.52
     280.5      35.52
     284.5      35.52
     288.6      35.52
     292.6      35.52
     296.6      35.52
     300.7      35.52
     304.7      35.52
     308.7      35.52
     312.8      35.52
     316.8      35.52
     320.8      35.52
     324.9      35.52
     328.9      35.52
       333      35.52
       337      35.52
       341      35.52
