         6  1.778e+09
        10  5.983e+08
        14  3.324e+08
        18  2.219e+08
        22  1.607e+08
        26  1.208e+08
        30  9.555e+07
        34  7.809e+07
        38  6.637e+07
        42  5.685e+07
        46  4.902e+07
        50  4.292e+07
        54  3.793e+07
        58  3.373e+07
        62   3.01e+07
        66  2.695e+07
     70.01   2.42e+07
     74.01  2.189e+07
     78.01  1.988e+07
     82.01  1.814e+07
     86.01  1.661e+07
     90.01  1.526e+07
     94.01  1.407e+07
     98.01  1.302e+07
       102  1.208e+07
       106  1.125e+07
       110  1.051e+07
       114  9.815e+06
       118  9.198e+06
       122  8.638e+06
       126  8.118e+06
       130  7.645e+06
       134  7.212e+06
       138  6.814e+06
       142  6.444e+06
       146  6.109e+06
       150  5.813e+06
       154  5.528e+06
       158  5.264e+06
       162  5.028e+06
       166  4.812e+06
       170  4.597e+06
       174  4.399e+06
       178  4.212e+06
       182  4.037e+06
       186  3.871e+06
       190  3.714e+06
       194  3.566e+06
       198  3.426e+06
       202  3.295e+06
       206   3.17e+06
       210  3.053e+06
       214  2.942e+06
       218  2.837e+06
       222  2.737e+06
       226  2.643e+06
       230  2.553e+06
       234  2.467e+06
       238  2.386e+06
       242  2.309e+06
       246  2.237e+06
       250  2.167e+06
       254  2.101e+06
       258  2.039e+06
       262  1.979e+06
       266  1.921e+06
       270  1.866e+06
       274  1.812e+06
       278  1.761e+06
       282  1.712e+06
       286  1.665e+06
       290  1.619e+06
       294  1.575e+06
       298  1.533e+06
       302  1.493e+06
       306  1.454e+06
       310  1.417e+06
       314  1.381e+06
       318  1.346e+06
       322  1.313e+06
       326  1.281e+06
       330   1.25e+06
       334   1.22e+06
       338  1.191e+06
       342  1.163e+06
       346  1.136e+06
       350   1.11e+06
