         6  9.266e+08
        10  2.052e+08
        14  1.197e+08
        18  7.981e+07
        22  5.193e+07
        26  3.013e+07
        30  2.562e+07
        34  2.105e+07
        38  2.222e+07
        42  1.627e+07
        46  1.173e+07
        50  1.082e+07
        54  9.239e+06
        58  7.451e+06
        62    5.5e+06
        66  4.081e+06
     70.01  2.893e+06
     74.01  2.837e+06
     78.01  2.275e+06
     82.01  2.073e+06
     86.01   1.63e+06
     90.01  1.478e+06
     94.01  1.197e+06
     98.01  1.163e+06
       102  1.067e+06
       106  1.093e+06
       110  1.046e+06
       114  6.306e+05
       118  7.168e+05
       122  6.576e+05
       126  4.333e+05
       130  4.355e+05
       134  3.988e+05
       138   3.39e+05
       142  2.467e+05
       146  3.214e+05
       150   5.55e+05
       154  3.381e+05
       158  3.028e+05
       162  4.926e+05
       166  5.479e+05
       170  2.363e+05
       174    2.9e+05
       178  2.403e+05
       182  2.337e+05
       186  1.839e+05
       190  1.388e+05
       194  1.183e+05
       198  1.045e+05
       202  1.185e+05
       206  7.466e+04
       210  9.769e+04
       214  7.984e+04
       218  8.962e+04
       222  5.886e+04
       226  7.274e+04
       230   5.53e+04
       234  4.528e+04
       238  6.601e+04
       242  5.134e+04
       246  7.979e+04
       250  6.985e+04
       254  6.671e+04
       258  8.951e+04
       262  8.823e+04
       266  5.372e+04
       270   3.38e+04
       274  3.582e+04
       278  2.551e+04
       282  3.548e+04
       286  2.716e+04
       290  1.726e+04
       294       7473
       298  1.214e+04
       302       4547
       306       4743
       310       8985
       314       4352
       318       4391
       322       6390
       326       4225
       330          0
       334       2084
       338          0
       342          0
       346          0
       350          0
