    0.7782  9.266e+08
         1  2.052e+08
     1.146  1.197e+08
     1.255  7.981e+07
     1.342  5.193e+07
     1.415  3.013e+07
     1.477  2.562e+07
     1.532  2.105e+07
      1.58  2.222e+07
     1.623  1.627e+07
     1.663  1.173e+07
     1.699  1.082e+07
     1.732  9.239e+06
     1.763  7.451e+06
     1.792    5.5e+06
      1.82  4.081e+06
     1.845  2.893e+06
     1.869  2.837e+06
     1.892  2.275e+06
     1.914  2.073e+06
     1.935   1.63e+06
     1.954  1.478e+06
     1.973  1.197e+06
     1.991  1.163e+06
     2.009  1.067e+06
     2.025  1.093e+06
     2.041  1.046e+06
     2.057  6.306e+05
     2.072  7.168e+05
     2.086  6.576e+05
       2.1  4.333e+05
     2.114  4.355e+05
     2.127  3.988e+05
      2.14   3.39e+05
     2.152  2.467e+05
     2.164  3.214e+05
     2.176   5.55e+05
     2.188  3.381e+05
     2.199  3.028e+05
      2.21  4.926e+05
      2.22  5.479e+05
      2.23  2.363e+05
     2.241    2.9e+05
      2.25  2.403e+05
      2.26  2.337e+05
      2.27  1.839e+05
     2.279  1.388e+05
     2.288  1.183e+05
     2.297  1.045e+05
     2.305  1.185e+05
     2.314  7.466e+04
     2.322  9.769e+04
      2.33  7.984e+04
     2.338  8.962e+04
     2.346  5.886e+04
     2.354  7.274e+04
     2.362   5.53e+04
     2.369  4.528e+04
     2.377  6.601e+04
     2.384  5.134e+04
     2.391  7.979e+04
     2.398  6.985e+04
     2.405  6.671e+04
     2.412  8.951e+04
     2.418  8.823e+04
     2.425  5.372e+04
     2.431   3.38e+04
     2.438  3.582e+04
     2.444  2.551e+04
      2.45  3.548e+04
     2.456  2.716e+04
     2.462  1.726e+04
     2.468       7473
     2.474  1.214e+04
      2.48       4547
     2.486       4743
     2.491       8985
     2.497       4352
     2.502       4391
     2.508       6390
     2.513       4225
     2.519          0
     2.524       2084
     2.529          0
     2.534          0
     2.539          0
     2.544          0
