         2  6.757e-14
         6  6.865e-17
        10   3.26e-17
        14  2.381e-17
        18  1.653e-17
        22  1.085e-17
        26  8.324e-18
        30  7.625e-18
        34  5.921e-18
        38  5.792e-18
        42  4.078e-18
        46  3.552e-18
        50  3.577e-18
        54  3.237e-18
        58  2.311e-18
        62  1.772e-18
        66  1.239e-18
     70.01  1.152e-18
     74.01  1.106e-18
     78.01  9.663e-19
     82.01  7.685e-19
     86.01  5.623e-19
     90.01  5.085e-19
     94.01  3.915e-19
     98.01  4.954e-19
       102  4.934e-19
       106  3.675e-19
       110  3.433e-19
       114  2.779e-19
       118  3.402e-19
       122  2.151e-19
       126  2.019e-19
       130  1.892e-19
       134  2.141e-19
       138  1.025e-19
       142  1.045e-19
       146  1.597e-19
       150  1.381e-19
       154  1.002e-19
       158   1.11e-19
       162  2.058e-19
       166   8.98e-20
       170  1.091e-19
       174  8.437e-20
       178  7.283e-20
       182  8.134e-20
       186  5.235e-20
       190  6.031e-20
       194  3.924e-20
       198  4.471e-20
       202  3.584e-20
       206  3.401e-20
       210  3.056e-20
       214   3.48e-20
       218  3.419e-20
       222  2.153e-20
       226  3.027e-20
       230  2.472e-20
       234  2.706e-20
       238  2.293e-20
       242  2.917e-20
       246  3.232e-20
       250  2.966e-20
       254  4.373e-20
       258  6.903e-20
       262  5.323e-20
       266  4.225e-20
       270  2.973e-20
       274  2.985e-20
       278  3.291e-20
       282  3.593e-20
       286  3.287e-20
       290  1.409e-20
       294  2.045e-20
       298  2.229e-20
       302  7.321e-21
       306  1.251e-20
       310  1.351e-20
       314  1.201e-20
       318  6.615e-21
       322  2.117e-20
       326  3.092e-22
       330  3.502e-21
       334  5.808e-21
       338      1e-23
       342      1e-23
       346      1e-23
       350      1e-23
