         2      10.94
         6      18.42
        10      19.23
        14      19.57
        18      19.97
        22      20.43
        26      20.72
        30      20.81
        34      21.09
        38      21.11
        42      21.49
        46      21.64
        50      21.63
        54      21.74
        58      22.11
        62      22.39
        66      22.78
     70.01      22.86
     74.01      22.91
     78.01      23.05
     82.01       23.3
     86.01      23.64
     90.01      23.75
     94.01      24.03
     98.01      23.78
       102      23.78
       106       24.1
       110      24.18
       114      24.41
       118      24.19
       122      24.68
       126      24.75
       130      24.82
       134      24.69
       138      25.49
       142      25.47
       146      25.01
       150      25.17
       154      25.51
       158       25.4
       162      24.73
       166      25.63
       170      25.42
       174       25.7
       178      25.86
       182      25.74
       186      26.22
       190      26.07
       194      26.53
       198      26.39
       202      26.63
       206      26.69
       210       26.8
       214      26.66
       218      26.68
       222      27.18
       226      26.81
       230      27.03
       234      26.94
       238      27.11
       242      26.85
       246      26.74
       250      26.84
       254      26.41
       258      25.92
       262       26.2
       266      26.45
       270      26.83
       274      26.83
       278      26.72
       282      26.63
       286      26.72
       290      27.64
       294      27.24
       298      27.15
       302      28.35
       306      27.77
       310      27.69
       314      27.82
       318      28.46
       322       27.2
       326      31.79
       330      29.16
       334      28.61
       338      35.52
       342      35.52
       346      35.52
       350      35.52
