     6.046  5.947e+08
     10.08  7.707e+07
     14.11  2.698e+07
     18.14  1.522e+07
     22.17   6.72e+06
      26.2  4.779e+06
     30.23  3.303e+06
     34.26  3.261e+06
     38.29  2.608e+06
     42.32   2.33e+06
     46.35  1.835e+06
     50.38  1.319e+06
     54.42  1.473e+06
     58.45  1.307e+06
     62.48  1.077e+06
     66.51  7.219e+05
     70.54  6.643e+05
     74.57  5.017e+05
      78.6  3.681e+05
     82.63  2.576e+05
     86.66  2.248e+05
     90.69  1.277e+05
     94.72  1.356e+05
     98.75  4.193e+04
     102.8  6.926e+04
     106.8   6.75e+04
     110.8       6105
     114.9  3.752e+04
     118.9  6.469e+04
     122.9  3.443e+04
       127  6.607e+04
       131   2.59e+04
       135  3.936e+04
     139.1  1.451e+04
     143.1  2.881e+04
     147.1  2.965e+04
     151.2  1.781e+04
     155.2  1.935e+04
     159.2  1.267e+04
     163.2       4394
     167.3  1.297e+04
     171.3          0
     175.3  4.371e+04
     179.4  4.635e+04
     183.4  2.948e+04
     187.4  4.554e+04
     191.5  7.169e+04
     195.5   1.07e+05
     199.5  7.559e+04
     203.6  4.509e+04
     207.6  2.003e+04
     211.6  1.496e+04
     215.6       3076
     219.7       3058
     223.7          0
     227.7          0
     231.8          0
     235.8          0
     239.8          0
     243.9          0
     247.9          0
     251.9          0
       256          0
       260          0
       264          0
       268          0
     272.1          0
     276.1          0
     280.1          0
     284.2          0
     288.2          0
     292.2          0
     296.3          0
     300.3          0
     304.3          0
     308.4          0
     312.4          0
     316.4          0
     320.4          0
     324.5          0
     328.5          0
     332.5          0
     336.6          0
     340.6          0
