    0.7815  5.947e+08
     1.003  7.707e+07
     1.149  2.698e+07
     1.259  1.522e+07
     1.346   6.72e+06
     1.418  4.779e+06
      1.48  3.303e+06
     1.535  3.261e+06
     1.583  2.608e+06
     1.627   2.33e+06
     1.666  1.835e+06
     1.702  1.319e+06
     1.736  1.473e+06
     1.767  1.307e+06
     1.796  1.077e+06
     1.823  7.219e+05
     1.848  6.643e+05
     1.873  5.017e+05
     1.895  3.681e+05
     1.917  2.576e+05
     1.938  2.248e+05
     1.958  1.277e+05
     1.976  1.356e+05
     1.995  4.193e+04
     2.012  6.926e+04
     2.029   6.75e+04
     2.045       6105
      2.06  3.752e+04
     2.075  6.469e+04
      2.09  3.443e+04
     2.104  6.607e+04
     2.117   2.59e+04
      2.13  3.936e+04
     2.143  1.451e+04
     2.156  2.881e+04
     2.168  2.965e+04
     2.179  1.781e+04
     2.191  1.935e+04
     2.202  1.267e+04
     2.213       4394
     2.223  1.297e+04
     2.234          0
     2.244  4.371e+04
     2.254  4.635e+04
     2.263  2.948e+04
     2.273  4.554e+04
     2.282  7.169e+04
     2.291   1.07e+05
       2.3  7.559e+04
     2.309  4.509e+04
     2.317  2.003e+04
     2.326  1.496e+04
     2.334       3076
     2.342       3058
      2.35          0
     2.357          0
     2.365          0
     2.373          0
      2.38          0
     2.387          0
     2.394          0
     2.401          0
     2.408          0
     2.415          0
     2.422          0
     2.428          0
     2.435          0
     2.441          0
     2.447          0
     2.454          0
      2.46          0
     2.466          0
     2.472          0
     2.478          0
     2.483          0
     2.489          0
     2.495          0
       2.5          0
     2.506          0
     2.511          0
     2.517          0
     2.522          0
     2.527          0
     2.532          0
