     2.015  2.029e-16
     6.046   2.14e-17
     10.08  6.146e-18
     14.11  3.393e-18
     18.14  2.025e-18
     22.17  1.052e-18
      26.2  7.526e-19
     30.23  6.258e-19
     34.26  5.489e-19
     38.29  5.603e-19
     42.32  6.573e-19
     46.35  4.581e-19
     50.38  4.801e-19
     54.42  3.815e-19
     58.45      4e-19
     62.48  3.268e-19
     66.51  2.197e-19
     70.54  2.111e-19
     74.57  1.363e-19
      78.6   1.15e-19
     82.63   6.59e-20
     86.66   4.49e-20
     90.69  3.454e-20
     94.72  2.526e-20
     98.75  1.179e-20
     102.8  1.729e-20
     106.8  8.754e-21
     110.8  5.556e-21
     114.9  1.534e-20
     118.9  1.451e-20
     122.9  1.109e-20
       127  1.087e-20
       131  9.268e-21
       135  6.535e-21
     139.1  5.506e-21
     143.1  8.646e-21
     147.1  4.457e-21
     151.2  3.021e-21
     155.2  5.274e-21
     159.2   1.91e-21
     163.2  2.494e-21
     167.3  1.622e-21
     171.3  7.672e-21
     175.3  1.149e-20
     179.4  9.526e-21
     183.4  1.331e-20
     187.4  2.017e-20
     191.5  3.758e-20
     195.5  4.363e-20
     199.5  1.222e-20
     203.6  8.556e-21
     207.6  9.551e-21
     211.6  2.352e-21
     215.6  5.715e-22
     219.7  3.595e-22
     223.7      1e-23
     227.7      1e-23
     231.8      1e-23
     235.8      1e-23
     239.8      1e-23
     243.9      1e-23
     247.9      1e-23
     251.9      1e-23
       256      1e-23
       260      1e-23
       264      1e-23
       268      1e-23
     272.1      1e-23
     276.1      1e-23
     280.1      1e-23
     284.2      1e-23
     288.2      1e-23
     292.2      1e-23
     296.3      1e-23
     300.3      1e-23
     304.3      1e-23
     308.4      1e-23
     312.4      1e-23
     316.4      1e-23
     320.4      1e-23
     324.5      1e-23
     328.5      1e-23
     332.5      1e-23
     336.6      1e-23
     340.6      1e-23
