     6.122  2.091e+08
      10.2  2.467e+07
     14.28  7.581e+06
     18.37  3.804e+06
     22.45  2.681e+06
     26.53  2.116e+06
     30.61  1.682e+06
     34.69  1.952e+06
     38.77  7.984e+05
     42.85  9.012e+05
     46.93  6.211e+05
     51.02  8.577e+05
      55.1   7.37e+05
     59.18   5.85e+05
     63.26  5.772e+05
     67.34  4.227e+05
     71.42  4.859e+05
      75.5  5.721e+05
     79.59   6.18e+05
     83.67  3.762e+05
     87.75  4.283e+05
     91.83  2.576e+05
     95.91  1.684e+05
     99.99  1.574e+05
     104.1   2.01e+05
     108.2  3.483e+05
     112.2  4.709e+05
     116.3  3.757e+05
     120.4  3.072e+05
     124.5  9.183e+04
     128.6  4.873e+04
     132.6   2.09e+04
     136.7  1.007e+04
     140.8  1.464e+04
     144.9       4683
       149       9033
       153          0
     157.1          0
     161.2          0
     165.3          0
     169.4          0
     173.5          0
     177.5          0
     181.6          0
     185.7          0
     189.8          0
     193.9          0
