     6.122   5.23e+08
      10.2  1.493e+08
     14.28  7.055e+07
     18.37  4.135e+07
     22.45  2.743e+07
     26.53  1.969e+07
     30.61  1.491e+07
     34.69  1.188e+07
     38.77  9.551e+06
     42.85  7.908e+06
     46.93  6.643e+06
     51.02  5.719e+06
      55.1  4.982e+06
     59.18  4.376e+06
     63.26  3.887e+06
     67.34  3.467e+06
     71.42  3.127e+06
      75.5  2.851e+06
     79.59  2.622e+06
     83.67  2.403e+06
     87.75  2.219e+06
     91.83  2.045e+06
     95.91  1.885e+06
     99.99  1.744e+06
     104.1  1.623e+06
     108.2  1.527e+06
     112.2   1.45e+06
     116.3  1.375e+06
     120.4  1.303e+06
     124.5  1.223e+06
     128.6  1.149e+06
     132.6  1.079e+06
     136.7  1.016e+06
     140.8  9.575e+05
     144.9  9.039e+05
       149  8.548e+05
       153  8.093e+05
     157.1  7.672e+05
     161.2  7.284e+05
     165.3  6.924e+05
     169.4  6.591e+05
     173.5   6.28e+05
     177.5  5.992e+05
     181.6  5.722e+05
     185.7  5.471e+05
     189.8  5.236e+05
     193.9  5.015e+05
