    0.7869   5.23e+08
     1.009  1.493e+08
     1.155  7.055e+07
     1.264  4.135e+07
     1.351  2.743e+07
     1.424  1.969e+07
     1.486  1.491e+07
      1.54  1.188e+07
     1.589  9.551e+06
     1.632  7.908e+06
     1.671  6.643e+06
     1.708  5.719e+06
     1.741  4.982e+06
     1.772  4.376e+06
     1.801  3.887e+06
     1.828  3.467e+06
     1.854  3.127e+06
     1.878  2.851e+06
     1.901  2.622e+06
     1.923  2.403e+06
     1.943  2.219e+06
     1.963  2.045e+06
     1.982  1.885e+06
         2  1.744e+06
     2.017  1.623e+06
     2.034  1.527e+06
      2.05   1.45e+06
     2.066  1.375e+06
     2.081  1.303e+06
     2.095  1.223e+06
     2.109  1.149e+06
     2.123  1.079e+06
     2.136  1.016e+06
     2.149  9.575e+05
     2.161  9.039e+05
     2.173  8.548e+05
     2.185  8.093e+05
     2.196  7.672e+05
     2.207  7.284e+05
     2.218  6.924e+05
     2.229  6.591e+05
     2.239   6.28e+05
     2.249  5.992e+05
     2.259  5.722e+05
     2.269  5.471e+05
     2.278  5.236e+05
     2.287  5.015e+05
