    0.7869  2.091e+08
     1.009  2.467e+07
     1.155  7.581e+06
     1.264  3.804e+06
     1.351  2.681e+06
     1.424  2.116e+06
     1.486  1.682e+06
      1.54  1.952e+06
     1.589  7.984e+05
     1.632  9.012e+05
     1.671  6.211e+05
     1.708  8.577e+05
     1.741   7.37e+05
     1.772   5.85e+05
     1.801  5.772e+05
     1.828  4.227e+05
     1.854  4.859e+05
     1.878  5.721e+05
     1.901   6.18e+05
     1.923  3.762e+05
     1.943  4.283e+05
     1.963  2.576e+05
     1.982  1.684e+05
         2  1.574e+05
     2.017   2.01e+05
     2.034  3.483e+05
      2.05  4.709e+05
     2.066  3.757e+05
     2.081  3.072e+05
     2.095  9.183e+04
     2.109  4.873e+04
     2.123   2.09e+04
     2.136  1.007e+04
     2.149  1.464e+04
     2.161       4683
     2.173       9033
     2.185          0
     2.196          0
     2.207          0
     2.218          0
     2.229          0
     2.239          0
     2.249          0
     2.259          0
     2.269          0
     2.278          0
     2.287          0
