     2.041      19.29
     6.122      21.46
      10.2      23.56
     14.28      25.79
     18.37      27.98
     22.45      29.71
     26.53       30.1
     30.61      31.02
     34.69      31.19
     38.77      32.37
     42.85      32.45
     46.93      32.67
     51.02      33.25
      55.1      33.33
     59.18      33.08
     63.26      33.25
     67.34      33.56
     71.42      33.18
      75.5      33.28
     79.59      33.48
     83.67      33.95
     87.75      34.08
     91.83      34.51
     95.91      34.76
     99.99      34.74
     104.1      34.65
     108.2      34.57
     112.2      34.76
     116.3      34.74
     120.4      34.97
     124.5      35.24
     128.6      35.34
     132.6      35.44
     136.7       35.4
     140.8      35.49
     144.9      35.44
       149       35.5
       153      35.52
     157.1      35.52
     161.2      35.52
     165.3      35.52
     169.4      35.52
     173.5      35.52
     177.5      35.52
     181.6      35.52
     185.7      35.52
     189.8      35.52
     193.9      35.52
