      nan       nan       nan       inf       inf       inf
      nan       nan       nan       inf       inf       inf
      nan       nan       nan       inf       inf       inf
    0.000     4.024     0.483  3.84e-34      6.67   0.00722
    0.000     4.024     0.483  3.84e-34      6.67   0.00722
    0.000     4.024     0.483  3.84e-34      6.67   0.00722
    0.000     0.058     0.232    -9.900     2.720     3.815
    0.000     0.058     0.232    -9.900     2.720     3.815
    0.000     0.058     0.232    -9.900     2.720     3.815
    0.000     0.058     0.232    -9.900     2.720     3.815
    0.000     0.058     0.232    -9.900     2.720     3.815
    0.000     2.709     0.348   -17.992     0.950     1.630
    0.000     2.709     0.348   -17.992     0.950     1.630
    0.000     2.709     0.348   -17.992     0.950     1.630
    0.000     2.709     0.348   -17.992     0.950     1.630
   -0.158     1.005     1.001     0.158     1.005     1.001
    0.000     0.084     0.260
    0.000     0.115     0.232
    0.000     0.084     0.260
    0.000     0.115     0.232
    0.000     0.115     0.232
    0.000     1.388     0.331
    0.000     0.115     0.232
    0.000     0.115     0.232
