     6.003  7.923e+08
        10  2.561e+08
     14.01  1.333e+08
     18.01  8.409e+07
     22.01  5.934e+07
     26.01  4.461e+07
     30.01  3.453e+07
     34.01  2.772e+07
     38.02   2.29e+07
     42.02  1.941e+07
     46.02  1.671e+07
     50.02  1.466e+07
     54.02  1.291e+07
     58.03  1.141e+07
     62.03  1.014e+07
     66.03  9.143e+06
     70.03  8.305e+06
     74.03  7.572e+06
     78.03   6.93e+06
     82.04  6.374e+06
     86.04  5.938e+06
     90.04  5.563e+06
     94.04   5.22e+06
     98.04  4.888e+06
       102  4.591e+06
       106  4.307e+06
       110  4.039e+06
       114  3.789e+06
     118.1   3.56e+06
     122.1  3.356e+06
     126.1  3.176e+06
     130.1   3.01e+06
     134.1  2.849e+06
     138.1  2.699e+06
     142.1  2.565e+06
     146.1  2.446e+06
     150.1  2.353e+06
     154.1  2.252e+06
     158.1  2.154e+06
     162.1  2.061e+06
     166.1  1.977e+06
     170.1  1.897e+06
     174.1  1.824e+06
     178.1  1.755e+06
     182.1  1.691e+06
     186.1  1.634e+06
     190.1  1.582e+06
     194.1  1.535e+06
     198.1   1.49e+06
     202.1  1.446e+06
     206.1  1.404e+06
     210.1  1.363e+06
     214.1  1.322e+06
     218.1  1.282e+06
     222.1  1.244e+06
     226.1  1.208e+06
     230.1  1.173e+06
     234.1   1.14e+06
     238.1  1.108e+06
     242.1  1.079e+06
     246.1  1.051e+06
     250.1  1.025e+06
     254.1      1e+06
     258.1   9.85e+05
     262.1   9.82e+05
     266.1  9.548e+05
     270.1  9.278e+05
     274.1  9.014e+05
     278.1  8.761e+05
     282.1  8.516e+05
     286.1   8.28e+05
     290.1  8.052e+05
     294.1  7.837e+05
     298.1  7.631e+05
     302.1   7.43e+05
     306.1  7.237e+05
     310.1  7.057e+05
     314.1  6.878e+05
     318.1  6.706e+05
     322.1  6.541e+05
     326.1  6.384e+05
     330.1  6.231e+05
     334.1  6.084e+05
     338.1  5.941e+05
     342.1  5.802e+05
     346.2  5.668e+05
     350.2  5.539e+05
