     6.003  4.487e+08
        10  7.734e+07
     14.01  3.513e+07
     18.01  2.078e+07
     22.01  1.535e+07
     26.01  1.111e+07
     30.01  6.613e+06
     34.01  5.474e+06
     38.02   4.76e+06
     42.02  4.538e+06
     46.02  3.836e+06
     50.02  3.881e+06
     54.02  2.807e+06
     58.03  2.026e+06
     62.03  1.552e+06
     66.03  1.934e+06
     70.03  1.801e+06
     74.03  1.516e+06
     78.03  1.314e+06
     82.04  1.225e+06
     86.04  1.688e+06
     90.04  1.708e+06
     94.04  1.541e+06
     98.04  1.144e+06
       102  1.102e+06
       106  8.199e+05
       110  6.216e+05
       114  4.782e+05
     118.1   4.16e+05
     122.1  4.502e+05
     126.1   5.17e+05
     130.1  4.703e+05
     134.1  3.223e+05
     138.1  2.606e+05
     142.1  3.082e+05
     146.1  4.039e+05
     150.1  6.943e+05
     154.1  4.191e+05
     158.1  3.016e+05
     162.1  2.862e+05
     166.1  3.109e+05
     170.1  2.854e+05
     174.1  2.919e+05
     178.1   2.88e+05
     182.1  3.062e+05
     186.1  3.625e+05
     190.1  3.997e+05
     194.1  4.549e+05
     198.1   4.18e+05
     202.1  3.849e+05
     206.1  3.488e+05
     210.1  3.365e+05
     214.1  2.474e+05
     218.1    2.4e+05
     222.1  2.405e+05
     226.1  2.285e+05
     230.1  2.047e+05
     234.1  1.837e+05
     238.1  2.026e+05
     242.1  2.318e+05
     246.1  2.178e+05
     250.1  2.438e+05
     254.1  2.268e+05
     258.1    5.1e+05
     262.1   8.88e+05
     266.1  7.754e+04
     270.1  4.391e+04
     274.1  2.284e+04
     278.1  2.408e+04
     282.1  1.169e+04
     286.1       7146
     290.1       2231
     294.1  1.418e+04
     298.1  1.568e+04
     302.1       4552
     306.1       4358
     310.1  2.644e+04
     314.1       4496
     318.1       2086
     322.1       8549
     326.1  1.469e+04
     330.1       5921
     334.1       9915
     338.1       4412
     342.1          0
     346.2       1879
     350.2          0
