    0.7783  7.923e+08
         1  2.561e+08
     1.146  1.333e+08
     1.255  8.409e+07
     1.343  5.934e+07
     1.415  4.461e+07
     1.477  3.453e+07
     1.532  2.772e+07
      1.58   2.29e+07
     1.623  1.941e+07
     1.663  1.671e+07
     1.699  1.466e+07
     1.733  1.291e+07
     1.764  1.141e+07
     1.793  1.014e+07
      1.82  9.143e+06
     1.845  8.305e+06
     1.869  7.572e+06
     1.892   6.93e+06
     1.914  6.374e+06
     1.935  5.938e+06
     1.954  5.563e+06
     1.973   5.22e+06
     1.991  4.888e+06
     2.009  4.591e+06
     2.025  4.307e+06
     2.042  4.039e+06
     2.057  3.789e+06
     2.072   3.56e+06
     2.087  3.356e+06
     2.101  3.176e+06
     2.114   3.01e+06
     2.127  2.849e+06
      2.14  2.699e+06
     2.152  2.565e+06
     2.165  2.446e+06
     2.176  2.353e+06
     2.188  2.252e+06
     2.199  2.154e+06
      2.21  2.061e+06
      2.22  1.977e+06
     2.231  1.897e+06
     2.241  1.824e+06
     2.251  1.755e+06
      2.26  1.691e+06
      2.27  1.634e+06
     2.279  1.582e+06
     2.288  1.535e+06
     2.297   1.49e+06
     2.306  1.446e+06
     2.314  1.404e+06
     2.322  1.363e+06
     2.331  1.322e+06
     2.339  1.282e+06
     2.347  1.244e+06
     2.354  1.208e+06
     2.362  1.173e+06
     2.369   1.14e+06
     2.377  1.108e+06
     2.384  1.079e+06
     2.391  1.051e+06
     2.398  1.025e+06
     2.405      1e+06
     2.412   9.85e+05
     2.418   9.82e+05
     2.425  9.548e+05
     2.432  9.278e+05
     2.438  9.014e+05
     2.444  8.761e+05
      2.45  8.516e+05
     2.457   8.28e+05
     2.463  8.052e+05
     2.469  7.837e+05
     2.474  7.631e+05
      2.48   7.43e+05
     2.486  7.237e+05
     2.492  7.057e+05
     2.497  6.878e+05
     2.503  6.706e+05
     2.508  6.541e+05
     2.513  6.384e+05
     2.519  6.231e+05
     2.524  6.084e+05
     2.529  5.941e+05
     2.534  5.802e+05
     2.539  5.668e+05
     2.544  5.539e+05
