    0.7783  4.487e+08
         1  7.734e+07
     1.146  3.513e+07
     1.255  2.078e+07
     1.343  1.535e+07
     1.415  1.111e+07
     1.477  6.613e+06
     1.532  5.474e+06
      1.58   4.76e+06
     1.623  4.538e+06
     1.663  3.836e+06
     1.699  3.881e+06
     1.733  2.807e+06
     1.764  2.026e+06
     1.793  1.552e+06
      1.82  1.934e+06
     1.845  1.801e+06
     1.869  1.516e+06
     1.892  1.314e+06
     1.914  1.225e+06
     1.935  1.688e+06
     1.954  1.708e+06
     1.973  1.541e+06
     1.991  1.144e+06
     2.009  1.102e+06
     2.025  8.199e+05
     2.042  6.216e+05
     2.057  4.782e+05
     2.072   4.16e+05
     2.087  4.502e+05
     2.101   5.17e+05
     2.114  4.703e+05
     2.127  3.223e+05
      2.14  2.606e+05
     2.152  3.082e+05
     2.165  4.039e+05
     2.176  6.943e+05
     2.188  4.191e+05
     2.199  3.016e+05
      2.21  2.862e+05
      2.22  3.109e+05
     2.231  2.854e+05
     2.241  2.919e+05
     2.251   2.88e+05
      2.26  3.062e+05
      2.27  3.625e+05
     2.279  3.997e+05
     2.288  4.549e+05
     2.297   4.18e+05
     2.306  3.849e+05
     2.314  3.488e+05
     2.322  3.365e+05
     2.331  2.474e+05
     2.339    2.4e+05
     2.347  2.405e+05
     2.354  2.285e+05
     2.362  2.047e+05
     2.369  1.837e+05
     2.377  2.026e+05
     2.384  2.318e+05
     2.391  2.178e+05
     2.398  2.438e+05
     2.405  2.268e+05
     2.412    5.1e+05
     2.418   8.88e+05
     2.425  7.754e+04
     2.432  4.391e+04
     2.438  2.284e+04
     2.444  2.408e+04
      2.45  1.169e+04
     2.457       7146
     2.463       2231
     2.469  1.418e+04
     2.474  1.568e+04
      2.48       4552
     2.486       4358
     2.492  2.644e+04
     2.497       4496
     2.503       2086
     2.508       8549
     2.513  1.469e+04
     2.519       5921
     2.524       9915
     2.529       4412
     2.534          0
     2.539       1879
     2.544          0
