     2.001      18.62
     6.003      20.38
        10      21.37
     14.01      21.93
     18.01      22.37
     22.01      22.58
     26.01      22.97
     30.01      23.57
     34.01      23.34
     38.02      23.78
     42.02      24.66
     46.02      24.74
     50.02         25
     54.02      26.24
     58.03      27.43
     62.03      27.36
     66.03      27.77
     70.03      27.99
     74.03       28.9
     78.03       29.1
     82.04      29.35
     86.04      29.71
     90.04      29.79
     94.04      30.37
     98.04      30.41
       102      30.39
       106      30.86
       110       31.3
       114      31.35
     118.1      31.88
     122.1      31.64
     126.1      31.34
     130.1       32.1
     134.1      32.27
     138.1       32.3
     142.1      32.53
     146.1      32.39
     150.1      32.13
     154.1      31.97
     158.1      32.34
     162.1      32.26
     166.1      32.36
     170.1      32.63
     174.1      32.83
     178.1      32.93
     182.1       32.8
     186.1      33.01
     190.1      32.98
     194.1       32.7
     198.1      32.55
     202.1      32.67
     206.1      32.92
     210.1      33.15
     214.1      33.35
     218.1      33.43
     222.1       33.7
     226.1      33.75
     230.1      33.67
     234.1      34.01
     238.1      33.64
     242.1      33.72
     246.1      33.62
     250.1      33.68
     254.1      33.59
     258.1      33.79
     262.1      34.11
     266.1      34.42
     270.1      34.59
     274.1      34.69
     278.1      34.66
     282.1      35.01
     286.1       35.3
     290.1      35.05
     294.1      34.62
     298.1      34.82
     302.1       35.2
     306.1      34.54
     310.1       34.4
     314.1      35.16
     318.1      35.01
     322.1      34.57
     326.1       34.3
     330.1      33.75
     334.1      33.64
     338.1      34.65
     342.1      34.99
     346.2      35.35
     350.2      35.52
