     6.032  3.431e+08
     10.05  1.155e+08
     14.08  6.043e+07
      18.1  3.004e+07
     22.12  1.564e+07
     26.14  7.456e+06
     30.16  6.018e+06
     34.18   4.94e+06
      38.2  3.637e+06
     42.23  2.453e+06
     46.25  2.256e+06
     50.27  1.845e+06
     54.29  1.283e+06
     58.31  9.449e+05
     62.33  5.655e+05
     66.35  5.585e+05
     70.38  6.343e+05
      74.4  4.793e+05
     78.42  5.914e+05
     82.44  6.387e+05
     86.46  5.397e+05
     90.48   4.84e+05
      94.5  5.531e+05
     98.53  5.479e+05
     102.5  5.632e+05
     106.6  5.569e+05
     110.6  4.624e+05
     114.6  3.901e+05
     118.6   4.14e+05
     122.7  4.118e+05
     126.7  3.649e+05
     130.7  3.191e+05
     134.7  2.155e+05
     138.7  2.859e+05
     142.8  4.213e+05
     146.8  4.523e+05
     150.8  7.009e+05
     154.8  4.898e+05
     158.8  4.841e+05
     162.9  4.683e+05
     166.9  3.006e+05
     170.9  2.635e+05
     174.9    1.6e+05
       179  1.148e+05
       183  7.685e+04
       187   6.22e+04
       191  4.385e+04
       195  1.037e+04
     199.1  4.502e+04
     203.1  4.476e+04
     207.1  5.366e+04
     211.1    5.8e+04
     215.1  3.756e+04
     219.2  7.118e+04
     223.2  3.324e+04
     227.2  3.299e+04
     231.2  1.284e+04
     235.3  1.705e+04
     239.3       8403
     243.3       2802
     247.3  1.403e+04
     251.3       8136
     255.4       5924
     259.4       7754
     263.4       7752
     267.4          0
     271.4       2715
     275.5       4934
     279.5       4810
     283.5       4827
     287.5       9288
     291.6       2832
     295.6          0
     299.6          0
     303.6       2233
     307.6       4872
     311.7          0
     315.7          0
     319.7       8853
     323.7       2022
     327.7          0
     331.8       2096
     335.8       2081
     339.8       4134
     343.8          0
