     6.032  6.007e+08
     10.05  2.368e+08
     14.08  1.388e+08
      18.1  9.122e+07
     22.12  6.401e+07
     26.14  4.673e+07
     30.16  3.593e+07
     34.18  2.867e+07
      38.2  2.341e+07
     42.23  1.943e+07
     46.25  1.645e+07
     50.27  1.412e+07
     54.29  1.222e+07
     58.31  1.067e+07
     62.33  9.364e+06
     66.35  8.298e+06
     70.38  7.423e+06
      74.4  6.673e+06
     78.42  6.049e+06
     82.44  5.522e+06
     86.46  5.059e+06
     90.48  4.652e+06
      94.5  4.303e+06
     98.53  3.997e+06
     102.5  3.728e+06
     106.6  3.489e+06
     110.6  3.269e+06
     114.6  3.067e+06
     118.6  2.887e+06
     122.7  2.725e+06
     126.7  2.575e+06
     130.7  2.436e+06
     134.7  2.303e+06
     138.7  2.187e+06
     142.8  2.087e+06
     146.8  1.998e+06
     150.8  1.928e+06
     154.8  1.854e+06
     158.8  1.784e+06
     162.9  1.719e+06
     166.9  1.651e+06
     170.9  1.586e+06
     174.9   1.52e+06
       179  1.457e+06
       183  1.396e+06
       187  1.339e+06
       191  1.284e+06
       195  1.232e+06
     199.1  1.184e+06
     203.1  1.139e+06
     207.1  1.097e+06
     211.1  1.057e+06
     215.1  1.019e+06
     219.2  9.843e+05
     223.2    9.5e+05
     227.2  9.175e+05
     231.2  8.861e+05
     235.3  8.564e+05
     239.3  8.279e+05
     243.3  8.006e+05
     247.3   7.75e+05
     251.3  7.505e+05
     255.4   7.27e+05
     259.4  7.047e+05
     263.4  6.834e+05
     267.4  6.629e+05
     271.4  6.433e+05
     275.5  6.247e+05
     279.5  6.069e+05
     283.5  5.898e+05
     287.5  5.735e+05
     291.6  5.578e+05
     295.6  5.426e+05
     299.6  5.281e+05
     303.6  5.141e+05
     307.6  5.008e+05
     311.7  4.879e+05
     315.7  4.755e+05
     319.7  4.637e+05
     323.7  4.523e+05
     327.7  4.412e+05
     331.8  4.305e+05
     335.8  4.202e+05
     339.8  4.104e+05
     343.8  4.008e+05
