    0.7805  3.431e+08
     1.002  1.155e+08
     1.148  6.043e+07
     1.258  3.004e+07
     1.345  1.564e+07
     1.417  7.456e+06
     1.479  6.018e+06
     1.534   4.94e+06
     1.582  3.637e+06
     1.626  2.453e+06
     1.665  2.256e+06
     1.701  1.845e+06
     1.735  1.283e+06
     1.766  9.449e+05
     1.795  5.655e+05
     1.822  5.585e+05
     1.847  6.343e+05
     1.872  4.793e+05
     1.894  5.914e+05
     1.916  6.387e+05
     1.937  5.397e+05
     1.957   4.84e+05
     1.975  5.531e+05
     1.994  5.479e+05
     2.011  5.632e+05
     2.028  5.569e+05
     2.044  4.624e+05
     2.059  3.901e+05
     2.074   4.14e+05
     2.089  4.118e+05
     2.103  3.649e+05
     2.116  3.191e+05
     2.129  2.155e+05
     2.142  2.859e+05
     2.155  4.213e+05
     2.167  4.523e+05
     2.178  7.009e+05
      2.19  4.898e+05
     2.201  4.841e+05
     2.212  4.683e+05
     2.222  3.006e+05
     2.233  2.635e+05
     2.243    1.6e+05
     2.253  1.148e+05
     2.262  7.685e+04
     2.272   6.22e+04
     2.281  4.385e+04
      2.29  1.037e+04
     2.299  4.502e+04
     2.308  4.476e+04
     2.316  5.366e+04
     2.325    5.8e+04
     2.333  3.756e+04
     2.341  7.118e+04
     2.349  3.324e+04
     2.356  3.299e+04
     2.364  1.284e+04
     2.372  1.705e+04
     2.379       8403
     2.386       2802
     2.393  1.403e+04
       2.4       8136
     2.407       5924
     2.414       7754
     2.421       7752
     2.427          0
     2.434       2715
      2.44       4934
     2.446       4810
     2.453       4827
     2.459       9288
     2.465       2832
     2.471          0
     2.477          0
     2.482       2233
     2.488       4872
     2.494          0
     2.499          0
     2.505       8853
      2.51       2022
     2.516          0
     2.521       2096
     2.526       2081
     2.531       4134
     2.536          0
