    0.7805  6.007e+08
     1.002  2.368e+08
     1.148  1.388e+08
     1.258  9.122e+07
     1.345  6.401e+07
     1.417  4.673e+07
     1.479  3.593e+07
     1.534  2.867e+07
     1.582  2.341e+07
     1.626  1.943e+07
     1.665  1.645e+07
     1.701  1.412e+07
     1.735  1.222e+07
     1.766  1.067e+07
     1.795  9.364e+06
     1.822  8.298e+06
     1.847  7.423e+06
     1.872  6.673e+06
     1.894  6.049e+06
     1.916  5.522e+06
     1.937  5.059e+06
     1.957  4.652e+06
     1.975  4.303e+06
     1.994  3.997e+06
     2.011  3.728e+06
     2.028  3.489e+06
     2.044  3.269e+06
     2.059  3.067e+06
     2.074  2.887e+06
     2.089  2.725e+06
     2.103  2.575e+06
     2.116  2.436e+06
     2.129  2.303e+06
     2.142  2.187e+06
     2.155  2.087e+06
     2.167  1.998e+06
     2.178  1.928e+06
      2.19  1.854e+06
     2.201  1.784e+06
     2.212  1.719e+06
     2.222  1.651e+06
     2.233  1.586e+06
     2.243   1.52e+06
     2.253  1.457e+06
     2.262  1.396e+06
     2.272  1.339e+06
     2.281  1.284e+06
      2.29  1.232e+06
     2.299  1.184e+06
     2.308  1.139e+06
     2.316  1.097e+06
     2.325  1.057e+06
     2.333  1.019e+06
     2.341  9.843e+05
     2.349    9.5e+05
     2.356  9.175e+05
     2.364  8.861e+05
     2.372  8.564e+05
     2.379  8.279e+05
     2.386  8.006e+05
     2.393   7.75e+05
       2.4  7.505e+05
     2.407   7.27e+05
     2.414  7.047e+05
     2.421  6.834e+05
     2.427  6.629e+05
     2.434  6.433e+05
      2.44  6.247e+05
     2.446  6.069e+05
     2.453  5.898e+05
     2.459  5.735e+05
     2.465  5.578e+05
     2.471  5.426e+05
     2.477  5.281e+05
     2.482  5.141e+05
     2.488  5.008e+05
     2.494  4.879e+05
     2.499  4.755e+05
     2.505  4.637e+05
      2.51  4.523e+05
     2.516  4.412e+05
     2.521  4.305e+05
     2.526  4.202e+05
     2.531  4.104e+05
     2.536  4.008e+05
