     2.011      18.21
     6.032      19.35
     10.05      19.94
     14.08      20.49
      18.1      21.28
     22.12      22.11
     26.14      22.47
     30.16      23.27
     34.18      23.93
      38.2      24.51
     42.23      26.24
     46.25       27.2
     50.27      27.37
     54.29       28.1
     58.31       29.2
     62.33      29.62
     66.35      29.64
     70.38      30.73
      74.4      30.36
     78.42      30.58
     82.44      31.04
     86.46       31.4
     90.48       31.1
      94.5      31.14
     98.53      31.62
     102.5      31.61
     106.6      31.67
     110.6      32.27
     114.6      32.23
     118.6      32.16
     122.7      32.43
     126.7       32.6
     130.7      33.33
     134.7      33.07
     138.7      32.82
     142.8      32.92
     146.8      32.91
     150.8      32.64
     154.8      32.71
     158.8      32.65
     162.9      32.76
     166.9      33.25
     170.9      33.86
     174.9      34.13
       179       34.2
       183      34.44
       187      34.61
       191      35.11
       195         35
     199.1      34.88
     203.1      34.85
     207.1      34.73
     211.1      34.94
     215.1      34.94
     219.2      34.93
     223.2      35.08
     227.2      35.22
     231.2      35.28
     235.3      35.35
     239.3       35.4
     243.3      35.36
     247.3      35.35
     251.3      35.28
     255.4      35.31
     259.4      35.24
     263.4      35.41
     267.4      35.44
     271.4      35.43
     275.5      35.22
     279.5      35.26
     283.5      35.23
     287.5      35.11
     291.6      35.46
     295.6      35.52
     299.6      35.49
     303.6      35.26
     307.6      35.11
     311.7       35.4
     315.7         35
     319.7       35.1
     323.7      35.35
     327.7      35.31
     331.8      34.76
     335.8      34.09
     339.8      34.33
     343.8      35.52
