     6.002  8.455e+08
        10   4.26e+08
        14  3.054e+08
        18  2.444e+08
     22.01  2.043e+08
     26.01   1.75e+08
     30.01   1.53e+08
     34.01  1.353e+08
     38.01  1.211e+08
     42.01  1.087e+08
     46.01   9.88e+07
     50.01  8.966e+07
     54.01  8.216e+07
     58.02  7.575e+07
     62.02  7.037e+07
     66.02  6.558e+07
     70.02  6.116e+07
     74.02  5.725e+07
     78.02  5.381e+07
     82.02  5.067e+07
     86.02  4.786e+07
     90.02  4.532e+07
     94.03  4.299e+07
     98.03   4.09e+07
       102  3.895e+07
       106  3.717e+07
       110  3.558e+07
       114  3.406e+07
       118  3.267e+07
       122  3.143e+07
       126  3.023e+07
       130  2.902e+07
       134  2.787e+07
       138   2.68e+07
       142   2.58e+07
       146  2.486e+07
       150  2.396e+07
       154  2.312e+07
       158  2.232e+07
       162  2.156e+07
       166  2.083e+07
       170  2.018e+07
       174  1.954e+07
       178  1.892e+07
     182.1  1.833e+07
     186.1  1.776e+07
     190.1  1.723e+07
     194.1  1.673e+07
     198.1  1.626e+07
     202.1  1.581e+07
     206.1  1.539e+07
     210.1  1.497e+07
     214.1  1.457e+07
     218.1  1.418e+07
     222.1  1.381e+07
     226.1  1.346e+07
     230.1  1.313e+07
     234.1   1.28e+07
     238.1  1.248e+07
     242.1  1.219e+07
     246.1  1.191e+07
     250.1  1.163e+07
     254.1  1.134e+07
     258.1  1.105e+07
     262.1  1.076e+07
     266.1  1.048e+07
     270.1   1.02e+07
     274.1  9.937e+06
     278.1  9.677e+06
     282.1  9.426e+06
     286.1  9.183e+06
     290.1  8.948e+06
     294.1   8.72e+06
     298.1  8.499e+06
     302.1  8.289e+06
     306.1  8.081e+06
     310.1   7.88e+06
     314.1  7.686e+06
     318.1  7.498e+06
     322.1  7.316e+06
     326.1   7.14e+06
     330.1   6.97e+06
     334.1  6.804e+06
     338.1  6.645e+06
     342.1  6.491e+06
     346.1  6.342e+06
     350.1  6.197e+06
