     6.002  5.559e+08
        10  2.862e+08
        14   2.09e+08
        18  1.659e+08
     22.01  1.329e+08
     26.01  1.084e+08
     30.01  9.214e+07
     34.01  7.766e+07
     38.01  6.753e+07
     42.01  5.601e+07
     46.01  5.148e+07
     50.01  4.157e+07
     54.01  3.895e+07
     58.02  3.568e+07
     62.02  3.398e+07
     66.02  3.081e+07
     70.02  2.687e+07
     74.02  2.499e+07
     78.02   2.37e+07
     82.02  2.161e+07
     86.02   2.04e+07
     90.02  1.927e+07
     94.03  1.794e+07
     98.03  1.743e+07
       102  1.596e+07
       106  1.544e+07
       110  1.525e+07
       114  1.388e+07
       118  1.352e+07
       122  1.376e+07
       126  1.259e+07
       130  1.052e+07
       134  9.687e+06
       138  9.521e+06
       142  9.037e+06
       146  8.696e+06
       150  7.919e+06
       154  7.776e+06
       158   7.25e+06
       162  6.987e+06
       166  6.344e+06
       170  7.011e+06
       174  6.363e+06
       178  5.747e+06
     182.1  5.349e+06
     186.1  5.291e+06
     190.1  4.998e+06
     194.1  5.072e+06
     198.1  5.231e+06
     202.1  4.914e+06
     206.1  4.839e+06
     210.1  4.561e+06
     214.1  4.065e+06
     218.1  4.167e+06
     222.1  3.851e+06
     226.1  3.894e+06
     230.1  3.823e+06
     234.1  3.491e+06
     238.1  3.412e+06
     242.1  3.779e+06
     246.1  3.533e+06
     250.1  3.174e+06
     254.1  2.389e+06
     258.1  1.849e+06
     262.1  1.593e+06
     266.1  1.416e+06
     270.1  1.255e+06
     274.1  1.048e+06
     278.1  9.141e+05
     282.1  8.218e+05
     286.1  7.306e+05
     290.1  6.969e+05
     294.1  5.574e+05
     298.1   4.98e+05
     302.1   5.46e+05
     306.1  3.536e+05
     310.1  2.918e+05
     314.1  2.565e+05
     318.1  1.987e+05
     322.1  1.833e+05
     326.1   1.31e+05
     330.1  1.231e+05
     334.1  7.486e+04
     338.1  6.489e+04
     342.1  5.547e+04
     346.1  3.635e+04
     350.1  2.838e+04
