    0.7783  5.559e+08
         1  2.862e+08
     1.146   2.09e+08
     1.255  1.659e+08
     1.343  1.329e+08
     1.415  1.084e+08
     1.477  9.214e+07
     1.532  7.766e+07
      1.58  6.753e+07
     1.623  5.601e+07
     1.663  5.148e+07
     1.699  4.157e+07
     1.733  3.895e+07
     1.764  3.568e+07
     1.793  3.398e+07
      1.82  3.081e+07
     1.845  2.687e+07
     1.869  2.499e+07
     1.892   2.37e+07
     1.914  2.161e+07
     1.935   2.04e+07
     1.954  1.927e+07
     1.973  1.794e+07
     1.991  1.743e+07
     2.009  1.596e+07
     2.025  1.544e+07
     2.042  1.525e+07
     2.057  1.388e+07
     2.072  1.352e+07
     2.086  1.376e+07
       2.1  1.259e+07
     2.114  1.052e+07
     2.127  9.687e+06
      2.14  9.521e+06
     2.152  9.037e+06
     2.164  8.696e+06
     2.176  7.919e+06
     2.188  7.776e+06
     2.199   7.25e+06
      2.21  6.987e+06
      2.22  6.344e+06
     2.231  7.011e+06
     2.241  6.363e+06
     2.251  5.747e+06
      2.26  5.349e+06
      2.27  5.291e+06
     2.279  4.998e+06
     2.288  5.072e+06
     2.297  5.231e+06
     2.305  4.914e+06
     2.314  4.839e+06
     2.322  4.561e+06
     2.331  4.065e+06
     2.339  4.167e+06
     2.346  3.851e+06
     2.354  3.894e+06
     2.362  3.823e+06
     2.369  3.491e+06
     2.377  3.412e+06
     2.384  3.779e+06
     2.391  3.533e+06
     2.398  3.174e+06
     2.405  2.389e+06
     2.412  1.849e+06
     2.418  1.593e+06
     2.425  1.416e+06
     2.431  1.255e+06
     2.438  1.048e+06
     2.444  9.141e+05
      2.45  8.218e+05
     2.456  7.306e+05
     2.463  6.969e+05
     2.468  5.574e+05
     2.474   4.98e+05
      2.48   5.46e+05
     2.486  3.536e+05
     2.491  2.918e+05
     2.497  2.565e+05
     2.503  1.987e+05
     2.508  1.833e+05
     2.513   1.31e+05
     2.519  1.231e+05
     2.524  7.486e+04
     2.529  6.489e+04
     2.534  5.547e+04
     2.539  3.635e+04
     2.544  2.838e+04
