    0.7783  8.455e+08
         1   4.26e+08
     1.146  3.054e+08
     1.255  2.444e+08
     1.343  2.043e+08
     1.415   1.75e+08
     1.477   1.53e+08
     1.532  1.353e+08
      1.58  1.211e+08
     1.623  1.087e+08
     1.663   9.88e+07
     1.699  8.966e+07
     1.733  8.216e+07
     1.764  7.575e+07
     1.793  7.037e+07
      1.82  6.558e+07
     1.845  6.116e+07
     1.869  5.725e+07
     1.892  5.381e+07
     1.914  5.067e+07
     1.935  4.786e+07
     1.954  4.532e+07
     1.973  4.299e+07
     1.991   4.09e+07
     2.009  3.895e+07
     2.025  3.717e+07
     2.042  3.558e+07
     2.057  3.406e+07
     2.072  3.267e+07
     2.086  3.143e+07
       2.1  3.023e+07
     2.114  2.902e+07
     2.127  2.787e+07
      2.14   2.68e+07
     2.152   2.58e+07
     2.164  2.486e+07
     2.176  2.396e+07
     2.188  2.312e+07
     2.199  2.232e+07
      2.21  2.156e+07
      2.22  2.083e+07
     2.231  2.018e+07
     2.241  1.954e+07
     2.251  1.892e+07
      2.26  1.833e+07
      2.27  1.776e+07
     2.279  1.723e+07
     2.288  1.673e+07
     2.297  1.626e+07
     2.305  1.581e+07
     2.314  1.539e+07
     2.322  1.497e+07
     2.331  1.457e+07
     2.339  1.418e+07
     2.346  1.381e+07
     2.354  1.346e+07
     2.362  1.313e+07
     2.369   1.28e+07
     2.377  1.248e+07
     2.384  1.219e+07
     2.391  1.191e+07
     2.398  1.163e+07
     2.405  1.134e+07
     2.412  1.105e+07
     2.418  1.076e+07
     2.425  1.048e+07
     2.431   1.02e+07
     2.438  9.937e+06
     2.444  9.677e+06
      2.45  9.426e+06
     2.456  9.183e+06
     2.463  8.948e+06
     2.468   8.72e+06
     2.474  8.499e+06
      2.48  8.289e+06
     2.486  8.081e+06
     2.491   7.88e+06
     2.497  7.686e+06
     2.503  7.498e+06
     2.508  7.316e+06
     2.513   7.14e+06
     2.519   6.97e+06
     2.524  6.804e+06
     2.529  6.645e+06
     2.534  6.491e+06
     2.539  6.342e+06
     2.544  6.197e+06
