     2.001      20.21
     6.002      20.86
        10      21.07
        14      21.17
        18      21.14
     22.01      21.31
     26.01      21.53
     30.01      21.69
     34.01      21.77
     38.01      22.02
     42.01      22.19
     46.01      22.35
     50.01      22.57
     54.01      22.69
     58.02      22.77
     62.02      22.88
     66.02      23.03
     70.02      23.09
     74.02      23.17
     78.02      23.36
     82.02      23.57
     86.02      23.59
     90.02      23.67
     94.03      23.67
     98.03      23.69
       102       23.8
       106      23.85
       110      23.92
       114      24.07
       118      24.03
       122      24.08
       126      24.22
       130      24.41
       134      24.46
       138      24.43
       142      24.56
       146      24.64
       150      24.73
       154      24.79
       158      24.79
       162      24.88
       166      24.89
       170      25.07
       174      25.17
       178      25.25
     182.1       25.2
     186.1      25.25
     190.1       25.3
     194.1      25.32
     198.1      25.38
     202.1      25.55
     206.1       25.6
     210.1       25.7
     214.1      25.76
     218.1      25.75
     222.1      25.76
     226.1      25.79
     230.1      25.99
     234.1      26.08
     238.1      26.08
     242.1      26.16
     246.1      26.17
     250.1      26.32
     254.1      26.34
     258.1      26.26
     262.1      26.37
     266.1      26.34
     270.1      26.54
     274.1      26.66
     278.1       26.6
     282.1       26.6
     286.1      26.45
     290.1      26.54
     294.1      26.81
     298.1      26.87
     302.1      26.96
     306.1       27.4
     310.1      27.12
     314.1      27.48
     318.1      27.62
     322.1      27.44
     326.1      28.04
     330.1      28.27
     334.1      28.77
     338.1      28.41
     342.1      28.05
     346.1      27.64
     350.1      27.15
