     6.002  6.015e+08
        10  2.475e+08
        14  1.681e+08
        18  1.317e+08
     22.01   9.89e+07
     26.01  7.897e+07
     30.01   6.95e+07
     34.01  6.068e+07
     38.01   5.42e+07
     42.01   4.49e+07
     46.01  3.753e+07
     50.01  3.158e+07
     54.01  2.677e+07
     58.02  2.477e+07
     62.02   2.24e+07
     66.02  2.085e+07
     70.02  1.861e+07
     74.02    1.6e+07
     78.02  1.429e+07
     82.02   1.22e+07
     86.02  1.129e+07
     90.02      1e+07
     94.03  9.682e+06
     98.03  9.012e+06
       102  7.805e+06
       106  7.635e+06
       110   7.04e+06
       114  6.369e+06
       118  6.201e+06
       122  5.775e+06
       126  5.686e+06
       130  5.067e+06
       134  4.529e+06
       138  4.254e+06
       142  4.035e+06
       146  3.881e+06
       150  3.718e+06
       154  3.337e+06
       158  3.129e+06
       162  3.042e+06
       166  2.778e+06
       170  2.694e+06
       174  2.357e+06
       178  2.395e+06
     182.1  2.248e+06
     186.1  2.272e+06
     190.1  2.453e+06
     194.1  2.008e+06
     198.1  1.895e+06
     202.1  1.895e+06
     206.1  1.983e+06
     210.1    2.1e+06
     214.1  1.916e+06
     218.1  1.623e+06
     222.1  1.559e+06
     226.1  1.427e+06
     230.1  1.555e+06
     234.1  1.555e+06
     238.1  1.404e+06
     242.1   1.52e+06
     246.1  1.216e+06
     250.1  1.167e+06
     254.1  7.811e+05
     258.1  6.601e+05
     262.1  5.255e+05
     266.1  5.042e+05
     270.1    3.9e+05
     274.1  3.678e+05
     278.1  2.922e+05
     282.1  1.904e+05
     286.1    2.1e+05
     290.1   1.78e+05
     294.1  1.899e+05
     298.1  1.151e+05
     302.1  1.348e+05
     306.1   1.41e+05
     310.1  1.014e+05
     314.1  6.584e+04
     318.1  7.357e+04
     322.1  4.924e+04
     326.1  4.915e+04
     330.1  2.758e+04
     334.1  2.806e+04
     338.1  2.038e+04
     342.1  1.483e+04
     346.1       4329
     350.1       9492
