     6.002  8.058e+08
        10  3.871e+08
        14  2.654e+08
        18  2.069e+08
     22.01   1.68e+08
     26.01  1.408e+08
     30.01  1.219e+08
     34.01  1.075e+08
     38.01  9.635e+07
     42.01  8.658e+07
     46.01  7.806e+07
     50.01  7.064e+07
     54.01  6.415e+07
     58.02  5.872e+07
     62.02  5.404e+07
     66.02  5.002e+07
     70.02  4.644e+07
     74.02  4.315e+07
     78.02  4.019e+07
     82.02  3.746e+07
     86.02  3.503e+07
     90.02   3.28e+07
     94.03  3.084e+07
     98.03  2.906e+07
       102  2.739e+07
       106   2.59e+07
       110  2.453e+07
       114  2.325e+07
       118   2.21e+07
       122  2.103e+07
       126  2.005e+07
       130  1.913e+07
       134  1.826e+07
       138  1.745e+07
       142  1.669e+07
       146  1.599e+07
       150  1.534e+07
       154  1.471e+07
       158  1.413e+07
       162  1.358e+07
       166  1.306e+07
       170  1.257e+07
       174   1.21e+07
       178  1.167e+07
     182.1  1.125e+07
     186.1  1.087e+07
     190.1  1.051e+07
     194.1  1.016e+07
     198.1  9.827e+06
     202.1  9.513e+06
     206.1  9.221e+06
     210.1  8.949e+06
     214.1  8.686e+06
     218.1  8.427e+06
     222.1   8.18e+06
     226.1  7.941e+06
     230.1  7.719e+06
     234.1  7.508e+06
     238.1  7.303e+06
     242.1  7.112e+06
     246.1   6.92e+06
     250.1  6.736e+06
     254.1  6.548e+06
     258.1  6.366e+06
     262.1  6.187e+06
     266.1  6.016e+06
     270.1   5.85e+06
     274.1   5.69e+06
     278.1  5.534e+06
     282.1  5.383e+06
     286.1  5.238e+06
     290.1  5.099e+06
     294.1  4.965e+06
     298.1  4.835e+06
     302.1   4.71e+06
     306.1  4.591e+06
     310.1  4.475e+06
     314.1  4.363e+06
     318.1  4.255e+06
     322.1   4.15e+06
     326.1   4.05e+06
     330.1  3.952e+06
     334.1  3.858e+06
     338.1  3.767e+06
     342.1   3.68e+06
     346.1  3.595e+06
     350.1  3.513e+06
