    0.7783  6.015e+08
         1  2.475e+08
     1.146  1.681e+08
     1.255  1.317e+08
     1.343   9.89e+07
     1.415  7.897e+07
     1.477   6.95e+07
     1.532  6.068e+07
      1.58   5.42e+07
     1.623   4.49e+07
     1.663  3.753e+07
     1.699  3.158e+07
     1.733  2.677e+07
     1.764  2.477e+07
     1.793   2.24e+07
      1.82  2.085e+07
     1.845  1.861e+07
     1.869    1.6e+07
     1.892  1.429e+07
     1.914   1.22e+07
     1.935  1.129e+07
     1.954      1e+07
     1.973  9.682e+06
     1.991  9.012e+06
     2.009  7.805e+06
     2.025  7.635e+06
     2.042   7.04e+06
     2.057  6.369e+06
     2.072  6.201e+06
     2.086  5.775e+06
       2.1  5.686e+06
     2.114  5.067e+06
     2.127  4.529e+06
      2.14  4.254e+06
     2.152  4.035e+06
     2.164  3.881e+06
     2.176  3.718e+06
     2.188  3.337e+06
     2.199  3.129e+06
      2.21  3.042e+06
      2.22  2.778e+06
     2.231  2.694e+06
     2.241  2.357e+06
     2.251  2.395e+06
      2.26  2.248e+06
      2.27  2.272e+06
     2.279  2.453e+06
     2.288  2.008e+06
     2.297  1.895e+06
     2.305  1.895e+06
     2.314  1.983e+06
     2.322    2.1e+06
     2.331  1.916e+06
     2.339  1.623e+06
     2.346  1.559e+06
     2.354  1.427e+06
     2.362  1.555e+06
     2.369  1.555e+06
     2.377  1.404e+06
     2.384   1.52e+06
     2.391  1.216e+06
     2.398  1.167e+06
     2.405  7.811e+05
     2.412  6.601e+05
     2.418  5.255e+05
     2.425  5.042e+05
     2.431    3.9e+05
     2.438  3.678e+05
     2.444  2.922e+05
      2.45  1.904e+05
     2.456    2.1e+05
     2.463   1.78e+05
     2.468  1.899e+05
     2.474  1.151e+05
      2.48  1.348e+05
     2.486   1.41e+05
     2.491  1.014e+05
     2.497  6.584e+04
     2.503  7.357e+04
     2.508  4.924e+04
     2.513  4.915e+04
     2.519  2.758e+04
     2.524  2.806e+04
     2.529  2.038e+04
     2.534  1.483e+04
     2.539       4329
     2.544       9492
