    0.7783  8.058e+08
         1  3.871e+08
     1.146  2.654e+08
     1.255  2.069e+08
     1.343   1.68e+08
     1.415  1.408e+08
     1.477  1.219e+08
     1.532  1.075e+08
      1.58  9.635e+07
     1.623  8.658e+07
     1.663  7.806e+07
     1.699  7.064e+07
     1.733  6.415e+07
     1.764  5.872e+07
     1.793  5.404e+07
      1.82  5.002e+07
     1.845  4.644e+07
     1.869  4.315e+07
     1.892  4.019e+07
     1.914  3.746e+07
     1.935  3.503e+07
     1.954   3.28e+07
     1.973  3.084e+07
     1.991  2.906e+07
     2.009  2.739e+07
     2.025   2.59e+07
     2.042  2.453e+07
     2.057  2.325e+07
     2.072   2.21e+07
     2.086  2.103e+07
       2.1  2.005e+07
     2.114  1.913e+07
     2.127  1.826e+07
      2.14  1.745e+07
     2.152  1.669e+07
     2.164  1.599e+07
     2.176  1.534e+07
     2.188  1.471e+07
     2.199  1.413e+07
      2.21  1.358e+07
      2.22  1.306e+07
     2.231  1.257e+07
     2.241   1.21e+07
     2.251  1.167e+07
      2.26  1.125e+07
      2.27  1.087e+07
     2.279  1.051e+07
     2.288  1.016e+07
     2.297  9.827e+06
     2.305  9.513e+06
     2.314  9.221e+06
     2.322  8.949e+06
     2.331  8.686e+06
     2.339  8.427e+06
     2.346   8.18e+06
     2.354  7.941e+06
     2.362  7.719e+06
     2.369  7.508e+06
     2.377  7.303e+06
     2.384  7.112e+06
     2.391   6.92e+06
     2.398  6.736e+06
     2.405  6.548e+06
     2.412  6.366e+06
     2.418  6.187e+06
     2.425  6.016e+06
     2.431   5.85e+06
     2.438   5.69e+06
     2.444  5.534e+06
      2.45  5.383e+06
     2.456  5.238e+06
     2.463  5.099e+06
     2.468  4.965e+06
     2.474  4.835e+06
      2.48   4.71e+06
     2.486  4.591e+06
     2.491  4.475e+06
     2.497  4.363e+06
     2.503  4.255e+06
     2.508   4.15e+06
     2.513   4.05e+06
     2.519  3.952e+06
     2.524  3.858e+06
     2.529  3.767e+06
     2.534   3.68e+06
     2.539  3.595e+06
     2.544  3.513e+06
