     2.001      20.11
     6.002      21.01
        10      21.21
        14      21.38
        18      21.62
     22.01      21.79
     26.01      21.94
     30.01       22.1
     34.01      22.07
     38.01      22.31
     42.01       22.6
     46.01      22.84
     50.01      22.94
     54.01      23.13
     58.02      23.23
     62.02      23.35
     66.02      23.44
     70.02      23.58
     74.02      23.87
     78.02      23.98
     82.02      24.08
     86.02      24.17
     90.02      24.28
     94.03      24.39
     98.03      24.55
       102      24.68
       106      24.73
       110       24.9
       114      24.98
       118      25.01
       122      25.14
       126      25.22
       130      25.36
       134      25.56
       138      25.74
       142      25.74
       146      25.79
       150         26
       154      26.17
       158      26.15
       162      26.15
       166      26.27
       170      26.29
       174      26.61
       178      26.78
     182.1       26.7
     186.1      26.71
     190.1      26.86
     194.1      27.17
     198.1      27.21
     202.1      27.21
     206.1      27.04
     210.1       27.2
     214.1      27.32
     218.1      27.82
     222.1      27.72
     226.1      27.96
     230.1      28.18
     234.1      28.17
     238.1      28.27
     242.1      28.59
     246.1      28.76
     250.1      28.84
     254.1      28.93
     258.1      29.27
     262.1      29.44
     266.1       29.9
     270.1      29.94
     274.1      29.57
     278.1      30.07
     282.1      30.22
     286.1      30.11
     290.1      30.14
     294.1       30.5
     298.1      30.75
     302.1      30.38
     306.1      30.22
     310.1      31.25
     314.1      31.23
     318.1      31.48
     322.1      31.92
     326.1      31.86
     330.1      32.09
     334.1      32.98
     338.1       32.4
     342.1      33.46
     346.1       32.7
     350.1      31.03
