     6.002  1.243e+09
        10  4.496e+08
     14.01  2.629e+08
     18.01  1.687e+08
     22.01  1.162e+08
     26.01  8.595e+07
     30.01  6.504e+07
     34.01  5.675e+07
     38.02  4.821e+07
     42.02  3.652e+07
     46.02  2.981e+07
     50.02  2.362e+07
     54.02  2.049e+07
     58.02  1.813e+07
     62.02  1.709e+07
     66.03  1.591e+07
     70.03  1.555e+07
     74.03  1.436e+07
     78.03  1.394e+07
     82.03   1.19e+07
     86.03  1.043e+07
     90.04  1.026e+07
     94.04  8.973e+06
     98.04  7.996e+06
       102  7.673e+06
       106  6.197e+06
       110  5.901e+06
       114  5.532e+06
       118  5.213e+06
       122   4.44e+06
       126  4.111e+06
     130.1  3.469e+06
     134.1  3.134e+06
     138.1  3.254e+06
     142.1   3.07e+06
     146.1   2.99e+06
     150.1  2.425e+06
     154.1  2.074e+06
     158.1  1.999e+06
     162.1  1.578e+06
     166.1   1.44e+06
     170.1  1.505e+06
     174.1  1.353e+06
     178.1  1.236e+06
     182.1  1.289e+06
     186.1  1.095e+06
     190.1  1.096e+06
     194.1  9.501e+05
     198.1  9.344e+05
     202.1  9.124e+05
     206.1  9.925e+05
     210.1   8.19e+05
     214.1  7.189e+05
     218.1    7.3e+05
     222.1  5.802e+05
     226.1  6.674e+05
     230.1  5.762e+05
     234.1  5.313e+05
     238.1  5.011e+05
     242.1  4.538e+05
     246.1   4.45e+05
     250.1   3.94e+05
     254.1  3.113e+05
     258.1  3.636e+05
     262.1  3.596e+05
     266.1  2.555e+05
     270.1  1.914e+05
     274.1  1.682e+05
     278.1  1.511e+05
     282.1  1.315e+05
     286.1  1.258e+05
     290.1  1.242e+05
     294.1  6.166e+04
     298.1  7.332e+04
     302.1  6.719e+04
     306.1  5.668e+04
     310.1  6.263e+04
     314.1  5.363e+04
     318.1  3.492e+04
     322.1   2.81e+04
     326.1  1.713e+04
     330.1  2.176e+04
     334.1       7632
     338.1       8126
     342.1       1828
     346.1       1947
     350.1       2113
