     6.002  1.623e+09
        10  7.428e+08
     14.01  4.762e+08
     18.01  3.417e+08
     22.01  2.605e+08
     26.01  2.072e+08
     30.01  1.695e+08
     34.01  1.431e+08
     38.02  1.231e+08
     42.02  1.067e+08
     46.02  9.335e+07
     50.02  8.221e+07
     54.02  7.308e+07
     58.02  6.551e+07
     62.02  5.927e+07
     66.03  5.402e+07
     70.03  4.963e+07
     74.03  4.582e+07
     78.03  4.255e+07
     82.03  3.956e+07
     86.03  3.685e+07
     90.04  3.449e+07
     94.04  3.232e+07
     98.04  3.034e+07
       102  2.856e+07
       106  2.687e+07
       110  2.535e+07
       114  2.396e+07
       118  2.269e+07
       122  2.149e+07
       126  2.039e+07
     130.1  1.935e+07
     134.1  1.838e+07
     138.1   1.75e+07
     142.1  1.669e+07
     146.1  1.594e+07
     150.1  1.522e+07
     154.1  1.454e+07
     158.1   1.39e+07
     162.1  1.329e+07
     166.1  1.272e+07
     170.1  1.219e+07
     174.1   1.17e+07
     178.1  1.122e+07
     182.1  1.079e+07
     186.1  1.037e+07
     190.1  9.981e+06
     194.1  9.609e+06
     198.1  9.258e+06
     202.1  8.928e+06
     206.1   8.62e+06
     210.1  8.322e+06
     214.1  8.038e+06
     218.1   7.77e+06
     222.1  7.511e+06
     226.1  7.269e+06
     230.1  7.036e+06
     234.1  6.814e+06
     238.1  6.601e+06
     242.1  6.398e+06
     246.1  6.205e+06
     250.1  6.019e+06
     254.1  5.839e+06
     258.1  5.669e+06
     262.1  5.507e+06
     266.1  5.349e+06
     270.1  5.196e+06
     274.1  5.049e+06
     278.1  4.909e+06
     282.1  4.773e+06
     286.1  4.643e+06
     290.1  4.518e+06
     294.1  4.397e+06
     298.1  4.281e+06
     302.1  4.169e+06
     306.1  4.062e+06
     310.1  3.959e+06
     314.1  3.859e+06
     318.1  3.763e+06
     322.1   3.67e+06
     326.1  3.581e+06
     330.1  3.494e+06
     334.1  3.411e+06
     338.1   3.33e+06
     342.1  3.252e+06
     346.1  3.177e+06
     350.1  3.105e+06
