    0.7783  1.623e+09
         1  7.428e+08
     1.146  4.762e+08
     1.255  3.417e+08
     1.343  2.605e+08
     1.415  2.072e+08
     1.477  1.695e+08
     1.532  1.431e+08
      1.58  1.231e+08
     1.623  1.067e+08
     1.663  9.335e+07
     1.699  8.221e+07
     1.733  7.308e+07
     1.764  6.551e+07
     1.793  5.927e+07
      1.82  5.402e+07
     1.845  4.963e+07
     1.869  4.582e+07
     1.892  4.255e+07
     1.914  3.956e+07
     1.935  3.685e+07
     1.954  3.449e+07
     1.973  3.232e+07
     1.991  3.034e+07
     2.009  2.856e+07
     2.025  2.687e+07
     2.042  2.535e+07
     2.057  2.396e+07
     2.072  2.269e+07
     2.087  2.149e+07
     2.101  2.039e+07
     2.114  1.935e+07
     2.127  1.838e+07
      2.14   1.75e+07
     2.152  1.669e+07
     2.165  1.594e+07
     2.176  1.522e+07
     2.188  1.454e+07
     2.199   1.39e+07
      2.21  1.329e+07
      2.22  1.272e+07
     2.231  1.219e+07
     2.241   1.17e+07
     2.251  1.122e+07
      2.26  1.079e+07
      2.27  1.037e+07
     2.279  9.981e+06
     2.288  9.609e+06
     2.297  9.258e+06
     2.306  8.928e+06
     2.314   8.62e+06
     2.322  8.322e+06
     2.331  8.038e+06
     2.339   7.77e+06
     2.347  7.511e+06
     2.354  7.269e+06
     2.362  7.036e+06
     2.369  6.814e+06
     2.377  6.601e+06
     2.384  6.398e+06
     2.391  6.205e+06
     2.398  6.019e+06
     2.405  5.839e+06
     2.412  5.669e+06
     2.418  5.507e+06
     2.425  5.349e+06
     2.432  5.196e+06
     2.438  5.049e+06
     2.444  4.909e+06
      2.45  4.773e+06
     2.457  4.643e+06
     2.463  4.518e+06
     2.469  4.397e+06
     2.474  4.281e+06
      2.48  4.169e+06
     2.486  4.062e+06
     2.492  3.959e+06
     2.497  3.859e+06
     2.503  3.763e+06
     2.508   3.67e+06
     2.513  3.581e+06
     2.519  3.494e+06
     2.524  3.411e+06
     2.529   3.33e+06
     2.534  3.252e+06
     2.539  3.177e+06
     2.544  3.105e+06
