    0.7783  1.243e+09
         1  4.496e+08
     1.146  2.629e+08
     1.255  1.687e+08
     1.343  1.162e+08
     1.415  8.595e+07
     1.477  6.504e+07
     1.532  5.675e+07
      1.58  4.821e+07
     1.623  3.652e+07
     1.663  2.981e+07
     1.699  2.362e+07
     1.733  2.049e+07
     1.764  1.813e+07
     1.793  1.709e+07
      1.82  1.591e+07
     1.845  1.555e+07
     1.869  1.436e+07
     1.892  1.394e+07
     1.914   1.19e+07
     1.935  1.043e+07
     1.954  1.026e+07
     1.973  8.973e+06
     1.991  7.996e+06
     2.009  7.673e+06
     2.025  6.197e+06
     2.042  5.901e+06
     2.057  5.532e+06
     2.072  5.213e+06
     2.087   4.44e+06
     2.101  4.111e+06
     2.114  3.469e+06
     2.127  3.134e+06
      2.14  3.254e+06
     2.152   3.07e+06
     2.165   2.99e+06
     2.176  2.425e+06
     2.188  2.074e+06
     2.199  1.999e+06
      2.21  1.578e+06
      2.22   1.44e+06
     2.231  1.505e+06
     2.241  1.353e+06
     2.251  1.236e+06
      2.26  1.289e+06
      2.27  1.095e+06
     2.279  1.096e+06
     2.288  9.501e+05
     2.297  9.344e+05
     2.306  9.124e+05
     2.314  9.925e+05
     2.322   8.19e+05
     2.331  7.189e+05
     2.339    7.3e+05
     2.347  5.802e+05
     2.354  6.674e+05
     2.362  5.762e+05
     2.369  5.313e+05
     2.377  5.011e+05
     2.384  4.538e+05
     2.391   4.45e+05
     2.398   3.94e+05
     2.405  3.113e+05
     2.412  3.636e+05
     2.418  3.596e+05
     2.425  2.555e+05
     2.432  1.914e+05
     2.438  1.682e+05
     2.444  1.511e+05
      2.45  1.315e+05
     2.457  1.258e+05
     2.463  1.242e+05
     2.469  6.166e+04
     2.474  7.332e+04
      2.48  6.719e+04
     2.486  5.668e+04
     2.492  6.263e+04
     2.497  5.363e+04
     2.503  3.492e+04
     2.508   2.81e+04
     2.513  1.713e+04
     2.519  2.176e+04
     2.524       7632
     2.529       8126
     2.534       1828
     2.539       1947
     2.544       2113
