     2.001      18.59
     6.002      19.49
        10      19.97
     14.01      20.32
     18.01      20.64
     22.01      20.86
     26.01      21.13
     30.01      21.36
     34.01      21.39
     38.02      21.55
     42.02      21.94
     46.02      22.19
     50.02      22.44
     54.02      22.63
     58.02      22.77
     62.02      22.89
     66.03      22.88
     70.03      22.96
     74.03      23.07
     78.03      23.22
     82.03      23.46
     86.03      23.61
     90.04      23.72
     94.04      23.79
     98.04      23.99
       102      24.28
       106      24.41
       110      24.45
       114      24.59
       118      24.96
       122      25.23
       126      25.38
     130.1      25.71
     134.1      25.85
     138.1      26.06
     142.1      26.35
     146.1      26.68
     150.1      26.56
     154.1      26.78
     158.1      26.99
     162.1      27.37
     166.1      27.41
     170.1      27.56
     174.1       27.9
     178.1      27.62
     182.1       27.8
     186.1      28.25
     190.1       28.2
     194.1      28.41
     198.1      29.11
     202.1      29.07
     206.1      28.89
     210.1      29.16
     214.1      29.39
     218.1      29.08
     222.1       29.3
     226.1      29.26
     230.1      29.95
     234.1      29.99
     238.1      30.18
     242.1      30.35
     246.1      30.51
     250.1         31
     254.1      30.96
     258.1      31.19
     262.1      31.04
     266.1      31.23
     270.1      31.69
     274.1      31.69
     278.1       31.5
     282.1      31.33
     286.1      31.23
     290.1      32.09
     294.1      32.98
     298.1      32.52
     302.1      32.11
     306.1      32.25
     310.1      32.11
     314.1       32.1
     318.1      32.48
     322.1      33.06
     326.1       33.4
     330.1      33.91
     334.1      33.46
     338.1      34.03
     342.1      34.65
     346.1      34.34
     350.1      34.06
