     6.036  4.064e+08
     10.06   4.88e+07
     14.08  2.137e+07
     18.11   1.72e+07
     22.13  1.029e+07
     26.16  6.036e+06
     30.18   5.84e+06
      34.2  5.281e+06
     38.23  3.813e+06
     42.25  1.699e+06
     46.28  1.026e+06
      50.3  8.845e+05
     54.32  2.588e+05
     58.35  1.808e+05
     62.37  5.932e+04
      66.4  5.446e+04
     70.42  1.029e+05
     74.44  7.702e+04
     78.47  3.763e+04
     82.49  3.436e+04
     86.52  3.318e+04
     90.54  2.308e+04
     94.57  4.782e+04
     98.59  5.568e+04
     102.6  5.322e+04
     106.6  2.455e+04
     110.7  3.707e+04
     114.7  2.702e+04
     118.7  2.599e+04
     122.7  1.709e+04
     126.8  2.229e+04
     130.8  2.265e+04
     134.8  1.075e+04
     138.8  3.186e+04
     142.9  3.974e+04
     146.9  3.279e+04
     150.9  4.603e+04
     154.9  4.151e+04
     158.9       4262
       163       8336
       167       4275
       171          0
       175          0
     179.1          0
     183.1       3670
     187.1          0
     191.1          0
     195.2          0
     199.2          0
     203.2          0
     207.2          0
     211.3          0
     215.3       3526
     219.3          0
     223.3          0
     227.4          0
     231.4          0
     235.4          0
     239.4          0
     243.5          0
     247.5       2691
     251.5          0
     255.5          0
     259.6          0
     263.6          0
     267.6          0
     271.6          0
     275.6          0
     279.7          0
     283.7          0
     287.7          0
     291.7          0
     295.8          0
     299.8          0
     303.8          0
     307.8          0
     311.9          0
     315.9          0
     319.9          0
     323.9          0
       328          0
       332          0
       336          0
       340          0
     344.1          0
