     6.036  7.335e+08
     10.06    2.2e+08
     14.08  1.096e+08
     18.11   6.92e+07
     22.13  4.799e+07
     26.16  3.517e+07
     30.18  2.739e+07
      34.2  2.221e+07
     38.23  1.835e+07
     42.25  1.518e+07
     46.28  1.273e+07
      50.3  1.084e+07
     54.32  9.271e+06
     58.35  8.019e+06
     62.37  6.993e+06
      66.4  6.153e+06
     70.42  5.462e+06
     74.44   4.88e+06
     78.47  4.384e+06
     82.49   3.96e+06
     86.52  3.595e+06
     90.54  3.277e+06
     94.57  3.003e+06
     98.59  2.762e+06
     102.6   2.55e+06
     106.6  2.359e+06
     110.7   2.19e+06
     114.7  2.039e+06
     118.7  1.902e+06
     122.7  1.779e+06
     126.8  1.667e+06
     130.8  1.566e+06
     134.8  1.473e+06
     138.8   1.39e+06
     142.9  1.314e+06
     146.9  1.243e+06
     150.9   1.18e+06
     154.9   1.12e+06
     158.9  1.064e+06
       163  1.012e+06
       167  9.633e+05
       171   9.18e+05
       175  8.758e+05
     179.1  8.364e+05
     183.1  7.998e+05
     187.1  7.654e+05
     191.1  7.332e+05
     195.2   7.03e+05
     199.2  6.746e+05
     203.2  6.478e+05
     207.2  6.227e+05
     211.3   5.99e+05
     215.3  5.767e+05
     219.3  5.556e+05
     223.3  5.355e+05
     227.4  5.166e+05
     231.4  4.986e+05
     235.4  4.816e+05
     239.4  4.654e+05
     243.5    4.5e+05
     247.5  4.355e+05
     251.5  4.215e+05
     255.5  4.082e+05
     259.6  3.956e+05
     263.6  3.835e+05
     267.6   3.72e+05
     271.6   3.61e+05
     275.6  3.504e+05
     279.7  3.403e+05
     283.7  3.307e+05
     287.7  3.214e+05
     291.7  3.126e+05
     295.8  3.041e+05
     299.8  2.959e+05
     303.8  2.881e+05
     307.8  2.805e+05
     311.9  2.733e+05
     315.9  2.663e+05
     319.9  2.596e+05
     323.9  2.532e+05
       328   2.47e+05
       332   2.41e+05
       336  2.352e+05
       340  2.296e+05
     344.1  2.243e+05
