    0.7808  4.064e+08
     1.003   4.88e+07
     1.149  2.137e+07
     1.258   1.72e+07
     1.345  1.029e+07
     1.418  6.036e+06
      1.48   5.84e+06
     1.534  5.281e+06
     1.582  3.813e+06
     1.626  1.699e+06
     1.665  1.026e+06
     1.702  8.845e+05
     1.735  2.588e+05
     1.766  1.808e+05
     1.795  5.932e+04
     1.822  5.446e+04
     1.848  1.029e+05
     1.872  7.702e+04
     1.895  3.763e+04
     1.916  3.436e+04
     1.937  3.318e+04
     1.957  2.308e+04
     1.976  4.782e+04
     1.994  5.568e+04
     2.011  5.322e+04
     2.028  2.455e+04
     2.044  3.707e+04
      2.06  2.702e+04
     2.074  2.599e+04
     2.089  1.709e+04
     2.103  2.229e+04
     2.117  2.265e+04
      2.13  1.075e+04
     2.142  3.186e+04
     2.155  3.974e+04
     2.167  3.279e+04
     2.179  4.603e+04
      2.19  4.151e+04
     2.201       4262
     2.212       8336
     2.223       4275
     2.233          0
     2.243          0
     2.253          0
     2.263       3670
     2.272          0
     2.281          0
      2.29          0
     2.299          0
     2.308          0
     2.316          0
     2.325          0
     2.333       3526
     2.341          0
     2.349          0
     2.357          0
     2.364          0
     2.372          0
     2.379          0
     2.386          0
     2.394       2691
     2.401          0
     2.407          0
     2.414          0
     2.421          0
     2.427          0
     2.434          0
      2.44          0
     2.447          0
     2.453          0
     2.459          0
     2.465          0
     2.471          0
     2.477          0
     2.483          0
     2.488          0
     2.494          0
       2.5          0
     2.505          0
      2.51          0
     2.516          0
     2.521          0
     2.526          0
     2.532          0
     2.537          0
