    0.7808  7.335e+08
     1.003    2.2e+08
     1.149  1.096e+08
     1.258   6.92e+07
     1.345  4.799e+07
     1.418  3.517e+07
      1.48  2.739e+07
     1.534  2.221e+07
     1.582  1.835e+07
     1.626  1.518e+07
     1.665  1.273e+07
     1.702  1.084e+07
     1.735  9.271e+06
     1.766  8.019e+06
     1.795  6.993e+06
     1.822  6.153e+06
     1.848  5.462e+06
     1.872   4.88e+06
     1.895  4.384e+06
     1.916   3.96e+06
     1.937  3.595e+06
     1.957  3.277e+06
     1.976  3.003e+06
     1.994  2.762e+06
     2.011   2.55e+06
     2.028  2.359e+06
     2.044   2.19e+06
      2.06  2.039e+06
     2.074  1.902e+06
     2.089  1.779e+06
     2.103  1.667e+06
     2.117  1.566e+06
      2.13  1.473e+06
     2.142   1.39e+06
     2.155  1.314e+06
     2.167  1.243e+06
     2.179   1.18e+06
      2.19   1.12e+06
     2.201  1.064e+06
     2.212  1.012e+06
     2.223  9.633e+05
     2.233   9.18e+05
     2.243  8.758e+05
     2.253  8.364e+05
     2.263  7.998e+05
     2.272  7.654e+05
     2.281  7.332e+05
      2.29   7.03e+05
     2.299  6.746e+05
     2.308  6.478e+05
     2.316  6.227e+05
     2.325   5.99e+05
     2.333  5.767e+05
     2.341  5.556e+05
     2.349  5.355e+05
     2.357  5.166e+05
     2.364  4.986e+05
     2.372  4.816e+05
     2.379  4.654e+05
     2.386    4.5e+05
     2.394  4.355e+05
     2.401  4.215e+05
     2.407  4.082e+05
     2.414  3.956e+05
     2.421  3.835e+05
     2.427   3.72e+05
     2.434   3.61e+05
      2.44  3.504e+05
     2.447  3.403e+05
     2.453  3.307e+05
     2.459  3.214e+05
     2.465  3.126e+05
     2.471  3.041e+05
     2.477  2.959e+05
     2.483  2.881e+05
     2.488  2.805e+05
     2.494  2.733e+05
       2.5  2.663e+05
     2.505  2.596e+05
      2.51  2.532e+05
     2.516   2.47e+05
     2.521   2.41e+05
     2.526  2.352e+05
     2.532  2.296e+05
     2.537  2.243e+05
