     2.012      16.32
     6.036      18.78
     10.06      20.37
     14.08      21.29
     18.11      21.57
     22.13      23.34
     26.16       24.6
     30.18      25.66
      34.2      26.09
     38.23      27.47
     42.25      28.14
     46.28      29.24
      50.3      30.91
     54.32      32.78
     58.35       33.7
     62.37      34.51
      66.4      33.96
     70.42       34.2
     74.44      34.76
     78.47      34.86
     82.49      34.71
     86.52      35.09
     90.54      34.96
     94.57      34.92
     98.59      34.74
     102.6         35
     106.6      34.97
     110.7      35.02
     114.7      35.14
     118.7       35.1
     122.7      35.29
     126.8      35.14
     130.8      35.14
     134.8      35.24
     138.8      35.11
     142.9      35.24
     146.9      35.22
     150.9      35.17
     154.9      35.25
     158.9      35.37
       163      35.41
       167      35.46
       171      35.51
       175      35.51
     179.1      35.46
     183.1      35.51
     187.1      35.52
     191.1      35.52
     195.2      35.52
     199.2      35.52
     203.2      35.52
     207.2      35.52
     211.3      35.47
     215.3       35.5
     219.3      35.52
     223.3      35.52
     227.4      35.52
     231.4      35.52
     235.4      35.52
     239.4      35.52
     243.5      35.48
     247.5      35.52
     251.5      35.52
     255.5      35.52
     259.6      35.52
     263.6      35.52
     267.6      35.52
     271.6      35.52
     275.6      35.52
     279.7      35.52
     283.7      35.52
     287.7      35.52
     291.7      35.52
     295.8      35.52
     299.8      35.52
     303.8      35.52
     307.8      35.52
     311.9      35.52
     315.9      35.52
     319.9      35.52
     323.9      35.52
       328      35.52
       332      35.52
       336      35.52
       340      35.52
     344.1      35.52
