     6.002  5.827e+08
        10   2.85e+08
        14  1.862e+08
        18   1.39e+08
     22.01  1.118e+08
     26.01  9.306e+07
     30.01  7.901e+07
     34.01  6.773e+07
     38.01  5.864e+07
     42.01  5.138e+07
     46.01  4.572e+07
     50.01  4.099e+07
     54.01   3.69e+07
     58.02  3.353e+07
     62.02  3.057e+07
     66.02   2.81e+07
     70.02  2.597e+07
     74.02  2.413e+07
     78.02  2.246e+07
     82.02  2.101e+07
     86.02  1.967e+07
     90.02  1.848e+07
     94.03   1.74e+07
     98.03   1.64e+07
       102  1.551e+07
       106  1.469e+07
       110  1.394e+07
       114  1.325e+07
       118  1.261e+07
       122  1.201e+07
       126  1.145e+07
       130  1.093e+07
       134  1.047e+07
       138  1.005e+07
       142  9.643e+06
       146  9.256e+06
       150  8.912e+06
       154   8.59e+06
       158  8.286e+06
       162  8.006e+06
       166  7.732e+06
       170  7.472e+06
       174  7.214e+06
       178  6.973e+06
     182.1  6.753e+06
     186.1  6.531e+06
     190.1   6.33e+06
     194.1  6.132e+06
     198.1  5.945e+06
     202.1  5.771e+06
     206.1  5.606e+06
     210.1  5.468e+06
     214.1  5.333e+06
     218.1    5.2e+06
     222.1   5.07e+06
     226.1  4.936e+06
     230.1  4.805e+06
     234.1  4.684e+06
     238.1  4.563e+06
     242.1  4.446e+06
     246.1  4.334e+06
     250.1  4.227e+06
     254.1  4.116e+06
     258.1  4.008e+06
     262.1  3.902e+06
     266.1  3.797e+06
     270.1  3.696e+06
     274.1    3.6e+06
     278.1  3.507e+06
     282.1  3.416e+06
     286.1  3.327e+06
     290.1  3.239e+06
     294.1  3.155e+06
     298.1  3.074e+06
     302.1  2.995e+06
     306.1  2.921e+06
     310.1  2.849e+06
     314.1  2.779e+06
     318.1  2.711e+06
     322.1  2.645e+06
     326.1  2.581e+06
     330.1  2.519e+06
     334.1  2.459e+06
     338.1  2.401e+06
     342.1  2.346e+06
     346.1  2.291e+06
     350.1  2.239e+06
