     6.002  4.499e+08
        10  1.858e+08
        14  1.072e+08
        18  7.833e+07
     22.01  6.336e+07
     26.01   5.05e+07
     30.01  4.008e+07
     34.01  3.087e+07
     38.01  2.443e+07
     42.01  2.044e+07
     46.01  1.876e+07
     50.01  1.613e+07
     54.01  1.335e+07
     58.02  1.241e+07
     62.02  1.057e+07
     66.02   1.02e+07
     70.02  9.442e+06
     74.02  8.946e+06
     78.02  7.849e+06
     82.02  7.522e+06
     86.02  6.587e+06
     90.02  6.291e+06
     94.03  5.771e+06
     98.03  5.198e+06
       102  4.977e+06
       106  4.641e+06
       110  4.371e+06
       114  4.127e+06
       118  3.858e+06
       122  3.365e+06
       126  3.204e+06
       130  3.122e+06
       134  3.172e+06
       138  3.215e+06
       142  2.809e+06
       146  2.587e+06
       150  2.798e+06
       154   2.72e+06
       158  2.583e+06
       162   2.61e+06
       166  2.313e+06
       170  2.219e+06
       174  1.861e+06
       178  1.837e+06
     182.1  1.984e+06
     186.1  1.588e+06
     190.1  1.764e+06
     194.1  1.513e+06
     198.1  1.513e+06
     202.1  1.541e+06
     206.1  1.525e+06
     210.1  1.973e+06
     214.1  1.873e+06
     218.1  1.715e+06
     222.1  1.595e+06
     226.1  1.266e+06
     230.1  1.172e+06
     234.1  1.254e+06
     238.1  1.096e+06
     242.1   1.02e+06
     246.1  1.006e+06
     250.1  9.761e+05
     254.1  7.028e+05
     258.1  6.357e+05
     262.1  5.442e+05
     266.1  4.036e+05
     270.1  3.822e+05
     274.1  4.084e+05
     278.1  3.658e+05
     282.1  3.068e+05
     286.1  2.294e+05
     290.1  1.612e+05
     294.1  1.377e+05
     298.1  1.321e+05
     302.1  1.161e+05
     306.1  1.502e+05
     310.1  1.381e+05
     314.1  1.037e+05
     318.1  6.233e+04
     322.1  4.056e+04
     326.1  4.203e+04
     330.1  2.784e+04
     334.1  2.734e+04
     338.1  1.575e+04
     342.1  1.513e+04
     346.1       1727
     350.1       9251
