    0.7783  5.827e+08
         1   2.85e+08
     1.146  1.862e+08
     1.255   1.39e+08
     1.343  1.118e+08
     1.415  9.306e+07
     1.477  7.901e+07
     1.532  6.773e+07
      1.58  5.864e+07
     1.623  5.138e+07
     1.663  4.572e+07
     1.699  4.099e+07
     1.733   3.69e+07
     1.764  3.353e+07
     1.793  3.057e+07
      1.82   2.81e+07
     1.845  2.597e+07
     1.869  2.413e+07
     1.892  2.246e+07
     1.914  2.101e+07
     1.935  1.967e+07
     1.954  1.848e+07
     1.973   1.74e+07
     1.991   1.64e+07
     2.009  1.551e+07
     2.025  1.469e+07
     2.042  1.394e+07
     2.057  1.325e+07
     2.072  1.261e+07
     2.086  1.201e+07
       2.1  1.145e+07
     2.114  1.093e+07
     2.127  1.047e+07
      2.14  1.005e+07
     2.152  9.643e+06
     2.164  9.256e+06
     2.176  8.912e+06
     2.188   8.59e+06
     2.199  8.286e+06
      2.21  8.006e+06
      2.22  7.732e+06
     2.231  7.472e+06
     2.241  7.214e+06
     2.251  6.973e+06
      2.26  6.753e+06
      2.27  6.531e+06
     2.279   6.33e+06
     2.288  6.132e+06
     2.297  5.945e+06
     2.305  5.771e+06
     2.314  5.606e+06
     2.322  5.468e+06
     2.331  5.333e+06
     2.339    5.2e+06
     2.346   5.07e+06
     2.354  4.936e+06
     2.362  4.805e+06
     2.369  4.684e+06
     2.377  4.563e+06
     2.384  4.446e+06
     2.391  4.334e+06
     2.398  4.227e+06
     2.405  4.116e+06
     2.412  4.008e+06
     2.418  3.902e+06
     2.425  3.797e+06
     2.431  3.696e+06
     2.438    3.6e+06
     2.444  3.507e+06
      2.45  3.416e+06
     2.456  3.327e+06
     2.463  3.239e+06
     2.468  3.155e+06
     2.474  3.074e+06
      2.48  2.995e+06
     2.486  2.921e+06
     2.491  2.849e+06
     2.497  2.779e+06
     2.503  2.711e+06
     2.508  2.645e+06
     2.513  2.581e+06
     2.519  2.519e+06
     2.524  2.459e+06
     2.529  2.401e+06
     2.534  2.346e+06
     2.539  2.291e+06
     2.544  2.239e+06
