    0.7783  4.499e+08
         1  1.858e+08
     1.146  1.072e+08
     1.255  7.833e+07
     1.343  6.336e+07
     1.415   5.05e+07
     1.477  4.008e+07
     1.532  3.087e+07
      1.58  2.443e+07
     1.623  2.044e+07
     1.663  1.876e+07
     1.699  1.613e+07
     1.733  1.335e+07
     1.764  1.241e+07
     1.793  1.057e+07
      1.82   1.02e+07
     1.845  9.442e+06
     1.869  8.946e+06
     1.892  7.849e+06
     1.914  7.522e+06
     1.935  6.587e+06
     1.954  6.291e+06
     1.973  5.771e+06
     1.991  5.198e+06
     2.009  4.977e+06
     2.025  4.641e+06
     2.042  4.371e+06
     2.057  4.127e+06
     2.072  3.858e+06
     2.086  3.365e+06
       2.1  3.204e+06
     2.114  3.122e+06
     2.127  3.172e+06
      2.14  3.215e+06
     2.152  2.809e+06
     2.164  2.587e+06
     2.176  2.798e+06
     2.188   2.72e+06
     2.199  2.583e+06
      2.21   2.61e+06
      2.22  2.313e+06
     2.231  2.219e+06
     2.241  1.861e+06
     2.251  1.837e+06
      2.26  1.984e+06
      2.27  1.588e+06
     2.279  1.764e+06
     2.288  1.513e+06
     2.297  1.513e+06
     2.305  1.541e+06
     2.314  1.525e+06
     2.322  1.973e+06
     2.331  1.873e+06
     2.339  1.715e+06
     2.346  1.595e+06
     2.354  1.266e+06
     2.362  1.172e+06
     2.369  1.254e+06
     2.377  1.096e+06
     2.384   1.02e+06
     2.391  1.006e+06
     2.398  9.761e+05
     2.405  7.028e+05
     2.412  6.357e+05
     2.418  5.442e+05
     2.425  4.036e+05
     2.431  3.822e+05
     2.438  4.084e+05
     2.444  3.658e+05
      2.45  3.068e+05
     2.456  2.294e+05
     2.463  1.612e+05
     2.468  1.377e+05
     2.474  1.321e+05
      2.48  1.161e+05
     2.486  1.502e+05
     2.491  1.381e+05
     2.497  1.037e+05
     2.503  6.233e+04
     2.508  4.056e+04
     2.513  4.203e+04
     2.519  2.784e+04
     2.524  2.734e+04
     2.529  1.575e+04
     2.534  1.513e+04
     2.539       1727
     2.544       9251
