     2.001      20.13
     6.002      21.32
        10      21.68
        14      22.08
        18       22.2
     22.01      22.42
     26.01      22.68
     30.01       22.9
     34.01      23.14
     38.01      23.24
     42.01      23.26
     46.01      23.58
     50.01      23.83
     54.01      23.91
     58.02      24.04
     62.02      24.21
     66.02      24.32
     70.02      24.45
     74.02      24.56
     78.02      24.59
     82.02       24.8
     86.02      24.94
     90.02      25.05
     94.03      25.22
     98.03      25.33
       102       25.4
       106      25.46
       110      25.64
       114      25.67
       118       25.7
       122      25.96
       126      25.97
       130      25.86
       134      25.93
       138      26.11
       142      26.25
       146       26.1
       150      26.22
       154      26.44
       158      26.26
       162      26.46
       166      26.61
       170      26.83
       174      27.07
       178      26.77
     182.1      27.04
     186.1      27.02
     190.1      27.06
     194.1      27.45
     198.1      27.73
     202.1      27.86
     206.1      27.82
     210.1       27.4
     214.1      27.53
     218.1      27.58
     222.1      27.67
     226.1       28.1
     230.1      28.29
     234.1      28.47
     238.1       28.6
     242.1      28.68
     246.1      28.57
     250.1      28.94
     254.1      28.93
     258.1      29.18
     262.1      29.45
     266.1      29.61
     270.1      29.29
     274.1      29.66
     278.1      29.99
     282.1      29.85
     286.1      30.48
     290.1      30.83
     294.1      31.27
     298.1      31.63
     302.1      31.22
     306.1      30.44
     310.1      30.99
     314.1      31.28
     318.1       31.9
     322.1      31.56
     326.1      32.45
     330.1      32.28
     334.1      32.36
     338.1       32.8
     342.1      32.63
     346.1      32.21
     350.1      32.56
