     6.002  9.767e+08
        10  4.644e+08
        14  3.066e+08
        18  2.265e+08
     22.01  1.797e+08
     26.01  1.475e+08
     30.01  1.263e+08
     34.01  1.096e+08
     38.01  9.661e+07
     42.01  8.581e+07
     46.01  7.732e+07
     50.01  7.038e+07
     54.01  6.413e+07
     58.02  5.867e+07
     62.02  5.418e+07
     66.02  5.019e+07
     70.02   4.66e+07
     74.02  4.344e+07
     78.02  4.065e+07
     82.02  3.812e+07
     86.02  3.586e+07
     90.02  3.383e+07
     94.03  3.198e+07
     98.03  3.027e+07
       102  2.869e+07
       106  2.728e+07
       110  2.598e+07
       114  2.475e+07
       118  2.363e+07
       122  2.259e+07
       126  2.164e+07
       130  2.077e+07
       134  1.995e+07
       138   1.92e+07
       142   1.85e+07
       146  1.784e+07
       150  1.724e+07
       154  1.671e+07
       158  1.621e+07
       162  1.572e+07
       166  1.523e+07
       170  1.478e+07
       174  1.432e+07
       178  1.393e+07
     182.1  1.356e+07
     186.1  1.316e+07
     190.1  1.279e+07
     194.1  1.245e+07
     198.1  1.215e+07
     202.1  1.183e+07
     206.1   1.15e+07
     210.1  1.119e+07
     214.1  1.088e+07
     218.1  1.059e+07
     222.1  1.029e+07
     226.1  1.001e+07
     230.1  9.746e+06
     234.1  9.491e+06
     238.1  9.243e+06
     242.1  9.005e+06
     246.1  8.779e+06
     250.1  8.567e+06
     254.1  8.345e+06
     258.1  8.124e+06
     262.1  7.903e+06
     266.1   7.69e+06
     270.1  7.482e+06
     274.1  7.281e+06
     278.1  7.087e+06
     282.1  6.898e+06
     286.1  6.716e+06
     290.1  6.539e+06
     294.1  6.368e+06
     298.1  6.203e+06
     302.1  6.044e+06
     306.1  5.891e+06
     310.1  5.743e+06
     314.1    5.6e+06
     318.1  5.462e+06
     322.1  5.329e+06
     326.1    5.2e+06
     330.1  5.075e+06
     334.1  4.955e+06
     338.1  4.838e+06
     342.1  4.726e+06
     346.1  4.617e+06
     350.1  4.512e+06
