     6.002  7.707e+08
        10  2.937e+08
        14  1.804e+08
        18  1.234e+08
     22.01  9.655e+07
     26.01  7.451e+07
     30.01   6.75e+07
     34.01  5.486e+07
     38.01  4.781e+07
     42.01  3.976e+07
     46.01   3.69e+07
     50.01  3.387e+07
     54.01  2.817e+07
     58.02  2.449e+07
     62.02  2.384e+07
     66.02   2.12e+07
     70.02  1.873e+07
     74.02   1.74e+07
     78.02  1.622e+07
     82.02  1.468e+07
     86.02  1.385e+07
     90.02  1.298e+07
     94.03  1.205e+07
     98.03  1.111e+07
       102  1.004e+07
       106  1.001e+07
       110  9.404e+06
       114  8.392e+06
       118   8.27e+06
       122  7.841e+06
       126  7.619e+06
       130   7.49e+06
       134  7.001e+06
       138   6.99e+06
       142  6.701e+06
       146  6.559e+06
       150  6.553e+06
       154  7.034e+06
       158  6.819e+06
       162  6.324e+06
       166  5.635e+06
       170  5.487e+06
       174  4.833e+06
       178    5.7e+06
     182.1  5.401e+06
     186.1  4.413e+06
     190.1  4.218e+06
     194.1  4.622e+06
     198.1  4.893e+06
     202.1  4.138e+06
     206.1  3.366e+06
     210.1  3.334e+06
     214.1   2.99e+06
     218.1  2.798e+06
     222.1  2.485e+06
     226.1  2.398e+06
     230.1  2.324e+06
     234.1  2.281e+06
     238.1  2.118e+06
     242.1  2.018e+06
     246.1  2.078e+06
     250.1  2.145e+06
     254.1   1.51e+06
     258.1  1.215e+06
     262.1  8.848e+05
     266.1  8.226e+05
     270.1  6.689e+05
     274.1  6.168e+05
     278.1   5.35e+05
     282.1  4.289e+05
     286.1  3.669e+05
     290.1  3.123e+05
     294.1  2.676e+05
     298.1  2.159e+05
     302.1  2.064e+05
     306.1  1.726e+05
     310.1  1.448e+05
     314.1  1.339e+05
     318.1  1.229e+05
     322.1  9.859e+04
     326.1  8.565e+04
     330.1  6.069e+04
     334.1  4.326e+04
     338.1  3.542e+04
     342.1  3.286e+04
     346.1   1.67e+04
     350.1       5765
