    0.7783  7.707e+08
         1  2.937e+08
     1.146  1.804e+08
     1.255  1.234e+08
     1.343  9.655e+07
     1.415  7.451e+07
     1.477   6.75e+07
     1.532  5.486e+07
      1.58  4.781e+07
     1.623  3.976e+07
     1.663   3.69e+07
     1.699  3.387e+07
     1.733  2.817e+07
     1.764  2.449e+07
     1.793  2.384e+07
      1.82   2.12e+07
     1.845  1.873e+07
     1.869   1.74e+07
     1.892  1.622e+07
     1.914  1.468e+07
     1.935  1.385e+07
     1.954  1.298e+07
     1.973  1.205e+07
     1.991  1.111e+07
     2.009  1.004e+07
     2.025  1.001e+07
     2.042  9.404e+06
     2.057  8.392e+06
     2.072   8.27e+06
     2.086  7.841e+06
       2.1  7.619e+06
     2.114   7.49e+06
     2.127  7.001e+06
      2.14   6.99e+06
     2.152  6.701e+06
     2.164  6.559e+06
     2.176  6.553e+06
     2.188  7.034e+06
     2.199  6.819e+06
      2.21  6.324e+06
      2.22  5.635e+06
     2.231  5.487e+06
     2.241  4.833e+06
     2.251    5.7e+06
      2.26  5.401e+06
      2.27  4.413e+06
     2.279  4.218e+06
     2.288  4.622e+06
     2.297  4.893e+06
     2.305  4.138e+06
     2.314  3.366e+06
     2.322  3.334e+06
     2.331   2.99e+06
     2.339  2.798e+06
     2.346  2.485e+06
     2.354  2.398e+06
     2.362  2.324e+06
     2.369  2.281e+06
     2.377  2.118e+06
     2.384  2.018e+06
     2.391  2.078e+06
     2.398  2.145e+06
     2.405   1.51e+06
     2.412  1.215e+06
     2.418  8.848e+05
     2.425  8.226e+05
     2.431  6.689e+05
     2.438  6.168e+05
     2.444   5.35e+05
      2.45  4.289e+05
     2.456  3.669e+05
     2.463  3.123e+05
     2.468  2.676e+05
     2.474  2.159e+05
      2.48  2.064e+05
     2.486  1.726e+05
     2.491  1.448e+05
     2.497  1.339e+05
     2.503  1.229e+05
     2.508  9.859e+04
     2.513  8.565e+04
     2.519  6.069e+04
     2.524  4.326e+04
     2.529  3.542e+04
     2.534  3.286e+04
     2.539   1.67e+04
     2.544       5765
