    0.7783  9.767e+08
         1  4.644e+08
     1.146  3.066e+08
     1.255  2.265e+08
     1.343  1.797e+08
     1.415  1.475e+08
     1.477  1.263e+08
     1.532  1.096e+08
      1.58  9.661e+07
     1.623  8.581e+07
     1.663  7.732e+07
     1.699  7.038e+07
     1.733  6.413e+07
     1.764  5.867e+07
     1.793  5.418e+07
      1.82  5.019e+07
     1.845   4.66e+07
     1.869  4.344e+07
     1.892  4.065e+07
     1.914  3.812e+07
     1.935  3.586e+07
     1.954  3.383e+07
     1.973  3.198e+07
     1.991  3.027e+07
     2.009  2.869e+07
     2.025  2.728e+07
     2.042  2.598e+07
     2.057  2.475e+07
     2.072  2.363e+07
     2.086  2.259e+07
       2.1  2.164e+07
     2.114  2.077e+07
     2.127  1.995e+07
      2.14   1.92e+07
     2.152   1.85e+07
     2.164  1.784e+07
     2.176  1.724e+07
     2.188  1.671e+07
     2.199  1.621e+07
      2.21  1.572e+07
      2.22  1.523e+07
     2.231  1.478e+07
     2.241  1.432e+07
     2.251  1.393e+07
      2.26  1.356e+07
      2.27  1.316e+07
     2.279  1.279e+07
     2.288  1.245e+07
     2.297  1.215e+07
     2.305  1.183e+07
     2.314   1.15e+07
     2.322  1.119e+07
     2.331  1.088e+07
     2.339  1.059e+07
     2.346  1.029e+07
     2.354  1.001e+07
     2.362  9.746e+06
     2.369  9.491e+06
     2.377  9.243e+06
     2.384  9.005e+06
     2.391  8.779e+06
     2.398  8.567e+06
     2.405  8.345e+06
     2.412  8.124e+06
     2.418  7.903e+06
     2.425   7.69e+06
     2.431  7.482e+06
     2.438  7.281e+06
     2.444  7.087e+06
      2.45  6.898e+06
     2.456  6.716e+06
     2.463  6.539e+06
     2.468  6.368e+06
     2.474  6.203e+06
      2.48  6.044e+06
     2.486  5.891e+06
     2.491  5.743e+06
     2.497    5.6e+06
     2.503  5.462e+06
     2.508  5.329e+06
     2.513    5.2e+06
     2.519  5.075e+06
     2.524  4.955e+06
     2.529  4.838e+06
     2.534  4.726e+06
     2.539  4.617e+06
     2.544  4.512e+06
