         6  3.572e+08
        10  4.437e+07
        14  2.123e+07
        18  1.651e+07
        22  1.362e+07
        26  9.765e+06
        30  8.772e+06
        34  8.087e+06
        38  6.465e+06
        42  4.696e+06
        46  4.328e+06
        50  3.231e+06
        54  3.196e+06
        58   2.85e+06
        62  2.604e+06
        66  2.013e+06
        70  1.832e+06
        74  1.702e+06
        78  1.509e+06
        82   1.35e+06
        86  1.236e+06
        90  1.289e+06
        94  9.189e+05
        98  9.555e+05
       102  7.484e+05
       106  1.054e+06
       110  8.189e+05
       114  6.279e+05
       118   6.03e+05
       122  5.276e+05
       126  5.604e+05
       130  7.101e+05
       134   7.06e+05
       138  1.129e+06
       142  1.013e+06
       146  8.046e+05
       150  5.609e+05
       154   5.49e+05
       158  5.063e+05
       162  4.847e+05
       166  5.932e+05
       170  6.094e+05
       174  6.028e+05
       178  5.826e+05
       182  4.318e+05
       186  5.022e+05
       190  4.306e+05
       194  4.368e+05
       198  3.963e+05
       202  3.991e+05
       206  2.981e+05
       210    3.1e+05
       214  2.826e+05
       218  2.737e+05
       222   2.12e+05
       226  2.093e+05
       230  1.619e+05
       234   1.39e+05
       238  1.137e+05
       242  1.292e+05
       246  1.109e+05
       250  8.672e+04
       254  7.452e+04
       258  6.556e+04
       262  7.548e+04
       266  9.612e+04
       270  8.262e+04
       274  5.279e+04
       278  5.213e+04
       282  4.706e+04
       286  5.231e+04
       290  2.256e+04
       294       6829
       298       4924
       302       7065
       306  1.137e+04
       310       9296
       314       6865
       318       1994
       322          0
       326          0
       330          0
       334       1998
       338       2192
       342          0
       346          0
       350          0
