         6  6.763e+08
        10  2.023e+08
        14  1.017e+08
        18  6.444e+07
        22  4.615e+07
        26  3.503e+07
        30  2.806e+07
        34  2.338e+07
        38  1.983e+07
        42  1.696e+07
        46  1.476e+07
        50  1.292e+07
        54  1.148e+07
        58  1.029e+07
        62  9.303e+06
        66   8.42e+06
        70  7.668e+06
        74  7.023e+06
        78  6.458e+06
        82   5.96e+06
        86  5.521e+06
        90  5.145e+06
        94  4.785e+06
        98  4.473e+06
       102  4.181e+06
       106  3.945e+06
       110  3.718e+06
       114  3.501e+06
       118  3.305e+06
       122  3.123e+06
       126   2.96e+06
       130  2.822e+06
       134  2.695e+06
       138  2.604e+06
       142  2.515e+06
       146  2.421e+06
       150  2.322e+06
       154   2.23e+06
       158  2.143e+06
       162  2.061e+06
       166   1.99e+06
       170  1.925e+06
       174  1.864e+06
       178  1.807e+06
       182  1.746e+06
       186  1.693e+06
       190   1.64e+06
       194   1.59e+06
       198  1.542e+06
       202  1.497e+06
       206   1.45e+06
       210  1.407e+06
       214  1.365e+06
       218  1.325e+06
       222  1.284e+06
       226  1.246e+06
       230  1.209e+06
       234  1.172e+06
       238  1.137e+06
       242  1.103e+06
       246  1.071e+06
       250  1.039e+06
       254  1.009e+06
       258  9.798e+05
       262  9.522e+05
       266  9.265e+05
       270  9.015e+05
       274  8.767e+05
       278   8.53e+05
       282  8.301e+05
       286  8.083e+05
       290  7.867e+05
       294  7.655e+05
       298   7.45e+05
       302  7.255e+05
       306  7.068e+05
       310  6.888e+05
       314  6.714e+05
       318  6.546e+05
       322  6.383e+05
       326  6.227e+05
       330  6.076e+05
       334  5.931e+05
       338  5.791e+05
       342  5.655e+05
       346  5.525e+05
       350  5.398e+05
