    0.7782  6.763e+08
         1  2.023e+08
     1.146  1.017e+08
     1.255  6.444e+07
     1.342  4.615e+07
     1.415  3.503e+07
     1.477  2.806e+07
     1.531  2.338e+07
      1.58  1.983e+07
     1.623  1.696e+07
     1.663  1.476e+07
     1.699  1.292e+07
     1.732  1.148e+07
     1.763  1.029e+07
     1.792  9.303e+06
      1.82   8.42e+06
     1.845  7.668e+06
     1.869  7.023e+06
     1.892  6.458e+06
     1.914   5.96e+06
     1.935  5.521e+06
     1.954  5.145e+06
     1.973  4.785e+06
     1.991  4.473e+06
     2.009  4.181e+06
     2.025  3.945e+06
     2.041  3.718e+06
     2.057  3.501e+06
     2.072  3.305e+06
     2.086  3.123e+06
       2.1   2.96e+06
     2.114  2.822e+06
     2.127  2.695e+06
      2.14  2.604e+06
     2.152  2.515e+06
     2.164  2.421e+06
     2.176  2.322e+06
     2.188   2.23e+06
     2.199  2.143e+06
      2.21  2.061e+06
      2.22   1.99e+06
      2.23  1.925e+06
     2.241  1.864e+06
      2.25  1.807e+06
      2.26  1.746e+06
      2.27  1.693e+06
     2.279   1.64e+06
     2.288   1.59e+06
     2.297  1.542e+06
     2.305  1.497e+06
     2.314   1.45e+06
     2.322  1.407e+06
      2.33  1.365e+06
     2.338  1.325e+06
     2.346  1.284e+06
     2.354  1.246e+06
     2.362  1.209e+06
     2.369  1.172e+06
     2.377  1.137e+06
     2.384  1.103e+06
     2.391  1.071e+06
     2.398  1.039e+06
     2.405  1.009e+06
     2.412  9.798e+05
     2.418  9.522e+05
     2.425  9.265e+05
     2.431  9.015e+05
     2.438  8.767e+05
     2.444   8.53e+05
      2.45  8.301e+05
     2.456  8.083e+05
     2.462  7.867e+05
     2.468  7.655e+05
     2.474   7.45e+05
      2.48  7.255e+05
     2.486  7.068e+05
     2.491  6.888e+05
     2.497  6.714e+05
     2.502  6.546e+05
     2.508  6.383e+05
     2.513  6.227e+05
     2.519  6.076e+05
     2.524  5.931e+05
     2.529  5.791e+05
     2.534  5.655e+05
     2.539  5.525e+05
     2.544  5.398e+05
