    0.7782  3.572e+08
         1  4.437e+07
     1.146  2.123e+07
     1.255  1.651e+07
     1.342  1.362e+07
     1.415  9.765e+06
     1.477  8.772e+06
     1.531  8.087e+06
      1.58  6.465e+06
     1.623  4.696e+06
     1.663  4.328e+06
     1.699  3.231e+06
     1.732  3.196e+06
     1.763   2.85e+06
     1.792  2.604e+06
      1.82  2.013e+06
     1.845  1.832e+06
     1.869  1.702e+06
     1.892  1.509e+06
     1.914   1.35e+06
     1.935  1.236e+06
     1.954  1.289e+06
     1.973  9.189e+05
     1.991  9.555e+05
     2.009  7.484e+05
     2.025  1.054e+06
     2.041  8.189e+05
     2.057  6.279e+05
     2.072   6.03e+05
     2.086  5.276e+05
       2.1  5.604e+05
     2.114  7.101e+05
     2.127   7.06e+05
      2.14  1.129e+06
     2.152  1.013e+06
     2.164  8.046e+05
     2.176  5.609e+05
     2.188   5.49e+05
     2.199  5.063e+05
      2.21  4.847e+05
      2.22  5.932e+05
      2.23  6.094e+05
     2.241  6.028e+05
      2.25  5.826e+05
      2.26  4.318e+05
      2.27  5.022e+05
     2.279  4.306e+05
     2.288  4.368e+05
     2.297  3.963e+05
     2.305  3.991e+05
     2.314  2.981e+05
     2.322    3.1e+05
      2.33  2.826e+05
     2.338  2.737e+05
     2.346   2.12e+05
     2.354  2.093e+05
     2.362  1.619e+05
     2.369   1.39e+05
     2.377  1.137e+05
     2.384  1.292e+05
     2.391  1.109e+05
     2.398  8.672e+04
     2.405  7.452e+04
     2.412  6.556e+04
     2.418  7.548e+04
     2.425  9.612e+04
     2.431  8.262e+04
     2.438  5.279e+04
     2.444  5.213e+04
      2.45  4.706e+04
     2.456  5.231e+04
     2.462  2.256e+04
     2.468       6829
     2.474       4924
      2.48       7065
     2.486  1.137e+04
     2.491       9296
     2.497       6865
     2.502       1994
     2.508          0
     2.513          0
     2.519          0
     2.524       1998
     2.529       2192
     2.534          0
     2.539          0
     2.544          0
