         2      18.49
         6       20.3
        10      21.21
        14      21.55
        18      21.82
        22      22.01
        26      22.15
        30      22.07
        34      22.19
        38      22.75
        42      22.93
        46      23.66
        50       23.7
        54      23.71
        58      24.17
        62      24.63
        66      25.27
        70      25.61
        74       25.8
        78      26.06
        82       26.9
        86      27.22
        90       27.4
        94      28.04
        98      28.68
       102      28.44
       106      28.51
       110      29.11
       114      29.77
       118      29.96
       122      30.04
       126      29.66
       130      29.73
       134      29.74
       138      29.09
       142      29.02
       146      29.56
       150      30.17
       154      30.37
       158      30.79
       162      30.81
       166      30.54
       170      30.69
       174      30.91
       178      31.35
       182      31.62
       186      31.94
       190       32.1
       194      32.01
       198      32.03
       202      32.11
       206      32.27
       210      32.18
       214      32.69
       218      33.18
       222      33.31
       226      33.17
       230      33.53
       234      33.85
       238      33.87
       242      34.09
       246      34.25
       250      34.25
       254      34.49
       258      34.24
       262      34.21
       266      34.22
       270      34.16
       274      34.53
       278      34.24
       282      34.15
       286      34.41
       290      35.05
       294      35.04
       298      34.99
       302       34.8
       306      34.79
       310      34.87
       314      34.81
       318      35.28
       322      35.52
       326      35.52
       330      35.28
       334      34.82
       338      35.46
       342      35.52
       346      35.52
       350      35.52
