      6.02  2.551e+08
     10.03  3.484e+07
     14.05  1.902e+07
     18.06  1.412e+07
     22.07  9.795e+06
     26.09  9.992e+06
      30.1  1.145e+07
     34.11  1.033e+07
     38.13  8.332e+06
     42.14  5.702e+06
     46.15  4.956e+06
     50.17  4.743e+06
     54.18  2.994e+06
     58.19  1.687e+06
     62.21  1.351e+06
     66.22  1.217e+06
     70.23  1.068e+06
     74.25  6.747e+05
     78.26  7.152e+05
     82.27  6.478e+05
     86.29  5.468e+05
      90.3  6.434e+05
     94.32    9.9e+05
     98.33  9.074e+05
     102.3  6.824e+05
     106.4  8.132e+05
     110.4  6.427e+05
     114.4  6.026e+05
     118.4  6.898e+05
     122.4  8.238e+05
     126.4   8.11e+05
     130.4  7.387e+05
     134.4  5.507e+05
     138.5  5.284e+05
     142.5  4.176e+05
     146.5  2.412e+05
     150.5  3.054e+05
     154.5   2.22e+05
     158.5  1.915e+05
     162.5  1.348e+05
     166.6  1.515e+05
     170.6  1.719e+05
     174.6  9.033e+04
     178.6  8.925e+04
     182.6   9.68e+04
     186.6  7.824e+04
     190.6  3.688e+04
     194.7  4.223e+04
     198.7   4.15e+04
     202.7  5.365e+04
     206.7  3.537e+04
     210.7   4.18e+04
     214.7  5.703e+04
     218.7  2.847e+04
     222.7  3.484e+04
     226.8  4.291e+04
     230.8  2.124e+04
     234.8  2.741e+04
     238.8   2.08e+04
     242.8  2.283e+04
     246.8       8201
     250.8       8974
     254.9  1.385e+04
     258.9  2.245e+04
     262.9  1.275e+04
     266.9  1.161e+04
     270.9       2853
     274.9       4930
     278.9       2499
     282.9          0
       287          0
       291          0
       295          0
       299       2238
       303          0
       307       2257
       311          0
     315.1          0
     319.1          0
     323.1          0
     327.1          0
     331.1          0
     335.1          0
     339.1          0
     343.1          0
     347.2          0
