      6.02  7.813e+08
     10.03  2.214e+08
     14.05   1.09e+08
     18.06  6.748e+07
     22.07  4.671e+07
     26.09  3.549e+07
      30.1  2.912e+07
     34.11  2.471e+07
     38.13  2.127e+07
     42.14  1.832e+07
     46.15    1.6e+07
     50.17   1.42e+07
     54.18  1.254e+07
     58.19  1.105e+07
     62.21  9.797e+06
     66.22  8.758e+06
     70.23   7.88e+06
     74.25  7.101e+06
     78.26  6.447e+06
     82.27  5.881e+06
     86.29  5.385e+06
      90.3  4.964e+06
     94.32  4.626e+06
     98.33  4.323e+06
     102.3  4.037e+06
     106.4  3.794e+06
     110.4  3.565e+06
     114.4  3.357e+06
     118.4  3.176e+06
     122.4  3.022e+06
     126.4  2.882e+06
     130.4   2.75e+06
     134.4  2.619e+06
     138.5  2.497e+06
     142.5   2.38e+06
     146.5  2.263e+06
     150.5  2.159e+06
     154.5  2.058e+06
     158.5  1.964e+06
     162.5  1.873e+06
     166.6   1.79e+06
     170.6  1.714e+06
     174.6   1.64e+06
     178.6   1.57e+06
     182.6  1.505e+06
     186.6  1.444e+06
     190.6  1.385e+06
     194.7  1.329e+06
     198.7  1.277e+06
     202.7  1.229e+06
     206.7  1.182e+06
     210.7  1.139e+06
     214.7  1.099e+06
     218.7  1.059e+06
     222.7  1.022e+06
     226.8  9.877e+05
     230.8  9.541e+05
     234.8  9.224e+05
     238.8  8.921e+05
     242.8  8.633e+05
     246.8  8.355e+05
     250.8  8.091e+05
     254.9   7.84e+05
     258.9  7.604e+05
     262.9  7.376e+05
     266.9  7.158e+05
     270.9  6.946e+05
     274.9  6.745e+05
     278.9  6.552e+05
     282.9  6.366e+05
       287  6.188e+05
       291  6.017e+05
       295  5.853e+05
       299  5.697e+05
       303  5.546e+05
       307  5.402e+05
       311  5.262e+05
     315.1  5.128e+05
     319.1  4.999e+05
     323.1  4.875e+05
     327.1  4.755e+05
     331.1   4.64e+05
     335.1  4.529e+05
     339.1  4.422e+05
     343.1  4.318e+05
     347.2  4.218e+05
