    0.7796  7.813e+08
     1.001  2.214e+08
     1.148   1.09e+08
     1.257  6.748e+07
     1.344  4.671e+07
     1.416  3.549e+07
     1.479  2.912e+07
     1.533  2.471e+07
     1.581  2.127e+07
     1.625  1.832e+07
     1.664    1.6e+07
       1.7   1.42e+07
     1.734  1.254e+07
     1.765  1.105e+07
     1.794  9.797e+06
     1.821  8.758e+06
     1.847   7.88e+06
     1.871  7.101e+06
     1.894  6.447e+06
     1.915  5.881e+06
     1.936  5.385e+06
     1.956  4.964e+06
     1.975  4.626e+06
     1.993  4.323e+06
      2.01  4.037e+06
     2.027  3.794e+06
     2.043  3.565e+06
     2.058  3.357e+06
     2.073  3.176e+06
     2.088  3.022e+06
     2.102  2.882e+06
     2.115   2.75e+06
     2.129  2.619e+06
     2.141  2.497e+06
     2.154   2.38e+06
     2.166  2.263e+06
     2.178  2.159e+06
     2.189  2.058e+06
       2.2  1.964e+06
     2.211  1.873e+06
     2.222   1.79e+06
     2.232  1.714e+06
     2.242   1.64e+06
     2.252   1.57e+06
     2.262  1.505e+06
     2.271  1.444e+06
      2.28  1.385e+06
     2.289  1.329e+06
     2.298  1.277e+06
     2.307  1.229e+06
     2.315  1.182e+06
     2.324  1.139e+06
     2.332  1.099e+06
      2.34  1.059e+06
     2.348  1.022e+06
     2.356  9.877e+05
     2.363  9.541e+05
     2.371  9.224e+05
     2.378  8.921e+05
     2.385  8.633e+05
     2.392  8.355e+05
     2.399  8.091e+05
     2.406   7.84e+05
     2.413  7.604e+05
      2.42  7.376e+05
     2.426  7.158e+05
     2.433  6.946e+05
     2.439  6.745e+05
     2.445  6.552e+05
     2.452  6.366e+05
     2.458  6.188e+05
     2.464  6.017e+05
      2.47  5.853e+05
     2.476  5.697e+05
     2.481  5.546e+05
     2.487  5.402e+05
     2.493  5.262e+05
     2.498  5.128e+05
     2.504  4.999e+05
     2.509  4.875e+05
     2.515  4.755e+05
      2.52   4.64e+05
     2.525  4.529e+05
      2.53  4.422e+05
     2.535  4.318e+05
     2.541  4.218e+05
