    0.7796  2.551e+08
     1.001  3.484e+07
     1.148  1.902e+07
     1.257  1.412e+07
     1.344  9.795e+06
     1.416  9.992e+06
     1.479  1.145e+07
     1.533  1.033e+07
     1.581  8.332e+06
     1.625  5.702e+06
     1.664  4.956e+06
       1.7  4.743e+06
     1.734  2.994e+06
     1.765  1.687e+06
     1.794  1.351e+06
     1.821  1.217e+06
     1.847  1.068e+06
     1.871  6.747e+05
     1.894  7.152e+05
     1.915  6.478e+05
     1.936  5.468e+05
     1.956  6.434e+05
     1.975    9.9e+05
     1.993  9.074e+05
      2.01  6.824e+05
     2.027  8.132e+05
     2.043  6.427e+05
     2.058  6.026e+05
     2.073  6.898e+05
     2.088  8.238e+05
     2.102   8.11e+05
     2.115  7.387e+05
     2.129  5.507e+05
     2.141  5.284e+05
     2.154  4.176e+05
     2.166  2.412e+05
     2.178  3.054e+05
     2.189   2.22e+05
       2.2  1.915e+05
     2.211  1.348e+05
     2.222  1.515e+05
     2.232  1.719e+05
     2.242  9.033e+04
     2.252  8.925e+04
     2.262   9.68e+04
     2.271  7.824e+04
      2.28  3.688e+04
     2.289  4.223e+04
     2.298   4.15e+04
     2.307  5.365e+04
     2.315  3.537e+04
     2.324   4.18e+04
     2.332  5.703e+04
      2.34  2.847e+04
     2.348  3.484e+04
     2.356  4.291e+04
     2.363  2.124e+04
     2.371  2.741e+04
     2.378   2.08e+04
     2.385  2.283e+04
     2.392       8201
     2.399       8974
     2.406  1.385e+04
     2.413  2.245e+04
      2.42  1.275e+04
     2.426  1.161e+04
     2.433       2853
     2.439       4930
     2.445       2499
     2.452          0
     2.458          0
     2.464          0
      2.47          0
     2.476       2238
     2.481          0
     2.487       2257
     2.493          0
     2.498          0
     2.504          0
     2.509          0
     2.515          0
      2.52          0
     2.525          0
      2.53          0
     2.535          0
     2.541          0
