     2.007      18.44
      6.02      20.65
     10.03      21.13
     14.05      21.63
     18.06      22.11
     22.07      22.19
     26.09      22.49
      30.1      22.08
     34.11      22.52
     38.13      23.37
     42.14      24.42
     46.15      25.02
     50.17      26.66
     54.18       27.2
     58.19      26.88
     62.21      27.29
     66.22      27.85
     70.23      29.06
     74.25      30.11
     78.26      30.88
     82.27      31.36
     86.29      31.34
      90.3      30.65
     94.32      30.61
     98.33      30.89
     102.3      30.76
     106.4      30.77
     110.4       30.5
     114.4      30.69
     118.4      30.96
     122.4      31.29
     126.4      31.44
     130.4      31.67
     134.4      32.35
     138.5      32.65
     142.5      33.32
     146.5      33.51
     150.5       33.4
     154.5      34.09
     158.5      34.31
     162.5      34.39
     166.6      34.51
     170.6      34.39
     174.6      34.62
     178.6      34.48
     182.6      34.45
     186.6      34.66
     190.6      34.94
     194.7      34.94
     198.7      34.93
     202.7      34.98
     206.7      34.95
     210.7      34.86
     214.7      35.06
     218.7      35.13
     222.7      35.03
     226.8      35.11
     230.8      35.17
     234.8      35.13
     238.8      35.11
     242.8      35.24
     246.8       35.4
     250.8      35.26
     254.9      35.08
     258.9      35.23
     262.9      35.14
     266.9      35.28
     270.9      35.32
     274.9      35.41
     278.9      35.49
     282.9      35.52
       287      35.52
       291      35.52
       295      35.51
       299      35.37
       303      35.42
       307      35.38
       311      35.52
     315.1      35.52
     319.1      35.52
     323.1      35.52
     327.1      35.52
     331.1      35.52
     335.1      35.52
     339.1      35.52
     343.1      35.52
     347.2      35.52
