     6.067  4.024e+08
     10.11  4.815e+07
     14.16  2.115e+07
      18.2  1.705e+07
     22.24  1.014e+07
     26.29  6.053e+06
     30.33   6.06e+06
     34.38   5.22e+06
     38.42  3.562e+06
     42.47  1.657e+06
     46.51  1.116e+06
     50.55  8.143e+05
      54.6  2.162e+05
     58.64  1.541e+05
     62.69  5.873e+04
     66.73  5.391e+04
     70.78  1.019e+05
     74.82  7.625e+04
     78.87  3.725e+04
     82.91  4.288e+04
     86.95  3.248e+04
        91  2.274e+04
     95.04   4.01e+04
     99.09  7.087e+04
     103.1  4.398e+04
     107.2  2.474e+04
     111.2  3.037e+04
     115.3  3.343e+04
     119.3  2.507e+04
     123.4  1.133e+04
     127.4  2.207e+04
     131.4  2.242e+04
     135.5  1.652e+04
     139.5  2.584e+04
     143.6  4.891e+04
     147.6  2.768e+04
     151.7   5.49e+04
     155.7  2.774e+04
     159.8       4220
     163.8       8253
     167.8       4232
     171.9          0
     175.9          0
       180       3716
       184          0
     188.1          0
     192.1          0
     196.2          0
     200.2          0
     204.2          0
     208.3          0
     212.3       3559
     216.4          0
     220.4          0
     224.5          0
     228.5          0
     232.6          0
     236.6          0
     240.6          0
     244.7          0
     248.7       2664
     252.8          0
     256.8          0
     260.9          0
     264.9          0
     268.9          0
       273          0
       277          0
     281.1          0
     285.1          0
     289.2          0
     293.2          0
     297.3          0
     301.3          0
     305.3          0
     309.4          0
     313.4          0
     317.5          0
     321.5          0
     325.6          0
     329.6          0
     333.7          0
     337.7          0
     341.7          0
     345.8          0
