     6.067  7.276e+08
     10.11   2.18e+08
     14.16  1.086e+08
      18.2  6.857e+07
     22.24  4.754e+07
     26.29  3.486e+07
     30.33  2.722e+07
     34.38  2.206e+07
     38.42  1.818e+07
     42.47  1.504e+07
     46.51  1.262e+07
     50.55  1.074e+07
      54.6  9.182e+06
     58.64  7.938e+06
     62.69  6.923e+06
     66.73  6.091e+06
     70.78  5.407e+06
     74.82  4.831e+06
     78.87   4.34e+06
     82.91  3.921e+06
     86.95  3.559e+06
        91  3.245e+06
     95.04  2.973e+06
     99.09  2.736e+06
     103.1  2.525e+06
     107.2  2.336e+06
     111.2  2.168e+06
     115.3  2.019e+06
     119.3  1.884e+06
     123.4  1.761e+06
     127.4   1.65e+06
     131.4   1.55e+06
     135.5  1.459e+06
     139.5  1.376e+06
     143.6  1.301e+06
     147.6  1.231e+06
     151.7  1.168e+06
     155.7  1.109e+06
     159.8  1.053e+06
     163.8  1.002e+06
     167.8  9.536e+05
     171.9  9.088e+05
     175.9   8.67e+05
       180  8.282e+05
       184  7.918e+05
     188.1  7.577e+05
     192.1  7.258e+05
     196.2  6.959e+05
     200.2  6.678e+05
     204.2  6.414e+05
     208.3  6.165e+05
     212.3  5.931e+05
     216.4  5.709e+05
     220.4    5.5e+05
     224.5  5.302e+05
     228.5  5.114e+05
     232.6  4.936e+05
     236.6  4.767e+05
     240.6  4.607e+05
     244.7  4.455e+05
     248.7  4.311e+05
     252.8  4.173e+05
     256.8  4.042e+05
     260.9  3.916e+05
     264.9  3.797e+05
     268.9  3.682e+05
       273  3.573e+05
       277  3.469e+05
     281.1  3.369e+05
     285.1  3.274e+05
     289.2  3.182e+05
     293.2  3.094e+05
     297.3   3.01e+05
     301.3  2.929e+05
     305.3  2.852e+05
     309.4  2.777e+05
     313.4  2.705e+05
     317.5  2.637e+05
     321.5   2.57e+05
     325.6  2.506e+05
     329.6  2.445e+05
     333.7  2.386e+05
     337.7  2.328e+05
     341.7  2.273e+05
     345.8   2.22e+05
