    0.7829  7.276e+08
     1.005   2.18e+08
     1.151  1.086e+08
      1.26  6.857e+07
     1.347  4.754e+07
      1.42  3.486e+07
     1.482  2.722e+07
     1.536  2.206e+07
     1.585  1.818e+07
     1.628  1.504e+07
     1.668  1.262e+07
     1.704  1.074e+07
     1.737  9.182e+06
     1.768  7.938e+06
     1.797  6.923e+06
     1.824  6.091e+06
      1.85  5.407e+06
     1.874  4.831e+06
     1.897   4.34e+06
     1.919  3.921e+06
     1.939  3.559e+06
     1.959  3.245e+06
     1.978  2.973e+06
     1.996  2.736e+06
     2.013  2.525e+06
      2.03  2.336e+06
     2.046  2.168e+06
     2.062  2.019e+06
     2.077  1.884e+06
     2.091  1.761e+06
     2.105   1.65e+06
     2.119   1.55e+06
     2.132  1.459e+06
     2.145  1.376e+06
     2.157  1.301e+06
     2.169  1.231e+06
     2.181  1.168e+06
     2.192  1.109e+06
     2.203  1.053e+06
     2.214  1.002e+06
     2.225  9.536e+05
     2.235  9.088e+05
     2.245   8.67e+05
     2.255  8.282e+05
     2.265  7.918e+05
     2.274  7.577e+05
     2.284  7.258e+05
     2.293  6.959e+05
     2.301  6.678e+05
      2.31  6.414e+05
     2.319  6.165e+05
     2.327  5.931e+05
     2.335  5.709e+05
     2.343    5.5e+05
     2.351  5.302e+05
     2.359  5.114e+05
     2.367  4.936e+05
     2.374  4.767e+05
     2.381  4.607e+05
     2.389  4.455e+05
     2.396  4.311e+05
     2.403  4.173e+05
      2.41  4.042e+05
     2.416  3.916e+05
     2.423  3.797e+05
      2.43  3.682e+05
     2.436  3.573e+05
     2.443  3.469e+05
     2.449  3.369e+05
     2.455  3.274e+05
     2.461  3.182e+05
     2.467  3.094e+05
     2.473   3.01e+05
     2.479  2.929e+05
     2.485  2.852e+05
     2.491  2.777e+05
     2.496  2.705e+05
     2.502  2.637e+05
     2.507   2.57e+05
     2.513  2.506e+05
     2.518  2.445e+05
     2.523  2.386e+05
     2.529  2.328e+05
     2.534  2.273e+05
     2.539   2.22e+05
