    0.7829  4.024e+08
     1.005  4.815e+07
     1.151  2.115e+07
      1.26  1.705e+07
     1.347  1.014e+07
      1.42  6.053e+06
     1.482   6.06e+06
     1.536   5.22e+06
     1.585  3.562e+06
     1.628  1.657e+06
     1.668  1.116e+06
     1.704  8.143e+05
     1.737  2.162e+05
     1.768  1.541e+05
     1.797  5.873e+04
     1.824  5.391e+04
      1.85  1.019e+05
     1.874  7.625e+04
     1.897  3.725e+04
     1.919  4.288e+04
     1.939  3.248e+04
     1.959  2.274e+04
     1.978   4.01e+04
     1.996  7.087e+04
     2.013  4.398e+04
      2.03  2.474e+04
     2.046  3.037e+04
     2.062  3.343e+04
     2.077  2.507e+04
     2.091  1.133e+04
     2.105  2.207e+04
     2.119  2.242e+04
     2.132  1.652e+04
     2.145  2.584e+04
     2.157  4.891e+04
     2.169  2.768e+04
     2.181   5.49e+04
     2.192  2.774e+04
     2.203       4220
     2.214       8253
     2.225       4232
     2.235          0
     2.245          0
     2.255       3716
     2.265          0
     2.274          0
     2.284          0
     2.293          0
     2.301          0
      2.31          0
     2.319          0
     2.327       3559
     2.335          0
     2.343          0
     2.351          0
     2.359          0
     2.367          0
     2.374          0
     2.381          0
     2.389          0
     2.396       2664
     2.403          0
      2.41          0
     2.416          0
     2.423          0
      2.43          0
     2.436          0
     2.443          0
     2.449          0
     2.455          0
     2.461          0
     2.467          0
     2.473          0
     2.479          0
     2.485          0
     2.491          0
     2.496          0
     2.502          0
     2.507          0
     2.513          0
     2.518          0
     2.523          0
     2.529          0
     2.534          0
     2.539          0
