     2.022  3.761e+10
     6.067  8.413e+10
     10.11  1.008e+11
     14.16  1.131e+11
      18.2  1.269e+11
     22.24  1.374e+11
     26.29  1.451e+11
     30.33  1.542e+11
     34.38  1.633e+11
     38.42  1.703e+11
     42.47  1.739e+11
     46.51  1.766e+11
     50.55  1.788e+11
      54.6  1.794e+11
     58.64  1.799e+11
     62.69  1.801e+11
     66.73  1.803e+11
     70.78  1.807e+11
     74.82   1.81e+11
     78.87  1.811e+11
     82.91  1.813e+11
     86.95  1.815e+11
        91  1.816e+11
     95.04  1.818e+11
     99.09  1.822e+11
     103.1  1.824e+11
     107.2  1.826e+11
     111.2  1.828e+11
     115.3   1.83e+11
     119.3  1.832e+11
     123.4  1.832e+11
     127.4  1.834e+11
     131.4  1.835e+11
     135.5  1.837e+11
     139.5  1.839e+11
     143.6  1.843e+11
     147.6  1.845e+11
     151.7   1.85e+11
     155.7  1.852e+11
     159.8  1.852e+11
     163.8  1.853e+11
     167.8  1.853e+11
     171.9  1.853e+11
     175.9  1.853e+11
       180  1.854e+11
       184  1.854e+11
     188.1  1.854e+11
     192.1  1.854e+11
     196.2  1.854e+11
     200.2  1.854e+11
     204.2  1.854e+11
     208.3  1.854e+11
     212.3  1.854e+11
     216.4  1.854e+11
     220.4  1.854e+11
     224.5  1.854e+11
     228.5  1.854e+11
     232.6  1.854e+11
     236.6  1.854e+11
     240.6  1.854e+11
     244.7  1.854e+11
     248.7  1.855e+11
     252.8  1.855e+11
     256.8  1.855e+11
     260.9  1.855e+11
     264.9  1.855e+11
     268.9  1.855e+11
       273  1.855e+11
       277  1.855e+11
     281.1  1.855e+11
     285.1  1.855e+11
     289.2  1.855e+11
     293.2  1.855e+11
     297.3  1.855e+11
     301.3  1.855e+11
     305.3  1.855e+11
     309.4  1.855e+11
     313.4  1.855e+11
     317.5  1.855e+11
     321.5  1.855e+11
     325.6  1.855e+11
     329.6  1.855e+11
     333.7  1.855e+11
     337.7  1.855e+11
     341.7  1.855e+11
     345.8  1.855e+11
