     2.022      17.98
     6.067      20.29
     10.11      21.11
     14.16      21.69
      18.2      22.03
     22.24       23.5
     26.29      24.72
     30.33      25.78
     34.38      26.39
     38.42      27.62
     42.47      28.14
     46.51      29.28
     50.55      30.99
      54.6      32.77
     58.64      33.74
     62.69      34.44
     66.73      33.89
     70.78      34.31
     74.82      34.78
     78.87      34.85
     82.91      34.72
     86.95       35.1
        91      34.95
     95.04      34.92
     99.09      34.74
     103.1      35.06
     107.2      34.99
     111.2      35.01
     115.3      35.16
     119.3       35.1
     123.4      35.28
     127.4      35.13
     131.4      35.15
     135.5      35.21
     139.5      35.12
     143.6      35.27
     147.6      35.19
     151.7      35.19
     155.7      35.27
     159.8      35.39
     163.8      35.42
     167.8      35.47
     171.9      35.52
     175.9       35.5
       180      35.46
       184      35.52
     188.1      35.52
     192.1      35.52
     196.2      35.52
     200.2      35.52
     204.2      35.52
     208.3      35.51
     212.3      35.47
     216.4      35.51
     220.4      35.52
     224.5      35.52
     228.5      35.52
     232.6      35.52
     236.6      35.52
     240.6      35.51
     244.7      35.47
     248.7      35.52
     252.8      35.52
     256.8      35.52
     260.9      35.52
     264.9      35.52
     268.9      35.52
       273      35.52
       277      35.52
     281.1      35.52
     285.1      35.52
     289.2      35.52
     293.2      35.52
     297.3      35.52
     301.3      35.52
     305.3      35.52
     309.4      35.52
     313.4      35.52
     317.5      35.52
     321.5      35.52
     325.6      35.52
     329.6      35.52
     333.7      35.52
     337.7      35.52
     341.7      35.52
     345.8      35.52
