     2.022  3.173e-16
     6.067  2.196e-17
     10.11  7.365e-18
     14.16  5.401e-18
      18.2  4.714e-18
     22.24  2.496e-18
     26.29  1.856e-18
     30.33  2.227e-18
     34.38  1.847e-18
     38.42  1.156e-18
     42.47  5.381e-19
     46.51  4.469e-19
     50.55  1.784e-19
      54.6  7.611e-20
     58.64   4.17e-20
     62.69  1.786e-20
     66.73  3.508e-20
     70.78  3.403e-20
     74.82  1.416e-20
     78.87  7.892e-21
     82.91  1.609e-20
     86.95  7.065e-21
        91  1.314e-20
     95.04  1.324e-20
     99.09  4.702e-20
     103.1  1.725e-20
     107.2   2.17e-20
     111.2  2.435e-20
     115.3  1.984e-20
     119.3  1.051e-20
     123.4  4.192e-21
     127.4  9.982e-21
     131.4  1.156e-20
     135.5  7.643e-21
     139.5  1.216e-20
     143.6  1.231e-20
     147.6  1.135e-20
     151.7  1.468e-20
     155.7  6.988e-21
     159.8  1.929e-21
     163.8  1.503e-21
     167.8   1.26e-21
     171.9  1.037e-23
     175.9  1.176e-22
       180  8.129e-22
       184      1e-23
     188.1      1e-23
     192.1      1e-23
     196.2      1e-23
     200.2      1e-23
     204.2      1e-23
     208.3  2.465e-23
     212.3  1.799e-21
     216.4  4.472e-23
     220.4      1e-23
     224.5      1e-23
     228.5      1e-23
     232.6      1e-23
     236.6      1e-23
     240.6  2.755e-23
     244.7  6.337e-22
     248.7      1e-23
     252.8      1e-23
     256.8      1e-23
     260.9      1e-23
     264.9      1e-23
     268.9      1e-23
       273      1e-23
       277      1e-23
     281.1      1e-23
     285.1      1e-23
     289.2      1e-23
     293.2      1e-23
     297.3      1e-23
     301.3      1e-23
     305.3      1e-23
     309.4      1e-23
     313.4      1e-23
     317.5      1e-23
     321.5      1e-23
     325.6      1e-23
     329.6      1e-23
     333.7      1e-23
     337.7      1e-23
     341.7      1e-23
     345.8      1e-23
