     2.022      16.76
     6.067      19.66
     10.11      20.85
     14.16      21.18
      18.2      21.33
     22.24      22.02
     26.29      22.34
     30.33      22.15
     34.38      22.35
     38.42      22.86
     42.47      23.69
     46.51      23.89
     50.55      24.89
      54.6      25.81
     58.64      26.47
     62.69      27.39
     66.73      26.65
     70.78      26.69
     74.82      27.64
     78.87      28.27
     82.91       27.5
     86.95      28.39
        91      27.72
     95.04      27.71
     99.09      26.34
     103.1      27.42
     107.2      27.17
     111.2      27.05
     115.3      27.27
     119.3      27.96
     123.4      28.96
     127.4      28.02
     131.4      27.86
     135.5      28.31
     139.5       27.8
     143.6      27.79
     147.6      27.88
     151.7       27.6
     155.7      28.41
     159.8       29.8
     163.8      30.07
     167.8      30.27
     171.9      35.48
     175.9      32.84
       180      30.74
       184      35.52
     188.1      35.52
     192.1      35.52
     196.2      35.52
     200.2      35.52
     204.2      35.52
     208.3      34.54
     212.3      29.88
     216.4      33.89
     220.4      35.52
     224.5      35.52
     228.5      35.52
     232.6      35.52
     236.6      35.52
     240.6      34.42
     244.7      31.01
     248.7      35.52
     252.8      35.52
     256.8      35.52
     260.9      35.52
     264.9      35.52
     268.9      35.52
       273      35.52
       277      35.52
     281.1      35.52
     285.1      35.52
     289.2      35.52
     293.2      35.52
     297.3      35.52
     301.3      35.52
     305.3      35.52
     309.4      35.52
     313.4      35.52
     317.5      35.52
     321.5      35.52
     325.6      35.52
     329.6      35.52
     333.7      35.52
     337.7      35.52
     341.7      35.52
     345.8      35.52
