     6.002  1.016e+09
        10  3.929e+08
        14  2.187e+08
     18.01  1.443e+08
     22.01  1.044e+08
     26.01  7.998e+07
     30.01  6.445e+07
     34.01  5.397e+07
     38.01  4.607e+07
     42.01  3.989e+07
     46.01   3.52e+07
     50.02  3.119e+07
     54.02  2.787e+07
     58.02  2.508e+07
     62.02  2.271e+07
     66.02  2.062e+07
     70.02  1.886e+07
     74.02  1.732e+07
     78.02  1.596e+07
     82.03  1.473e+07
     86.03  1.363e+07
     90.03  1.266e+07
     94.03   1.18e+07
     98.03  1.104e+07
       102  1.034e+07
       106  9.696e+06
       110  9.139e+06
       114  8.635e+06
       118   8.15e+06
       122  7.695e+06
       126  7.287e+06
       130  6.893e+06
       134  6.539e+06
       138  6.202e+06
       142  5.894e+06
       146  5.604e+06
       150  5.343e+06
       154   5.09e+06
       158  4.863e+06
     162.1  4.649e+06
     166.1  4.448e+06
     170.1  4.269e+06
     174.1  4.096e+06
     178.1  3.936e+06
     182.1  3.785e+06
     186.1  3.644e+06
     190.1  3.511e+06
     194.1  3.385e+06
     198.1  3.266e+06
     202.1  3.149e+06
     206.1  3.039e+06
     210.1  2.932e+06
     214.1  2.831e+06
     218.1  2.737e+06
     222.1  2.643e+06
     226.1  2.556e+06
     230.1  2.472e+06
     234.1  2.393e+06
     238.1  2.317e+06
     242.1  2.246e+06
     246.1  2.177e+06
     250.1  2.111e+06
     254.1  2.048e+06
     258.1  1.986e+06
     262.1  1.928e+06
     266.1  1.871e+06
     270.1  1.817e+06
     274.1  1.765e+06
     278.1  1.715e+06
     282.1  1.667e+06
     286.1  1.621e+06
     290.1  1.577e+06
     294.1  1.535e+06
     298.1  1.494e+06
     302.1  1.454e+06
     306.1  1.417e+06
     310.1   1.38e+06
     314.1  1.345e+06
     318.1  1.312e+06
     322.1  1.279e+06
     326.1  1.248e+06
     330.1  1.218e+06
     334.1  1.189e+06
     338.1   1.16e+06
     342.1  1.133e+06
     346.1  1.107e+06
     350.1  1.082e+06
