     6.002  7.011e+08
        10  1.851e+08
        14  7.934e+07
     18.01  4.866e+07
     22.01  3.338e+07
     26.01  2.455e+07
     30.01  2.145e+07
     34.01  1.973e+07
     38.01  1.631e+07
     42.01  1.354e+07
     46.01  1.287e+07
     50.02  1.009e+07
     54.02   8.76e+06
     58.02  7.622e+06
     62.02  6.686e+06
     66.02  5.449e+06
     70.02  5.237e+06
     74.02  4.601e+06
     78.02  3.993e+06
     82.03  3.333e+06
     86.03  2.922e+06
     90.03  2.709e+06
     94.03  2.547e+06
     98.03  2.477e+06
       102   2.08e+06
       106  1.868e+06
       110  2.035e+06
       114  1.944e+06
       118  1.492e+06
       122   1.21e+06
       126  1.262e+06
       130  8.852e+05
       134  9.559e+05
       138   7.26e+05
       142  7.298e+05
       146  6.077e+05
       150  7.036e+05
       154  4.824e+05
       158  6.026e+05
     162.1  5.351e+05
     166.1  4.781e+05
     170.1  6.323e+05
     174.1   4.99e+05
     178.1  5.552e+05
     182.1  5.001e+05
     186.1  4.853e+05
     190.1  4.873e+05
     194.1  4.671e+05
     198.1  4.323e+05
     202.1  3.175e+05
     206.1  3.233e+05
     210.1  2.074e+05
     214.1   2.35e+05
     218.1   2.67e+05
     222.1  1.497e+05
     226.1  1.623e+05
     230.1  1.384e+05
     234.1   1.73e+05
     238.1  1.228e+05
     242.1  1.658e+05
     246.1  1.224e+05
     250.1  1.135e+05
     254.1  1.236e+05
     258.1  5.184e+04
     262.1      7e+04
     266.1  4.653e+04
     270.1  4.248e+04
     274.1  4.906e+04
     278.1  2.975e+04
     282.1  2.227e+04
     286.1  1.844e+04
     290.1  2.256e+04
     294.1  1.882e+04
     298.1       4220
     302.1       4339
     306.1  1.849e+04
     310.1  1.063e+04
     314.1       7035
     318.1       8339
     322.1       1999
     326.1       5900
     330.1       1962
     334.1          0
     338.1       2096
     342.1          0
     346.1       2623
     350.1          0
