    0.7783  7.011e+08
         1  1.851e+08
     1.146  7.934e+07
     1.255  4.866e+07
     1.343  3.338e+07
     1.415  2.455e+07
     1.477  2.145e+07
     1.532  1.973e+07
      1.58  1.631e+07
     1.623  1.354e+07
     1.663  1.287e+07
     1.699  1.009e+07
     1.733   8.76e+06
     1.764  7.622e+06
     1.793  6.686e+06
      1.82  5.449e+06
     1.845  5.237e+06
     1.869  4.601e+06
     1.892  3.993e+06
     1.914  3.333e+06
     1.935  2.922e+06
     1.954  2.709e+06
     1.973  2.547e+06
     1.991  2.477e+06
     2.009   2.08e+06
     2.025  1.868e+06
     2.042  2.035e+06
     2.057  1.944e+06
     2.072  1.492e+06
     2.086   1.21e+06
     2.101  1.262e+06
     2.114  8.852e+05
     2.127  9.559e+05
      2.14   7.26e+05
     2.152  7.298e+05
     2.164  6.077e+05
     2.176  7.036e+05
     2.188  4.824e+05
     2.199  6.026e+05
      2.21  5.351e+05
      2.22  4.781e+05
     2.231  6.323e+05
     2.241   4.99e+05
     2.251  5.552e+05
      2.26  5.001e+05
      2.27  4.853e+05
     2.279  4.873e+05
     2.288  4.671e+05
     2.297  4.323e+05
     2.305  3.175e+05
     2.314  3.233e+05
     2.322  2.074e+05
     2.331   2.35e+05
     2.339   2.67e+05
     2.346  1.497e+05
     2.354  1.623e+05
     2.362  1.384e+05
     2.369   1.73e+05
     2.377  1.228e+05
     2.384  1.658e+05
     2.391  1.224e+05
     2.398  1.135e+05
     2.405  1.236e+05
     2.412  5.184e+04
     2.418      7e+04
     2.425  4.653e+04
     2.432  4.248e+04
     2.438  4.906e+04
     2.444  2.975e+04
      2.45  2.227e+04
     2.457  1.844e+04
     2.463  2.256e+04
     2.468  1.882e+04
     2.474       4220
      2.48       4339
     2.486  1.849e+04
     2.491  1.063e+04
     2.497       7035
     2.503       8339
     2.508       1999
     2.513       5900
     2.519       1962
     2.524          0
     2.529       2096
     2.534          0
     2.539       2623
     2.544          0
