    0.7783  1.016e+09
         1  3.929e+08
     1.146  2.187e+08
     1.255  1.443e+08
     1.343  1.044e+08
     1.415  7.998e+07
     1.477  6.445e+07
     1.532  5.397e+07
      1.58  4.607e+07
     1.623  3.989e+07
     1.663   3.52e+07
     1.699  3.119e+07
     1.733  2.787e+07
     1.764  2.508e+07
     1.793  2.271e+07
      1.82  2.062e+07
     1.845  1.886e+07
     1.869  1.732e+07
     1.892  1.596e+07
     1.914  1.473e+07
     1.935  1.363e+07
     1.954  1.266e+07
     1.973   1.18e+07
     1.991  1.104e+07
     2.009  1.034e+07
     2.025  9.696e+06
     2.042  9.139e+06
     2.057  8.635e+06
     2.072   8.15e+06
     2.086  7.695e+06
     2.101  7.287e+06
     2.114  6.893e+06
     2.127  6.539e+06
      2.14  6.202e+06
     2.152  5.894e+06
     2.164  5.604e+06
     2.176  5.343e+06
     2.188   5.09e+06
     2.199  4.863e+06
      2.21  4.649e+06
      2.22  4.448e+06
     2.231  4.269e+06
     2.241  4.096e+06
     2.251  3.936e+06
      2.26  3.785e+06
      2.27  3.644e+06
     2.279  3.511e+06
     2.288  3.385e+06
     2.297  3.266e+06
     2.305  3.149e+06
     2.314  3.039e+06
     2.322  2.932e+06
     2.331  2.831e+06
     2.339  2.737e+06
     2.346  2.643e+06
     2.354  2.556e+06
     2.362  2.472e+06
     2.369  2.393e+06
     2.377  2.317e+06
     2.384  2.246e+06
     2.391  2.177e+06
     2.398  2.111e+06
     2.405  2.048e+06
     2.412  1.986e+06
     2.418  1.928e+06
     2.425  1.871e+06
     2.432  1.817e+06
     2.438  1.765e+06
     2.444  1.715e+06
      2.45  1.667e+06
     2.457  1.621e+06
     2.463  1.577e+06
     2.468  1.535e+06
     2.474  1.494e+06
      2.48  1.454e+06
     2.486  1.417e+06
     2.491   1.38e+06
     2.497  1.345e+06
     2.503  1.312e+06
     2.508  1.279e+06
     2.513  1.248e+06
     2.519  1.218e+06
     2.524  1.189e+06
     2.529   1.16e+06
     2.534  1.133e+06
     2.539  1.107e+06
     2.544  1.082e+06
