     2.001      18.95
     6.002      20.24
        10      20.95
        14      21.41
     18.01      21.72
     22.01      22.03
     26.01      22.11
     30.01      22.22
     34.01      22.48
     38.01      22.82
     42.01      22.89
     46.01      23.03
     50.02      23.26
     54.02      23.37
     58.02      23.63
     62.02      23.69
     66.02      23.74
     70.02      23.95
     74.02      24.07
     78.02      24.49
     82.03      24.78
     86.03      24.77
     90.03      25.08
     94.03      25.25
     98.03      25.65
       102      25.97
       106      26.19
       110      25.88
       114      25.97
       118      26.61
       122       26.8
       126      27.22
       130      28.03
       134      28.35
       138      29.25
       142       29.2
       146      28.96
       150      29.26
       154      29.57
       158      30.13
     162.1      29.94
     166.1         30
     170.1      29.79
     174.1      30.17
     178.1       30.1
     182.1      30.29
     186.1      30.35
     190.1       30.4
     194.1      30.72
     198.1      31.21
     202.1      31.55
     206.1       32.4
     210.1      32.54
     214.1      32.51
     218.1      32.89
     222.1      33.19
     226.1      33.39
     230.1      33.45
     234.1      33.33
     238.1      33.57
     242.1      33.32
     246.1       33.8
     250.1      33.74
     254.1      33.64
     258.1      34.02
     262.1      33.95
     266.1      34.13
     270.1      34.15
     274.1      34.35
     278.1      34.48
     282.1       34.7
     286.1      34.47
     290.1      34.63
     294.1      34.86
     298.1      35.23
     302.1      34.85
     306.1      34.67
     310.1      34.68
     314.1      34.91
     318.1      34.93
     322.1      35.09
     326.1      34.68
     330.1      35.24
     334.1      35.24
     338.1      35.27
     342.1      34.88
     346.1       34.4
     350.1      35.52
