     6.068  1.021e+09
     10.11   3.63e+08
     14.16  1.992e+08
      18.2   1.33e+08
     22.25  9.679e+07
     26.29  7.479e+07
     30.34  6.049e+07
     34.39  4.988e+07
     38.43  4.198e+07
     42.48  3.585e+07
     46.52  3.086e+07
     50.57  2.667e+07
     54.61  2.326e+07
     58.66  2.045e+07
      62.7  1.818e+07
     66.75  1.628e+07
     70.79  1.467e+07
     74.84  1.331e+07
     78.88  1.214e+07
     82.93  1.113e+07
     86.97  1.028e+07
     91.02  9.472e+06
     95.06  8.766e+06
     99.11  8.156e+06
     103.2  7.592e+06
     107.2  7.096e+06
     111.2  6.646e+06
     115.3  6.234e+06
     119.3  5.847e+06
     123.4    5.5e+06
     127.4  5.171e+06
     131.5  4.869e+06
     135.5  4.601e+06
     139.6  4.356e+06
     143.6  4.131e+06
     147.7  3.924e+06
     151.7   3.73e+06
     155.7  3.548e+06
     159.8  3.379e+06
     163.8  3.231e+06
     167.9  3.087e+06
     171.9  2.957e+06
       176  2.834e+06
       180  2.717e+06
     184.1  2.603e+06
     188.1  2.498e+06
     192.2  2.401e+06
     196.2  2.312e+06
     200.2  2.231e+06
     204.3  2.148e+06
     208.3  2.069e+06
     212.4  1.996e+06
     216.4  1.928e+06
     220.5  1.863e+06
     224.5  1.801e+06
     228.6  1.741e+06
     232.6  1.683e+06
     236.7  1.629e+06
     240.7  1.578e+06
     244.7  1.529e+06
     248.8  1.484e+06
     252.8  1.439e+06
     256.9  1.396e+06
     260.9  1.356e+06
       265  1.316e+06
       269  1.278e+06
     273.1  1.241e+06
     277.1  1.205e+06
     281.1  1.172e+06
     285.2   1.14e+06
     289.2  1.108e+06
     293.3  1.078e+06
     297.3   1.05e+06
     301.4  1.022e+06
     305.4  9.956e+05
     309.5  9.703e+05
     313.5  9.492e+05
     317.6  9.254e+05
     321.6  9.024e+05
     325.6  8.801e+05
     329.7  8.585e+05
     333.7  8.378e+05
     337.8  8.177e+05
     341.8  7.985e+05
     345.9  7.799e+05
     349.9  7.619e+05
