     6.068  5.826e+08
     10.11  1.436e+08
     14.16  6.814e+07
      18.2  4.788e+07
     22.25  3.242e+07
     26.29  2.478e+07
     30.34  2.091e+07
     34.39  1.521e+07
     38.43  1.222e+07
     42.48  9.723e+06
     46.52  7.134e+06
     50.57  4.608e+06
     54.61  3.589e+06
     58.66  2.918e+06
      62.7  2.798e+06
     66.75  2.513e+06
     70.79  2.161e+06
     74.84  2.108e+06
     78.88  1.842e+06
     82.93  1.824e+06
     86.97  1.967e+06
     91.02  1.188e+06
     95.06  1.177e+06
     99.11  1.286e+06
     103.2    9.6e+05
     107.2  1.026e+06
     111.2  9.103e+05
     115.3  7.669e+05
     119.3  5.309e+05
     123.4  5.531e+05
     127.4  3.052e+05
     131.5  2.751e+05
     135.5   3.75e+05
     139.6  3.711e+05
     143.6   3.55e+05
     147.7  3.648e+05
     151.7  2.728e+05
     155.7  2.306e+05
     159.8   2.05e+05
     163.8  3.867e+05
     167.9  2.528e+05
     171.9  3.108e+05
       176   2.87e+05
       180    2.2e+05
     184.1  1.431e+05
     188.1  1.537e+05
     192.2  1.858e+05
     196.2   2.59e+05
     200.2  2.969e+05
     204.3    1.3e+05
     208.3  1.292e+05
     212.4  1.518e+05
     216.4  1.574e+05
     220.5  1.625e+05
     224.5  1.418e+05
     228.6  1.035e+05
     232.6  9.182e+04
     236.7  1.039e+05
     240.7  9.458e+04
     244.7  9.064e+04
     248.8  1.544e+05
     252.8  9.151e+04
     256.9  6.232e+04
     260.9  9.025e+04
       265  4.994e+04
       269  4.818e+04
     273.1  3.481e+04
     277.1    2.4e+04
     281.1  3.407e+04
     285.2  4.508e+04
     289.2  1.632e+04
     293.3  2.321e+04
     297.3  2.442e+04
     301.4  2.934e+04
     305.4  2.022e+04
     309.5    2.6e+04
     313.5  1.519e+05
     317.6  1.438e+04
     321.6  1.244e+04
     325.6       4199
     329.7       2016
     333.7       3912
     337.8          0
     341.8       4117
     345.9       1925
     349.9       2038
