     0.783  5.826e+08
     1.005  1.436e+08
     1.151  6.814e+07
      1.26  4.788e+07
     1.347  3.242e+07
      1.42  2.478e+07
     1.482  2.091e+07
     1.536  1.521e+07
     1.585  1.222e+07
     1.628  9.723e+06
     1.668  7.134e+06
     1.704  4.608e+06
     1.737  3.589e+06
     1.768  2.918e+06
     1.797  2.798e+06
     1.824  2.513e+06
      1.85  2.161e+06
     1.874  2.108e+06
     1.897  1.842e+06
     1.919  1.824e+06
     1.939  1.967e+06
     1.959  1.188e+06
     1.978  1.177e+06
     1.996  1.286e+06
     2.013    9.6e+05
      2.03  1.026e+06
     2.046  9.103e+05
     2.062  7.669e+05
     2.077  5.309e+05
     2.091  5.531e+05
     2.105  3.052e+05
     2.119  2.751e+05
     2.132   3.75e+05
     2.145  3.711e+05
     2.157   3.55e+05
     2.169  3.648e+05
     2.181  2.728e+05
     2.192  2.306e+05
     2.204   2.05e+05
     2.214  3.867e+05
     2.225  2.528e+05
     2.235  3.108e+05
     2.245   2.87e+05
     2.255    2.2e+05
     2.265  1.431e+05
     2.274  1.537e+05
     2.284  1.858e+05
     2.293   2.59e+05
     2.302  2.969e+05
      2.31    1.3e+05
     2.319  1.292e+05
     2.327  1.518e+05
     2.335  1.574e+05
     2.343  1.625e+05
     2.351  1.418e+05
     2.359  1.035e+05
     2.367  9.182e+04
     2.374  1.039e+05
     2.381  9.458e+04
     2.389  9.064e+04
     2.396  1.544e+05
     2.403  9.151e+04
      2.41  6.232e+04
     2.417  9.025e+04
     2.423  4.994e+04
      2.43  4.818e+04
     2.436  3.481e+04
     2.443    2.4e+04
     2.449  3.407e+04
     2.455  4.508e+04
     2.461  1.632e+04
     2.467  2.321e+04
     2.473  2.442e+04
     2.479  2.934e+04
     2.485  2.022e+04
     2.491    2.6e+04
     2.496  1.519e+05
     2.502  1.438e+04
     2.507  1.244e+04
     2.513       4199
     2.518       2016
     2.523       3912
     2.529          0
     2.534       4117
     2.539       1925
     2.544       2038
