     0.783  1.021e+09
     1.005   3.63e+08
     1.151  1.992e+08
      1.26   1.33e+08
     1.347  9.679e+07
      1.42  7.479e+07
     1.482  6.049e+07
     1.536  4.988e+07
     1.585  4.198e+07
     1.628  3.585e+07
     1.668  3.086e+07
     1.704  2.667e+07
     1.737  2.326e+07
     1.768  2.045e+07
     1.797  1.818e+07
     1.824  1.628e+07
      1.85  1.467e+07
     1.874  1.331e+07
     1.897  1.214e+07
     1.919  1.113e+07
     1.939  1.028e+07
     1.959  9.472e+06
     1.978  8.766e+06
     1.996  8.156e+06
     2.013  7.592e+06
      2.03  7.096e+06
     2.046  6.646e+06
     2.062  6.234e+06
     2.077  5.847e+06
     2.091    5.5e+06
     2.105  5.171e+06
     2.119  4.869e+06
     2.132  4.601e+06
     2.145  4.356e+06
     2.157  4.131e+06
     2.169  3.924e+06
     2.181   3.73e+06
     2.192  3.548e+06
     2.204  3.379e+06
     2.214  3.231e+06
     2.225  3.087e+06
     2.235  2.957e+06
     2.245  2.834e+06
     2.255  2.717e+06
     2.265  2.603e+06
     2.274  2.498e+06
     2.284  2.401e+06
     2.293  2.312e+06
     2.302  2.231e+06
      2.31  2.148e+06
     2.319  2.069e+06
     2.327  1.996e+06
     2.335  1.928e+06
     2.343  1.863e+06
     2.351  1.801e+06
     2.359  1.741e+06
     2.367  1.683e+06
     2.374  1.629e+06
     2.381  1.578e+06
     2.389  1.529e+06
     2.396  1.484e+06
     2.403  1.439e+06
      2.41  1.396e+06
     2.417  1.356e+06
     2.423  1.316e+06
      2.43  1.278e+06
     2.436  1.241e+06
     2.443  1.205e+06
     2.449  1.172e+06
     2.455   1.14e+06
     2.461  1.108e+06
     2.467  1.078e+06
     2.473   1.05e+06
     2.479  1.022e+06
     2.485  9.956e+05
     2.491  9.703e+05
     2.496  9.492e+05
     2.502  9.254e+05
     2.507  9.024e+05
     2.513  8.801e+05
     2.518  8.585e+05
     2.523  8.378e+05
     2.529  8.177e+05
     2.534  7.985e+05
     2.539  7.799e+05
     2.544  7.619e+05
