     2.023      18.23
     6.068       19.6
     10.11      20.21
     14.16      20.51
      18.2      20.98
     22.25      21.37
     26.29      21.73
     30.34      21.99
     34.39      22.24
     38.43      22.62
     42.48      22.85
     46.52      23.49
     50.57      23.92
     54.61      24.39
     58.66       24.7
      62.7      24.31
     66.75      24.99
     70.79      25.17
     74.84      24.99
     78.88      25.29
     82.93       25.8
     86.97      26.37
     91.02      27.15
     95.06      27.13
     99.11      27.49
     103.2       28.4
     107.2      28.68
     111.2       28.8
     115.3      29.33
     119.3      29.64
     123.4      30.65
     127.4      31.81
     131.5       31.4
     135.5      31.69
     139.6      31.51
     143.6      31.64
     147.7         32
     151.7      31.94
     155.7       32.5
     159.8      32.44
     163.8      32.17
     167.9      32.52
     171.9       32.1
       176      32.57
       180      32.94
     184.1      33.33
     188.1      33.01
     192.2      32.77
     196.2      33.41
     200.2      33.94
     204.3      33.55
     208.3       33.6
     212.4      33.78
     216.4      33.67
     220.5      33.35
     224.5      33.51
     228.6      33.96
     232.6      34.32
     236.7      34.27
     240.7      34.43
     244.7      34.31
     248.8      34.24
     252.8       34.3
     256.9      34.21
     260.9      34.15
       265      34.17
       269      34.42
     273.1       34.7
     277.1      34.52
     281.1      34.11
     285.2      34.33
     289.2      34.57
     293.3      34.24
     297.3      34.21
     301.4      34.06
     305.4       34.4
     309.5      33.87
     313.5      33.99
     317.6      34.58
     321.6      34.75
     325.6      35.05
     329.7      34.97
     333.7      35.12
     337.8      35.17
     341.8      34.27
     345.9       34.4
     349.9      35.08
