     6.024  6.596e+08
     10.04  2.256e+08
     14.06  1.196e+08
     18.07  7.598e+07
     22.09  5.293e+07
     26.11  3.878e+07
     30.12  2.942e+07
     34.14  2.325e+07
     38.15  1.863e+07
     42.17  1.526e+07
     46.19  1.274e+07
      50.2  1.077e+07
     54.22  9.215e+06
     58.24  7.985e+06
     62.25  6.987e+06
     66.27  6.171e+06
     70.29  5.483e+06
      74.3  4.905e+06
     78.32  4.409e+06
     82.33   3.99e+06
     86.35  3.627e+06
     90.37  3.311e+06
     94.38  3.035e+06
      98.4  2.791e+06
     102.4  2.579e+06
     106.4  2.394e+06
     110.4  2.227e+06
     114.5  2.074e+06
     118.5  1.935e+06
     122.5  1.808e+06
     126.5  1.695e+06
     130.5  1.592e+06
     134.5  1.498e+06
     138.6  1.412e+06
     142.6  1.333e+06
     146.6  1.261e+06
     150.6  1.194e+06
     154.6  1.132e+06
     158.6  1.075e+06
     162.7  1.023e+06
     166.7  9.743e+05
     170.7  9.285e+05
     174.7  8.863e+05
     178.7  8.465e+05
     182.7  8.093e+05
     186.8  7.748e+05
     190.8  7.425e+05
     194.8  7.122e+05
     198.8  6.835e+05
     202.8  6.565e+05
     206.8   6.31e+05
     210.9  6.071e+05
     214.9  5.844e+05
     218.9   5.63e+05
     222.9  5.427e+05
     226.9  5.235e+05
     230.9  5.053e+05
       235   4.88e+05
       239  4.716e+05
       243   4.56e+05
       247  4.412e+05
       251  4.271e+05
       255  4.137e+05
     259.1  4.009e+05
     263.1  3.886e+05
     267.1  3.769e+05
     271.1  3.658e+05
     275.1  3.551e+05
     279.1  3.449e+05
     283.1  3.351e+05
     287.2  3.257e+05
     291.2  3.167e+05
     295.2  3.081e+05
