     6.024   3.58e+08
     10.04  8.096e+07
     14.06  3.479e+07
     18.07  1.989e+07
     22.09  1.196e+07
     26.11  6.627e+06
     30.12  3.487e+06
     34.14  3.075e+06
     38.15  1.237e+06
     42.17  9.329e+05
     46.19  7.173e+05
      50.2  3.788e+05
     54.22  2.837e+05
     58.24   2.85e+05
     62.25    2.4e+05
     66.27  2.497e+05
     70.29  1.435e+05
      74.3  1.345e+05
     78.32   6.29e+04
     82.33  1.132e+05
     86.35  9.065e+04
     90.37  6.264e+04
     94.38  7.644e+04
      98.4  3.607e+04
     102.4   9.47e+04
     106.4   1.27e+05
     110.4  9.625e+04
     114.5  3.717e+04
     118.5  2.371e+04
     122.5       5841
     126.5  1.666e+04
     130.5  3.259e+04
     134.5  1.066e+04
     138.6  1.017e+04
     142.6  1.515e+04
     146.6  1.917e+04
     150.6       9105
     154.6       4471
     158.6       5477
     162.7  1.014e+04
     166.7   1.66e+04
     170.7          0
     174.7  1.189e+04
     178.7          0
     182.7          0
     186.8       7247
     190.8       7096
     194.8       7229
     198.8       3478
     202.8          0
     206.8          0
     210.9       4010
     214.9          0
     218.9          0
     222.9          0
     226.9          0
     230.9          0
       235          0
       239          0
       243          0
       247          0
       251       2602
       255          0
     259.1          0
     263.1          0
     267.1          0
     271.1          0
     275.1          0
     279.1          0
     283.1          0
     287.2          0
     291.2          0
     295.2          0
