    0.7799  6.596e+08
     1.002  2.256e+08
     1.148  1.196e+08
     1.257  7.598e+07
     1.344  5.293e+07
     1.417  3.878e+07
     1.479  2.942e+07
     1.533  2.325e+07
     1.582  1.863e+07
     1.625  1.526e+07
     1.665  1.274e+07
     1.701  1.077e+07
     1.734  9.215e+06
     1.765  7.985e+06
     1.794  6.987e+06
     1.821  6.171e+06
     1.847  5.483e+06
     1.871  4.905e+06
     1.894  4.409e+06
     1.916   3.99e+06
     1.936  3.627e+06
     1.956  3.311e+06
     1.975  3.035e+06
     1.993  2.791e+06
      2.01  2.579e+06
     2.027  2.394e+06
     2.043  2.227e+06
     2.059  2.074e+06
     2.074  1.935e+06
     2.088  1.808e+06
     2.102  1.695e+06
     2.116  1.592e+06
     2.129  1.498e+06
     2.142  1.412e+06
     2.154  1.333e+06
     2.166  1.261e+06
     2.178  1.194e+06
     2.189  1.132e+06
       2.2  1.075e+06
     2.211  1.023e+06
     2.222  9.743e+05
     2.232  9.285e+05
     2.242  8.863e+05
     2.252  8.465e+05
     2.262  8.093e+05
     2.271  7.748e+05
     2.281  7.425e+05
      2.29  7.122e+05
     2.298  6.835e+05
     2.307  6.565e+05
     2.316   6.31e+05
     2.324  6.071e+05
     2.332  5.844e+05
      2.34   5.63e+05
     2.348  5.427e+05
     2.356  5.235e+05
     2.363  5.053e+05
     2.371   4.88e+05
     2.378  4.716e+05
     2.386   4.56e+05
     2.393  4.412e+05
       2.4  4.271e+05
     2.407  4.137e+05
     2.413  4.009e+05
      2.42  3.886e+05
     2.427  3.769e+05
     2.433  3.658e+05
      2.44  3.551e+05
     2.446  3.449e+05
     2.452  3.351e+05
     2.458  3.257e+05
     2.464  3.167e+05
      2.47  3.081e+05
