    0.7799   3.58e+08
     1.002  8.096e+07
     1.148  3.479e+07
     1.257  1.989e+07
     1.344  1.196e+07
     1.417  6.627e+06
     1.479  3.487e+06
     1.533  3.075e+06
     1.582  1.237e+06
     1.625  9.329e+05
     1.665  7.173e+05
     1.701  3.788e+05
     1.734  2.837e+05
     1.765   2.85e+05
     1.794    2.4e+05
     1.821  2.497e+05
     1.847  1.435e+05
     1.871  1.345e+05
     1.894   6.29e+04
     1.916  1.132e+05
     1.936  9.065e+04
     1.956  6.264e+04
     1.975  7.644e+04
     1.993  3.607e+04
      2.01   9.47e+04
     2.027   1.27e+05
     2.043  9.625e+04
     2.059  3.717e+04
     2.074  2.371e+04
     2.088       5841
     2.102  1.666e+04
     2.116  3.259e+04
     2.129  1.066e+04
     2.142  1.017e+04
     2.154  1.515e+04
     2.166  1.917e+04
     2.178       9105
     2.189       4471
       2.2       5477
     2.211  1.014e+04
     2.222   1.66e+04
     2.232          0
     2.242  1.189e+04
     2.252          0
     2.262          0
     2.271       7247
     2.281       7096
      2.29       7229
     2.298       3478
     2.307          0
     2.316          0
     2.324       4010
     2.332          0
      2.34          0
     2.348          0
     2.356          0
     2.363          0
     2.371          0
     2.378          0
     2.386          0
     2.393          0
       2.4       2602
     2.407          0
     2.413          0
      2.42          0
     2.427          0
     2.433          0
      2.44          0
     2.446          0
     2.452          0
     2.458          0
     2.464          0
      2.47          0
