     2.008      18.41
     6.024      20.07
     10.04      21.13
     14.06      21.87
     18.07      22.65
     22.09      24.14
     26.11      26.35
     30.12      28.47
     34.14      29.18
     38.15      30.21
     42.17      30.55
     46.19      31.83
      50.2      32.75
     54.22      33.16
     58.24      33.58
     62.25      34.07
     66.27      34.03
     70.29      33.86
      74.3      34.29
     78.32      34.69
     82.33      34.51
     86.35      34.74
     90.37      34.86
     94.38      34.97
      98.4      34.76
     102.4      34.86
     106.4      35.01
     110.4      35.17
     114.5      35.12
     118.5      35.38
     122.5      35.42
     126.5      35.13
     130.5      35.24
     134.5      35.33
     138.6      35.37
     142.6      35.35
     146.6       35.4
     150.6      35.41
     154.6      35.47
     158.6      35.41
     162.7       35.3
     166.7      35.42
     170.7      35.45
     174.7      35.45
     178.7      35.52
     182.7      35.49
     186.8      35.41
     190.8      35.41
     194.8      35.41
     198.8       35.5
     202.8      35.52
     206.8      35.49
     210.9       35.5
     214.9      35.52
     218.9      35.52
     222.9      35.52
     226.9      35.52
     230.9      35.52
       235      35.52
       239      35.52
       243      35.52
       247      35.45
       251      35.51
       255      35.52
     259.1      35.52
     263.1      35.52
     267.1      35.52
     271.1      35.52
     275.1      35.52
     279.1      35.52
     283.1      35.52
     287.2      35.52
     291.2      35.52
     295.2      35.52
