     6.036  3.884e+08
     10.06  1.498e+08
     14.08  7.945e+07
     18.11  4.955e+07
     22.13  3.351e+07
     26.16  2.414e+07
     30.18  1.809e+07
      34.2  1.393e+07
     38.23  1.109e+07
     42.25  9.054e+06
     46.28   7.55e+06
      50.3  6.368e+06
     54.32  5.448e+06
     58.35  4.716e+06
     62.37  4.134e+06
      66.4  3.666e+06
     70.42  3.273e+06
     74.44  2.937e+06
     78.47  2.648e+06
     82.49  2.401e+06
     86.52  2.194e+06
     90.54  2.001e+06
     94.56  1.837e+06
     98.59  1.693e+06
     102.6  1.568e+06
     106.6  1.457e+06
     110.7  1.356e+06
     114.7  1.263e+06
     118.7   1.18e+06
     122.7  1.105e+06
     126.8  1.038e+06
     130.8  9.768e+05
     134.8  9.207e+05
     138.8  8.682e+05
     142.9  8.207e+05
     146.9   7.77e+05
     150.9  7.361e+05
     154.9  6.988e+05
     158.9  6.641e+05
       163  6.318e+05
       167  6.018e+05
       171  5.747e+05
       175  5.493e+05
     179.1  5.261e+05
     183.1  5.041e+05
     187.1  4.834e+05
     191.1  4.632e+05
     195.2  4.441e+05
     199.2  4.263e+05
     203.2  4.094e+05
     207.2  3.935e+05
     211.3  3.785e+05
     215.3  3.644e+05
     219.3   3.51e+05
     223.3  3.384e+05
     227.4  3.264e+05
     231.4   3.15e+05
     235.4  3.043e+05
     239.4   2.94e+05
     243.5  2.843e+05
     247.5  2.751e+05
     251.5  2.663e+05
     255.5  2.579e+05
     259.5  2.499e+05
     263.6  2.423e+05
     267.6   2.35e+05
     271.6   2.28e+05
     275.6  2.214e+05
     279.7   2.15e+05
     283.7  2.089e+05
     287.7   2.03e+05
     291.7  1.974e+05
     295.8  1.921e+05
     299.8  1.869e+05
     303.8   1.82e+05
     307.8  1.772e+05
     311.9  1.726e+05
     315.9  1.682e+05
     319.9   1.64e+05
     323.9  1.599e+05
       328   1.56e+05
       332  1.522e+05
       336  1.486e+05
       340  1.451e+05
