     6.036  1.766e+08
     10.06  7.029e+07
     14.08  2.315e+07
     18.11   1.11e+07
     22.13  5.001e+06
     26.16  2.834e+06
     30.18  1.331e+06
      34.2  3.464e+05
     38.23  4.002e+05
     42.25  3.749e+05
     46.28  3.915e+05
      50.3  1.465e+05
     54.32  1.483e+05
     58.35  1.369e+05
     62.37  2.023e+05
      66.4  2.656e+05
     70.42  2.239e+05
     74.44  1.627e+05
     78.47  1.193e+05
     82.49  1.144e+05
     86.52  1.718e+05
     90.54  2.407e+04
     94.56  7.178e+04
     98.59  7.548e+04
     102.6  1.014e+05
     106.6  8.881e+04
     110.7  6.533e+04
     114.7  3.855e+04
     118.7  2.891e+04
     122.7  4.083e+04
     126.8  5.154e+04
     130.8   4.31e+04
     134.8  3.606e+04
     138.8  1.545e+04
     142.9  2.436e+04
     146.9   2.43e+04
     150.9       9307
     154.9  1.826e+04
     158.9  1.299e+04
       163       9201
       167       9683
       171  2.533e+04
       175  2.388e+04
     179.1  3.242e+04
     183.1  2.445e+04
     187.1  2.314e+04
     191.1       4060
     195.2          0
     199.2       3329
     203.2          0
     207.2          0
     211.3          0
     215.3          0
     219.3          0
     223.3          0
     227.4          0
     231.4          0
     235.4          0
     239.4          0
     243.5          0
     247.5          0
     251.5          0
     255.5          0
     259.5          0
     263.6          0
     267.6          0
     271.6          0
     275.6          0
     279.7          0
     283.7          0
     287.7          0
     291.7          0
     295.8          0
     299.8          0
     303.8          0
     307.8          0
     311.9          0
     315.9          0
     319.9          0
     323.9          0
       328          0
       332          0
       336          0
       340          0
