    0.7807  1.766e+08
     1.003  7.029e+07
     1.149  2.315e+07
     1.258   1.11e+07
     1.345  5.001e+06
     1.418  2.834e+06
      1.48  1.331e+06
     1.534  3.464e+05
     1.582  4.002e+05
     1.626  3.749e+05
     1.665  3.915e+05
     1.702  1.465e+05
     1.735  1.483e+05
     1.766  1.369e+05
     1.795  2.023e+05
     1.822  2.656e+05
     1.848  2.239e+05
     1.872  1.627e+05
     1.895  1.193e+05
     1.916  1.144e+05
     1.937  1.718e+05
     1.957  2.407e+04
     1.976  7.178e+04
     1.994  7.548e+04
     2.011  1.014e+05
     2.028  8.881e+04
     2.044  6.533e+04
      2.06  3.855e+04
     2.074  2.891e+04
     2.089  4.083e+04
     2.103  5.154e+04
     2.117   4.31e+04
      2.13  3.606e+04
     2.142  1.545e+04
     2.155  2.436e+04
     2.167   2.43e+04
     2.179       9307
      2.19  1.826e+04
     2.201  1.299e+04
     2.212       9201
     2.223       9683
     2.233  2.533e+04
     2.243  2.388e+04
     2.253  3.242e+04
     2.263  2.445e+04
     2.272  2.314e+04
     2.281       4060
      2.29          0
     2.299       3329
     2.308          0
     2.316          0
     2.325          0
     2.333          0
     2.341          0
     2.349          0
     2.357          0
     2.364          0
     2.372          0
     2.379          0
     2.386          0
     2.394          0
     2.401          0
     2.407          0
     2.414          0
     2.421          0
     2.427          0
     2.434          0
      2.44          0
     2.447          0
     2.453          0
     2.459          0
     2.465          0
     2.471          0
     2.477          0
     2.483          0
     2.488          0
     2.494          0
       2.5          0
     2.505          0
      2.51          0
     2.516          0
     2.521          0
     2.526          0
     2.532          0
