    0.7807  3.884e+08
     1.003  1.498e+08
     1.149  7.945e+07
     1.258  4.955e+07
     1.345  3.351e+07
     1.418  2.414e+07
      1.48  1.809e+07
     1.534  1.393e+07
     1.582  1.109e+07
     1.626  9.054e+06
     1.665   7.55e+06
     1.702  6.368e+06
     1.735  5.448e+06
     1.766  4.716e+06
     1.795  4.134e+06
     1.822  3.666e+06
     1.848  3.273e+06
     1.872  2.937e+06
     1.895  2.648e+06
     1.916  2.401e+06
     1.937  2.194e+06
     1.957  2.001e+06
     1.976  1.837e+06
     1.994  1.693e+06
     2.011  1.568e+06
     2.028  1.457e+06
     2.044  1.356e+06
      2.06  1.263e+06
     2.074   1.18e+06
     2.089  1.105e+06
     2.103  1.038e+06
     2.117  9.768e+05
      2.13  9.207e+05
     2.142  8.682e+05
     2.155  8.207e+05
     2.167   7.77e+05
     2.179  7.361e+05
      2.19  6.988e+05
     2.201  6.641e+05
     2.212  6.318e+05
     2.223  6.018e+05
     2.233  5.747e+05
     2.243  5.493e+05
     2.253  5.261e+05
     2.263  5.041e+05
     2.272  4.834e+05
     2.281  4.632e+05
      2.29  4.441e+05
     2.299  4.263e+05
     2.308  4.094e+05
     2.316  3.935e+05
     2.325  3.785e+05
     2.333  3.644e+05
     2.341   3.51e+05
     2.349  3.384e+05
     2.357  3.264e+05
     2.364   3.15e+05
     2.372  3.043e+05
     2.379   2.94e+05
     2.386  2.843e+05
     2.394  2.751e+05
     2.401  2.663e+05
     2.407  2.579e+05
     2.414  2.499e+05
     2.421  2.423e+05
     2.427   2.35e+05
     2.434   2.28e+05
      2.44  2.214e+05
     2.447   2.15e+05
     2.453  2.089e+05
     2.459   2.03e+05
     2.465  1.974e+05
     2.471  1.921e+05
     2.477  1.869e+05
     2.483   1.82e+05
     2.488  1.772e+05
     2.494  1.726e+05
       2.5  1.682e+05
     2.505   1.64e+05
      2.51  1.599e+05
     2.516   1.56e+05
     2.521  1.522e+05
     2.526  1.486e+05
     2.532  1.451e+05
