     2.012  2.425e+10
     6.036  4.446e+10
     10.06  6.859e+10
     14.08  8.184e+10
     18.11  9.074e+10
     22.13  9.589e+10
     26.16  9.946e+10
     30.18  1.014e+11
      34.2   1.02e+11
     38.23  1.028e+11
     42.25  1.036e+11
     46.28  1.046e+11
      50.3   1.05e+11
     54.32  1.054e+11
     58.35  1.058e+11
     62.37  1.065e+11
      66.4  1.074e+11
     70.42  1.083e+11
     74.44  1.089e+11
     78.47  1.094e+11
     82.49  1.099e+11
     86.52  1.107e+11
     90.54  1.109e+11
     94.56  1.112e+11
     98.59  1.116e+11
     102.6  1.122e+11
     106.6  1.127e+11
     110.7  1.131e+11
     114.7  1.134e+11
     118.7  1.135e+11
     122.7  1.138e+11
     126.8  1.142e+11
     130.8  1.145e+11
     134.8  1.148e+11
     138.8  1.149e+11
     142.9  1.151e+11
     146.9  1.153e+11
     150.9  1.153e+11
     154.9  1.155e+11
     158.9  1.156e+11
       163  1.157e+11
       167  1.158e+11
       171   1.16e+11
       175  1.163e+11
     179.1  1.166e+11
     183.1  1.168e+11
     187.1  1.171e+11
     191.1  1.171e+11
     195.2  1.171e+11
     199.2  1.172e+11
     203.2  1.172e+11
     207.2  1.172e+11
     211.3  1.172e+11
     215.3  1.172e+11
     219.3  1.172e+11
     223.3  1.172e+11
     227.4  1.172e+11
     231.4  1.172e+11
     235.4  1.172e+11
     239.4  1.172e+11
     243.5  1.172e+11
     247.5  1.172e+11
     251.5  1.172e+11
     255.5  1.172e+11
     259.5  1.172e+11
     263.6  1.172e+11
     267.6  1.172e+11
     271.6  1.172e+11
     275.6  1.172e+11
     279.7  1.172e+11
     283.7  1.172e+11
     287.7  1.172e+11
     291.7  1.172e+11
     295.8  1.172e+11
     299.8  1.172e+11
     303.8  1.172e+11
     307.8  1.172e+11
     311.9  1.172e+11
     315.9  1.172e+11
     319.9  1.172e+11
     323.9  1.172e+11
       328  1.172e+11
       332  1.172e+11
       336  1.172e+11
       340  1.172e+11
