     2.012   4.14e-16
     6.036  1.951e-17
     10.06   1.37e-17
     14.08  3.556e-18
     18.11  2.549e-18
     22.13  1.038e-18
     26.16  7.156e-19
     30.18   1.95e-19
      34.2   1.67e-19
     38.23  1.128e-19
     42.25  1.497e-19
     46.28  8.044e-20
      50.3  5.156e-20
     54.32   2.37e-20
     58.35  7.804e-20
     62.37  1.156e-19
      66.4  9.307e-20
     70.42  8.436e-20
     74.44  8.704e-20
     78.47   4.17e-20
     82.49  5.585e-20
     86.52  2.778e-20
     90.54  1.187e-20
     94.56    3.4e-20
     98.59  3.401e-20
     102.6  4.841e-20
     106.6  3.211e-20
     110.7  2.677e-20
     114.7  1.385e-20
     118.7  1.782e-20
     122.7  1.105e-20
     126.8   2.39e-20
     130.8  1.439e-20
     134.8  6.894e-21
     138.8  6.242e-21
     142.9  7.818e-21
     146.9  7.238e-21
     150.9  5.562e-21
     154.9  4.482e-21
     158.9  2.196e-21
       163  5.268e-21
       167  7.995e-21
       171  7.466e-21
       175   9.08e-21
     179.1  1.392e-20
     183.1  1.177e-20
     187.1  2.574e-21
     191.1  1.323e-21
     195.2  1.985e-23
     199.2  7.544e-22
     203.2  2.026e-23
     207.2      1e-23
     211.3      1e-23
     215.3      1e-23
     219.3      1e-23
     223.3      1e-23
     227.4      1e-23
     231.4      1e-23
     235.4      1e-23
     239.4      1e-23
     243.5      1e-23
     247.5      1e-23
     251.5      1e-23
     255.5      1e-23
     259.5      1e-23
     263.6      1e-23
     267.6      1e-23
     271.6      1e-23
     275.6      1e-23
     279.7      1e-23
     283.7      1e-23
     287.7      1e-23
     291.7      1e-23
     295.8      1e-23
     299.8      1e-23
     303.8      1e-23
     307.8      1e-23
     311.9      1e-23
     315.9      1e-23
     319.9      1e-23
     323.9      1e-23
       328      1e-23
       332      1e-23
       336      1e-23
       340      1e-23
