     2.012      18.26
     6.036      20.52
     10.06         22
     14.08      25.54
     18.11      25.04
     22.13      26.93
     26.16      28.28
     30.18      30.72
      34.2      31.19
     38.23      31.59
     42.25      32.34
     46.28      33.14
      50.3      33.44
     54.32      33.93
     58.35      33.37
     62.37      33.54
      66.4       34.2
     70.42      33.93
     74.44      33.88
     78.47       34.3
     82.49      34.24
     86.52      34.45
     90.54      34.85
     94.56      34.83
     98.59      34.85
     102.6      34.45
     106.6      34.48
     110.7      34.62
     114.7      34.95
     118.7      34.98
     122.7      35.03
     126.8      34.99
     130.8      34.96
     134.8      35.25
     138.8      35.23
     142.9      35.16
     146.9      35.19
     150.9      35.23
     154.9       35.3
     158.9      35.38
       163      35.33
       167      35.21
       171      35.18
       175      35.27
     179.1      35.27
     183.1      35.34
     187.1       35.4
     191.1      35.47
     195.2      35.51
     199.2      35.47
     203.2      35.51
     207.2      35.52
     211.3      35.52
     215.3      35.52
     219.3      35.52
     223.3      35.52
     227.4      35.52
     231.4      35.52
     235.4      35.52
     239.4      35.52
     243.5      35.52
     247.5      35.52
     251.5      35.52
     255.5      35.52
     259.5      35.52
     263.6      35.52
     267.6      35.52
     271.6      35.52
     275.6      35.52
     279.7      35.52
     283.7      35.52
     287.7      35.52
     291.7      35.52
     295.8      35.52
     299.8      35.52
     303.8      35.52
     307.8      35.52
     311.9      35.52
     315.9      35.52
     319.9      35.52
     323.9      35.52
       328      35.52
       332      35.52
       336      35.52
       340      35.52
