     2.012      16.47
     6.036      19.79
     10.06      20.17
     14.08      21.64
     18.11         22
     22.13      22.98
     26.16      23.38
     30.18      24.79
      34.2      24.96
     38.23      25.39
     42.25      25.08
     46.28      25.75
      50.3      26.24
     54.32      27.08
     58.35      25.79
     62.37      25.36
      66.4      25.59
     70.42       25.7
     74.44      25.67
     78.47      26.47
     82.49      26.15
     86.52      26.91
     90.54      27.83
     94.56      26.69
     98.59      26.69
     102.6       26.3
     106.6      26.75
     110.7      26.95
     114.7      27.66
     118.7      27.39
     122.7      27.91
     126.8      27.07
     130.8      27.62
     134.8      28.42
     138.8      28.53
     142.9      28.28
     146.9      28.37
     150.9      28.65
     154.9      28.89
     158.9      29.66
       163      28.71
       167      28.26
       171      28.33
       175      28.12
     179.1      27.66
     183.1      27.84
     187.1      29.49
     191.1      30.21
     195.2      34.77
     199.2      30.82
     203.2      34.75
     207.2      35.52
     211.3      35.52
     215.3      35.52
     219.3      35.52
     223.3      35.52
     227.4      35.52
     231.4      35.52
     235.4      35.52
     239.4      35.52
     243.5      35.52
     247.5      35.52
     251.5      35.52
     255.5      35.52
     259.5      35.52
     263.6      35.52
     267.6      35.52
     271.6      35.52
     275.6      35.52
     279.7      35.52
     283.7      35.52
     287.7      35.52
     291.7      35.52
     295.8      35.52
     299.8      35.52
     303.8      35.52
     307.8      35.52
     311.9      35.52
     315.9      35.52
     319.9      35.52
     323.9      35.52
       328      35.52
       332      35.52
       336      35.52
       340      35.52
