     6.068  7.603e+08
     10.11  2.544e+08
     14.16  1.684e+08
     18.21  1.022e+08
     22.25  5.691e+07
      26.3  4.182e+07
     30.34   3.31e+07
     34.39  2.547e+07
     38.43  2.265e+07
     42.48  1.979e+07
     46.52   1.74e+07
     50.57  1.258e+07
     54.62  1.134e+07
     58.66   1.05e+07
     62.71   8.62e+06
     66.75  7.757e+06
      70.8   6.93e+06
     74.84  5.411e+06
     78.89  4.557e+06
     82.94  5.482e+06
     86.98  3.962e+06
     91.03  3.577e+06
     95.07  2.515e+06
     99.12  3.974e+06
     103.2  2.957e+06
     107.2  2.346e+06
     111.3  1.803e+06
     115.3  1.461e+06
     119.3  1.851e+06
     123.4   1.76e+06
     127.4   1.44e+06
     131.5  1.612e+06
     135.5  1.341e+06
     139.6  1.084e+06
     143.6  9.957e+05
     147.7  9.079e+05
     151.7  1.268e+06
     155.8  9.639e+05
     159.8  7.251e+05
     163.8  8.727e+05
     167.9  7.506e+05
     171.9  9.274e+05
       176  8.776e+05
       180  7.239e+05
     184.1  8.983e+05
     188.1  7.755e+05
     192.2  6.749e+05
     196.2  5.824e+05
     200.3  7.577e+05
     204.3  7.189e+05
     208.4  5.122e+05
     212.4  4.481e+05
     216.4  3.496e+05
     220.5  3.588e+05
     224.5  3.212e+05
     228.6  3.645e+05
     232.6  3.065e+05
     236.7  2.458e+05
     240.7  2.739e+05
     244.8  3.793e+05
     248.8  2.524e+05
     252.9  2.135e+05
     256.9  1.647e+05
     260.9  1.228e+05
       265   7.61e+04
       269   5.78e+04
     273.1   3.57e+04
     277.1  2.462e+04
     281.2  2.052e+04
     285.2   2.75e+04
     289.3  2.643e+04
     293.3  2.304e+04
     297.4   2.41e+04
     301.4  2.669e+04
     305.4   4.31e+04
     309.5   2.05e+04
     313.5   2.69e+04
     317.6  1.851e+04
     321.6       8546
     325.7       8633
     329.7       5840
     333.8       4705
     337.8       3869
     341.9       1939
     345.9          0
     349.9          0
