     6.068  1.307e+09
     10.11  5.175e+08
     14.16  3.236e+08
     18.21  2.267e+08
     22.25  1.656e+08
      26.3  1.278e+08
     30.34  1.026e+08
     34.39  8.456e+07
     38.43  7.157e+07
     42.48  6.173e+07
     46.52  5.404e+07
     50.57  4.741e+07
     54.62  4.208e+07
     58.66  3.773e+07
     62.71  3.398e+07
     66.75   3.08e+07
      70.8  2.808e+07
     74.84  2.563e+07
     78.89  2.347e+07
     82.94  2.171e+07
     86.98  2.006e+07
     91.03   1.86e+07
     95.07  1.723e+07
     99.12  1.615e+07
     103.2  1.511e+07
     107.2  1.415e+07
     111.3  1.325e+07
     115.3  1.243e+07
     119.3  1.171e+07
     123.4  1.106e+07
     127.4  1.045e+07
     131.5  9.903e+06
     135.5  9.392e+06
     139.6  8.911e+06
     143.6  8.465e+06
     147.7  8.051e+06
     151.7  7.689e+06
     155.8   7.34e+06
     159.8  7.005e+06
     163.8  6.702e+06
     167.9  6.415e+06
     171.9  6.157e+06
       176  5.914e+06
       180  5.681e+06
     184.1  5.471e+06
     188.1  5.269e+06
     192.2  5.076e+06
     196.2   4.89e+06
     200.3  4.723e+06
     204.3  4.565e+06
     208.4  4.407e+06
     212.4  4.257e+06
     216.4  4.111e+06
     220.5  3.973e+06
     224.5  3.841e+06
     228.6  3.718e+06
     232.6    3.6e+06
     236.7  3.485e+06
     240.7  3.377e+06
     244.8  3.278e+06
     248.8   3.18e+06
     252.9  3.085e+06
     256.9  2.993e+06
     260.9  2.904e+06
       265  2.817e+06
       269  2.734e+06
     273.1  2.654e+06
     277.1  2.578e+06
     281.2  2.504e+06
     285.2  2.434e+06
     289.3  2.366e+06
     293.3  2.302e+06
     297.4   2.24e+06
     301.4   2.18e+06
     305.4  2.124e+06
     309.5  2.069e+06
     313.5  2.016e+06
     317.6  1.965e+06
     321.6  1.916e+06
     325.7  1.869e+06
     329.7  1.823e+06
     333.8  1.779e+06
     337.8  1.736e+06
     341.9  1.695e+06
     345.9  1.656e+06
     349.9  1.617e+06
