    0.7831  7.603e+08
     1.005  2.544e+08
     1.151  1.684e+08
      1.26  1.022e+08
     1.347  5.691e+07
      1.42  4.182e+07
     1.482   3.31e+07
     1.536  2.547e+07
     1.585  2.265e+07
     1.628  1.979e+07
     1.668   1.74e+07
     1.704  1.258e+07
     1.737  1.134e+07
     1.768   1.05e+07
     1.797   8.62e+06
     1.824  7.757e+06
      1.85   6.93e+06
     1.874  5.411e+06
     1.897  4.557e+06
     1.919  5.482e+06
     1.939  3.962e+06
     1.959  3.577e+06
     1.978  2.515e+06
     1.996  3.974e+06
     2.014  2.957e+06
      2.03  2.346e+06
     2.046  1.803e+06
     2.062  1.461e+06
     2.077  1.851e+06
     2.091   1.76e+06
     2.105   1.44e+06
     2.119  1.612e+06
     2.132  1.341e+06
     2.145  1.084e+06
     2.157  9.957e+05
     2.169  9.079e+05
     2.181  1.268e+06
     2.192  9.639e+05
     2.204  7.251e+05
     2.214  8.727e+05
     2.225  7.506e+05
     2.235  9.274e+05
     2.245  8.776e+05
     2.255  7.239e+05
     2.265  8.983e+05
     2.274  7.755e+05
     2.284  6.749e+05
     2.293  5.824e+05
     2.302  7.577e+05
      2.31  7.189e+05
     2.319  5.122e+05
     2.327  4.481e+05
     2.335  3.496e+05
     2.343  3.588e+05
     2.351  3.212e+05
     2.359  3.645e+05
     2.367  3.065e+05
     2.374  2.458e+05
     2.382  2.739e+05
     2.389  3.793e+05
     2.396  2.524e+05
     2.403  2.135e+05
      2.41  1.647e+05
     2.417  1.228e+05
     2.423   7.61e+04
      2.43   5.78e+04
     2.436   3.57e+04
     2.443  2.462e+04
     2.449  2.052e+04
     2.455   2.75e+04
     2.461  2.643e+04
     2.467  2.304e+04
     2.473   2.41e+04
     2.479  2.669e+04
     2.485   4.31e+04
     2.491   2.05e+04
     2.496   2.69e+04
     2.502  1.851e+04
     2.507       8546
     2.513       8633
     2.518       5840
     2.523       4705
     2.529       3869
     2.534       1939
     2.539          0
     2.544          0
