    0.7831  1.307e+09
     1.005  5.175e+08
     1.151  3.236e+08
      1.26  2.267e+08
     1.347  1.656e+08
      1.42  1.278e+08
     1.482  1.026e+08
     1.536  8.456e+07
     1.585  7.157e+07
     1.628  6.173e+07
     1.668  5.404e+07
     1.704  4.741e+07
     1.737  4.208e+07
     1.768  3.773e+07
     1.797  3.398e+07
     1.824   3.08e+07
      1.85  2.808e+07
     1.874  2.563e+07
     1.897  2.347e+07
     1.919  2.171e+07
     1.939  2.006e+07
     1.959   1.86e+07
     1.978  1.723e+07
     1.996  1.615e+07
     2.014  1.511e+07
      2.03  1.415e+07
     2.046  1.325e+07
     2.062  1.243e+07
     2.077  1.171e+07
     2.091  1.106e+07
     2.105  1.045e+07
     2.119  9.903e+06
     2.132  9.392e+06
     2.145  8.911e+06
     2.157  8.465e+06
     2.169  8.051e+06
     2.181  7.689e+06
     2.192   7.34e+06
     2.204  7.005e+06
     2.214  6.702e+06
     2.225  6.415e+06
     2.235  6.157e+06
     2.245  5.914e+06
     2.255  5.681e+06
     2.265  5.471e+06
     2.274  5.269e+06
     2.284  5.076e+06
     2.293   4.89e+06
     2.302  4.723e+06
      2.31  4.565e+06
     2.319  4.407e+06
     2.327  4.257e+06
     2.335  4.111e+06
     2.343  3.973e+06
     2.351  3.841e+06
     2.359  3.718e+06
     2.367    3.6e+06
     2.374  3.485e+06
     2.382  3.377e+06
     2.389  3.278e+06
     2.396   3.18e+06
     2.403  3.085e+06
      2.41  2.993e+06
     2.417  2.904e+06
     2.423  2.817e+06
      2.43  2.734e+06
     2.436  2.654e+06
     2.443  2.578e+06
     2.449  2.504e+06
     2.455  2.434e+06
     2.461  2.366e+06
     2.467  2.302e+06
     2.473   2.24e+06
     2.479   2.18e+06
     2.485  2.124e+06
     2.491  2.069e+06
     2.496  2.016e+06
     2.502  1.965e+06
     2.507  1.916e+06
     2.513  1.869e+06
     2.518  1.823e+06
     2.523  1.779e+06
     2.529  1.736e+06
     2.534  1.695e+06
     2.539  1.656e+06
     2.544  1.617e+06
