     2.023      18.04
     6.068      19.34
     10.11       19.8
     14.16      20.03
     18.21      20.57
     22.25      21.09
      26.3      21.33
     30.34      21.57
     34.39      21.63
     38.43      21.82
     42.48      22.12
     46.52      22.33
     50.57      22.61
     54.62      22.83
     58.66      22.82
     62.71      23.09
     66.75      23.12
      70.8       23.4
     74.84      24.08
     78.89      23.98
     82.94      23.98
     86.98      24.37
     91.03      25.09
     95.07      25.37
     99.12       25.4
     103.2      25.49
     107.2      25.86
     111.3      26.71
     115.3      26.97
     119.3      26.97
     123.4      27.46
     127.4      27.59
     131.5      27.61
     135.5      27.72
     139.6       28.2
     143.6      28.36
     147.7       28.4
     151.7      28.79
     155.8       29.1
     159.8      28.65
     163.8      28.71
     167.9      29.22
     171.9      28.89
       176      29.58
       180      29.65
     184.1      29.62
     188.1      30.26
     192.2      30.36
     196.2      30.52
     200.3       30.9
     204.3      31.12
     208.4      31.48
     212.4      31.72
     216.4       31.8
     220.5      32.22
     224.5      32.15
     228.6       32.2
     232.6      32.63
     236.7      32.53
     240.7      32.29
     244.8      32.48
     248.8      32.76
     252.9      32.69
     256.9      32.84
     260.9      33.58
       265      34.14
       269      34.35
     273.1       34.7
     277.1      34.64
     281.2      34.63
     285.2      34.21
     289.3      34.39
     293.3      34.07
     297.4      33.58
     301.4      33.75
     305.4       34.2
     309.5      34.72
     313.5      34.47
     317.6      34.47
     321.6      34.53
     325.7      34.27
     329.7      34.74
     333.8      34.95
     337.8      34.54
     341.9      35.36
     345.9      35.52
     349.9      35.52
