     6.002  1.104e+09
        10  3.558e+08
        14   1.87e+08
     18.01  1.056e+08
     22.01   7.12e+07
     26.01  5.183e+07
     30.01  3.871e+07
     34.01  2.807e+07
     38.01  2.402e+07
     42.01    1.8e+07
     46.01  1.489e+07
     50.02  1.299e+07
     54.02  1.142e+07
     58.02  1.084e+07
     62.02  7.587e+06
     66.02  5.945e+06
     70.02  5.559e+06
     74.02   4.43e+06
     78.02  4.213e+06
     82.03  3.748e+06
     86.03  3.826e+06
     90.03  2.571e+06
     94.03   2.13e+06
     98.03  1.992e+06
       102  1.874e+06
       106  1.565e+06
       110  1.327e+06
       114  1.298e+06
       118  1.566e+06
       122  1.386e+06
       126  1.084e+06
       130  1.187e+06
       134  1.668e+06
       138  1.502e+06
       142  1.052e+06
       146  9.339e+05
       150  8.317e+05
       154  7.238e+05
       158  1.072e+06
     162.1  6.253e+05
     166.1  4.571e+05
     170.1  3.657e+05
     174.1  5.159e+05
     178.1  7.062e+05
     182.1  4.372e+05
     186.1  5.461e+05
     190.1  4.052e+05
     194.1  3.886e+05
     198.1  3.957e+05
     202.1  2.804e+05
     206.1  2.955e+05
     210.1  2.791e+05
     214.1  2.863e+05
     218.1  3.336e+05
     222.1  3.037e+05
     226.1  1.707e+05
     230.1  1.389e+05
     234.1  1.343e+05
     238.1  2.074e+05
     242.1  1.737e+05
     246.1  1.497e+05
     250.1  1.728e+05
     254.1  1.003e+05
     258.1  9.356e+04
     262.1  1.009e+05
     266.1   7.99e+04
     270.1  8.416e+04
     274.1  5.689e+04
     278.1   5.39e+04
     282.1  6.233e+04
     286.1    8.9e+04
     290.1  5.944e+04
     294.1  7.368e+04
     298.1   4.62e+04
     302.1  1.683e+04
     306.1  1.261e+04
     310.1   1.89e+04
     314.1       1942
     318.1       4397
     322.1          0
     326.1       5112
     330.1          0
     334.1       1868
     338.1       1845
     342.1       1854
     346.1          0
     350.1       1877
