     6.002  1.852e+09
        10  7.298e+08
        14  4.282e+08
     18.01   2.87e+08
     22.01  2.093e+08
     26.01  1.612e+08
     30.01  1.287e+08
     34.01  1.051e+08
     38.01   8.81e+07
     42.01  7.478e+07
     46.01  6.439e+07
     50.02  5.618e+07
     54.02  4.956e+07
     58.02  4.422e+07
     62.02   3.95e+07
     66.02  3.544e+07
     70.02  3.203e+07
     74.02  2.905e+07
     78.02   2.65e+07
     82.03  2.428e+07
     86.03  2.238e+07
     90.03  2.062e+07
     94.03  1.905e+07
     98.03  1.766e+07
       102  1.642e+07
       106   1.53e+07
       110  1.428e+07
       114  1.337e+07
       118  1.257e+07
       122  1.184e+07
       126  1.116e+07
       130  1.054e+07
       134  1.001e+07
       138  9.519e+06
       142  9.042e+06
       146  8.598e+06
       150  8.184e+06
       154  7.796e+06
       158  7.456e+06
     162.1  7.119e+06
     166.1  6.798e+06
     170.1  6.495e+06
     174.1   6.22e+06
     178.1  5.972e+06
     182.1  5.729e+06
     186.1  5.506e+06
     190.1  5.292e+06
     194.1  5.089e+06
     198.1    4.9e+06
     202.1  4.717e+06
     206.1  4.545e+06
     210.1  4.383e+06
     214.1   4.23e+06
     218.1  4.087e+06
     222.1   3.95e+06
     226.1  3.816e+06
     230.1  3.689e+06
     234.1  3.567e+06
     238.1  3.454e+06
     242.1  3.346e+06
     246.1  3.242e+06
     250.1  3.144e+06
     254.1  3.048e+06
     258.1  2.956e+06
     262.1  2.869e+06
     266.1  2.785e+06
     270.1  2.705e+06
     274.1  2.628e+06
     278.1  2.554e+06
     282.1  2.483e+06
     286.1  2.416e+06
     290.1  2.351e+06
     294.1  2.289e+06
     298.1  2.229e+06
     302.1   2.17e+06
     306.1  2.114e+06
     310.1   2.06e+06
     314.1  2.007e+06
     318.1  1.957e+06
     322.1  1.908e+06
     326.1  1.862e+06
     330.1  1.817e+06
     334.1  1.773e+06
     338.1  1.731e+06
     342.1  1.691e+06
     346.1  1.652e+06
     350.1  1.614e+06
