    0.7783  1.852e+09
         1  7.298e+08
     1.146  4.282e+08
     1.255   2.87e+08
     1.343  2.093e+08
     1.415  1.612e+08
     1.477  1.287e+08
     1.532  1.051e+08
      1.58   8.81e+07
     1.623  7.478e+07
     1.663  6.439e+07
     1.699  5.618e+07
     1.733  4.956e+07
     1.764  4.422e+07
     1.793   3.95e+07
      1.82  3.544e+07
     1.845  3.203e+07
     1.869  2.905e+07
     1.892   2.65e+07
     1.914  2.428e+07
     1.935  2.238e+07
     1.954  2.062e+07
     1.973  1.905e+07
     1.991  1.766e+07
     2.009  1.642e+07
     2.025   1.53e+07
     2.042  1.428e+07
     2.057  1.337e+07
     2.072  1.257e+07
     2.086  1.184e+07
     2.101  1.116e+07
     2.114  1.054e+07
     2.127  1.001e+07
      2.14  9.519e+06
     2.152  9.042e+06
     2.164  8.598e+06
     2.176  8.184e+06
     2.188  7.796e+06
     2.199  7.456e+06
      2.21  7.119e+06
      2.22  6.798e+06
     2.231  6.495e+06
     2.241   6.22e+06
     2.251  5.972e+06
      2.26  5.729e+06
      2.27  5.506e+06
     2.279  5.292e+06
     2.288  5.089e+06
     2.297    4.9e+06
     2.305  4.717e+06
     2.314  4.545e+06
     2.322  4.383e+06
     2.331   4.23e+06
     2.339  4.087e+06
     2.346   3.95e+06
     2.354  3.816e+06
     2.362  3.689e+06
     2.369  3.567e+06
     2.377  3.454e+06
     2.384  3.346e+06
     2.391  3.242e+06
     2.398  3.144e+06
     2.405  3.048e+06
     2.412  2.956e+06
     2.418  2.869e+06
     2.425  2.785e+06
     2.432  2.705e+06
     2.438  2.628e+06
     2.444  2.554e+06
      2.45  2.483e+06
     2.457  2.416e+06
     2.463  2.351e+06
     2.468  2.289e+06
     2.474  2.229e+06
      2.48   2.17e+06
     2.486  2.114e+06
     2.491   2.06e+06
     2.497  2.007e+06
     2.503  1.957e+06
     2.508  1.908e+06
     2.513  1.862e+06
     2.519  1.817e+06
     2.524  1.773e+06
     2.529  1.731e+06
     2.534  1.691e+06
     2.539  1.652e+06
     2.544  1.614e+06
