    0.7783  1.104e+09
         1  3.558e+08
     1.146   1.87e+08
     1.255  1.056e+08
     1.343   7.12e+07
     1.415  5.183e+07
     1.477  3.871e+07
     1.532  2.807e+07
      1.58  2.402e+07
     1.623    1.8e+07
     1.663  1.489e+07
     1.699  1.299e+07
     1.733  1.142e+07
     1.764  1.084e+07
     1.793  7.587e+06
      1.82  5.945e+06
     1.845  5.559e+06
     1.869   4.43e+06
     1.892  4.213e+06
     1.914  3.748e+06
     1.935  3.826e+06
     1.954  2.571e+06
     1.973   2.13e+06
     1.991  1.992e+06
     2.009  1.874e+06
     2.025  1.565e+06
     2.042  1.327e+06
     2.057  1.298e+06
     2.072  1.566e+06
     2.086  1.386e+06
     2.101  1.084e+06
     2.114  1.187e+06
     2.127  1.668e+06
      2.14  1.502e+06
     2.152  1.052e+06
     2.164  9.339e+05
     2.176  8.317e+05
     2.188  7.238e+05
     2.199  1.072e+06
      2.21  6.253e+05
      2.22  4.571e+05
     2.231  3.657e+05
     2.241  5.159e+05
     2.251  7.062e+05
      2.26  4.372e+05
      2.27  5.461e+05
     2.279  4.052e+05
     2.288  3.886e+05
     2.297  3.957e+05
     2.305  2.804e+05
     2.314  2.955e+05
     2.322  2.791e+05
     2.331  2.863e+05
     2.339  3.336e+05
     2.346  3.037e+05
     2.354  1.707e+05
     2.362  1.389e+05
     2.369  1.343e+05
     2.377  2.074e+05
     2.384  1.737e+05
     2.391  1.497e+05
     2.398  1.728e+05
     2.405  1.003e+05
     2.412  9.356e+04
     2.418  1.009e+05
     2.425   7.99e+04
     2.432  8.416e+04
     2.438  5.689e+04
     2.444   5.39e+04
      2.45  6.233e+04
     2.457    8.9e+04
     2.463  5.944e+04
     2.468  7.368e+04
     2.474   4.62e+04
      2.48  1.683e+04
     2.486  1.261e+04
     2.491   1.89e+04
     2.497       1942
     2.503       4397
     2.508          0
     2.513       5112
     2.519          0
     2.524       1868
     2.529       1845
     2.534       1854
     2.539          0
     2.544       1877
