     2.001      18.66
     6.002      19.56
        10      20.22
        14       20.8
     18.01      21.23
     22.01      21.57
     26.01      21.83
     30.01      22.12
     34.01      22.41
     38.01      22.55
     42.01      22.82
     46.01      22.96
     50.02      23.23
     54.02      23.39
     58.02      23.68
     62.02      23.89
     66.02      23.98
     70.02      24.19
     74.02      24.19
     78.02      24.36
     82.03      24.63
     86.03      25.08
     90.03      25.28
     94.03      25.61
     98.03      25.98
       102      26.33
       106      26.62
       110      26.77
       114      26.83
       118      26.62
       122      27.15
       126      27.38
       130      27.48
       134      27.92
       138       28.5
       142      28.36
       146      28.29
       150      29.06
       154      29.17
       158      29.62
     162.1      30.35
     166.1      30.62
     170.1      30.55
     174.1      29.92
     178.1      30.12
     182.1      30.61
     186.1      30.89
     190.1      31.23
     194.1      30.91
     198.1      31.35
     202.1      31.59
     206.1      31.45
     210.1      31.83
     214.1      32.35
     218.1      32.31
     222.1      32.68
     226.1      33.15
     230.1       33.4
     234.1      33.05
     238.1      32.64
     242.1      33.04
     246.1      33.48
     250.1      33.52
     254.1      33.59
     258.1      33.57
     262.1      33.42
     266.1      33.67
     270.1      33.64
     274.1      33.78
     278.1      33.67
     282.1      33.59
     286.1      33.66
     290.1      33.86
     294.1      33.54
     298.1      34.23
     302.1      34.57
     306.1       34.3
     310.1      34.76
     314.1       35.2
     318.1      35.25
     322.1      35.22
     326.1      35.22
     330.1      35.22
     334.1      35.13
     338.1      34.84
     342.1      35.21
     346.1      34.44
     350.1      34.79
