     6.001  6.772e+08
        10  3.175e+08
        14  2.135e+08
        18  1.618e+08
     22.01  1.299e+08
     26.01  1.074e+08
     30.01  8.956e+07
     34.01  7.613e+07
     38.01  6.595e+07
     42.01  5.776e+07
     46.01  5.109e+07
     50.01  4.549e+07
     54.01  4.069e+07
     58.01  3.658e+07
     62.01  3.312e+07
     66.02   3.01e+07
     70.02  2.744e+07
     74.02  2.512e+07
     78.02  2.321e+07
     82.02  2.146e+07
     86.02  1.994e+07
     90.02  1.866e+07
     94.02  1.758e+07
     98.02  1.659e+07
       102   1.57e+07
       106  1.492e+07
       110  1.417e+07
       114  1.348e+07
       118  1.284e+07
       122  1.227e+07
       126  1.174e+07
       130  1.126e+07
       134  1.083e+07
       138  1.042e+07
       142  1.003e+07
       146  9.663e+06
       150  9.304e+06
       154  8.961e+06
       158  8.631e+06
       162  8.318e+06
       166  8.006e+06
       170  7.712e+06
       174  7.428e+06
       178  7.158e+06
       182  6.902e+06
       186  6.662e+06
       190  6.434e+06
       194  6.209e+06
       198  5.998e+06
       202  5.798e+06
       206  5.604e+06
       210  5.425e+06
     214.1  5.257e+06
     218.1   5.09e+06
     222.1  4.933e+06
     226.1  4.786e+06
     230.1  4.644e+06
     234.1  4.507e+06
     238.1  4.373e+06
     242.1  4.243e+06
     246.1  4.118e+06
     250.1  3.999e+06
     254.1  3.882e+06
     258.1  3.768e+06
     262.1  3.659e+06
     266.1  3.554e+06
     270.1  3.453e+06
     274.1  3.357e+06
     278.1  3.263e+06
     282.1  3.174e+06
     286.1  3.087e+06
     290.1  3.004e+06
     294.1  2.924e+06
     298.1  2.846e+06
     302.1  2.772e+06
     306.1    2.7e+06
     310.1  2.631e+06
     314.1  2.564e+06
     318.1    2.5e+06
     322.1  2.438e+06
     326.1  2.378e+06
     330.1  2.321e+06
     334.1  2.265e+06
     338.1  2.212e+06
     342.1   2.16e+06
     346.1   2.11e+06
     350.1  2.062e+06
