     6.001  5.557e+08
        10  1.976e+08
        14  1.303e+08
        18  9.548e+07
     22.01  7.318e+07
     26.01  5.612e+07
     30.01  4.022e+07
     34.01  3.225e+07
     38.01  2.762e+07
     42.01  2.284e+07
     46.01  1.934e+07
     50.01  1.605e+07
     54.01  1.302e+07
     58.01  1.082e+07
     62.01  9.797e+06
     66.02   8.12e+06
     70.02  6.796e+06
     74.02  5.993e+06
     78.02  6.486e+06
     82.02  5.266e+06
     86.02  5.103e+06
     90.02    5.5e+06
     94.02  6.054e+06
     98.02  5.361e+06
       102   5.25e+06
       106  5.318e+06
       110  4.714e+06
       114  4.317e+06
       118  4.057e+06
       122   4.11e+06
       126  3.977e+06
       130   3.89e+06
       134  4.004e+06
       138  3.779e+06
       142  3.496e+06
       146  3.344e+06
       150  2.923e+06
       154  2.699e+06
       158  2.447e+06
       162  2.294e+06
       166  1.848e+06
       170  1.758e+06
       174  1.535e+06
       178  1.416e+06
       182  1.335e+06
       186  1.323e+06
       190  1.236e+06
       194  9.712e+05
       198  9.891e+05
       202  9.448e+05
       206  8.213e+05
       210  9.015e+05
     214.1  9.185e+05
     218.1  7.181e+05
     222.1  7.271e+05
     226.1  7.748e+05
     230.1  7.151e+05
     234.1  6.261e+05
     238.1  5.202e+05
     242.1  4.494e+05
     246.1  3.893e+05
     250.1  3.936e+05
     254.1  2.958e+05
     258.1  2.116e+05
     262.1  1.881e+05
     266.1   1.72e+05
     270.1  1.475e+05
     274.1  1.466e+05
     278.1  1.075e+05
     282.1  1.073e+05
     286.1  9.019e+04
     290.1  5.473e+04
     294.1  5.714e+04
     298.1  3.888e+04
     302.1  3.189e+04
     306.1  3.047e+04
     310.1  1.819e+04
     314.1  1.996e+04
     318.1  1.483e+04
     322.1       4442
     326.1          0
     330.1       2470
     334.1       6636
     338.1       5709
     342.1       1989
     346.1          0
     350.1          0
