    0.7783  5.557e+08
         1  1.976e+08
     1.146  1.303e+08
     1.255  9.548e+07
     1.343  7.318e+07
     1.415  5.612e+07
     1.477  4.022e+07
     1.532  3.225e+07
      1.58  2.762e+07
     1.623  2.284e+07
     1.663  1.934e+07
     1.699  1.605e+07
     1.732  1.302e+07
     1.764  1.082e+07
     1.792  9.797e+06
      1.82   8.12e+06
     1.845  6.796e+06
     1.869  5.993e+06
     1.892  6.486e+06
     1.914  5.266e+06
     1.935  5.103e+06
     1.954    5.5e+06
     1.973  6.054e+06
     1.991  5.361e+06
     2.009   5.25e+06
     2.025  5.318e+06
     2.041  4.714e+06
     2.057  4.317e+06
     2.072  4.057e+06
     2.086   4.11e+06
       2.1  3.977e+06
     2.114   3.89e+06
     2.127  4.004e+06
      2.14  3.779e+06
     2.152  3.496e+06
     2.164  3.344e+06
     2.176  2.923e+06
     2.188  2.699e+06
     2.199  2.447e+06
      2.21  2.294e+06
      2.22  1.848e+06
     2.231  1.758e+06
     2.241  1.535e+06
     2.251  1.416e+06
      2.26  1.335e+06
      2.27  1.323e+06
     2.279  1.236e+06
     2.288  9.712e+05
     2.297  9.891e+05
     2.305  9.448e+05
     2.314  8.213e+05
     2.322  9.015e+05
     2.331  9.185e+05
     2.339  7.181e+05
     2.346  7.271e+05
     2.354  7.748e+05
     2.362  7.151e+05
     2.369  6.261e+05
     2.377  5.202e+05
     2.384  4.494e+05
     2.391  3.893e+05
     2.398  3.936e+05
     2.405  2.958e+05
     2.412  2.116e+05
     2.418  1.881e+05
     2.425   1.72e+05
     2.431  1.475e+05
     2.438  1.466e+05
     2.444  1.075e+05
      2.45  1.073e+05
     2.456  9.019e+04
     2.463  5.473e+04
     2.468  5.714e+04
     2.474  3.888e+04
      2.48  3.189e+04
     2.486  3.047e+04
     2.491  1.819e+04
     2.497  1.996e+04
     2.503  1.483e+04
     2.508       4442
     2.513          0
     2.519       2470
     2.524       6636
     2.529       5709
     2.534       1989
     2.539          0
     2.544          0
