    0.7783  6.772e+08
         1  3.175e+08
     1.146  2.135e+08
     1.255  1.618e+08
     1.343  1.299e+08
     1.415  1.074e+08
     1.477  8.956e+07
     1.532  7.613e+07
      1.58  6.595e+07
     1.623  5.776e+07
     1.663  5.109e+07
     1.699  4.549e+07
     1.732  4.069e+07
     1.764  3.658e+07
     1.792  3.312e+07
      1.82   3.01e+07
     1.845  2.744e+07
     1.869  2.512e+07
     1.892  2.321e+07
     1.914  2.146e+07
     1.935  1.994e+07
     1.954  1.866e+07
     1.973  1.758e+07
     1.991  1.659e+07
     2.009   1.57e+07
     2.025  1.492e+07
     2.041  1.417e+07
     2.057  1.348e+07
     2.072  1.284e+07
     2.086  1.227e+07
       2.1  1.174e+07
     2.114  1.126e+07
     2.127  1.083e+07
      2.14  1.042e+07
     2.152  1.003e+07
     2.164  9.663e+06
     2.176  9.304e+06
     2.188  8.961e+06
     2.199  8.631e+06
      2.21  8.318e+06
      2.22  8.006e+06
     2.231  7.712e+06
     2.241  7.428e+06
     2.251  7.158e+06
      2.26  6.902e+06
      2.27  6.662e+06
     2.279  6.434e+06
     2.288  6.209e+06
     2.297  5.998e+06
     2.305  5.798e+06
     2.314  5.604e+06
     2.322  5.425e+06
     2.331  5.257e+06
     2.339   5.09e+06
     2.346  4.933e+06
     2.354  4.786e+06
     2.362  4.644e+06
     2.369  4.507e+06
     2.377  4.373e+06
     2.384  4.243e+06
     2.391  4.118e+06
     2.398  3.999e+06
     2.405  3.882e+06
     2.412  3.768e+06
     2.418  3.659e+06
     2.425  3.554e+06
     2.431  3.453e+06
     2.438  3.357e+06
     2.444  3.263e+06
      2.45  3.174e+06
     2.456  3.087e+06
     2.463  3.004e+06
     2.468  2.924e+06
     2.474  2.846e+06
      2.48  2.772e+06
     2.486    2.7e+06
     2.491  2.631e+06
     2.497  2.564e+06
     2.503    2.5e+06
     2.508  2.438e+06
     2.513  2.378e+06
     2.519  2.321e+06
     2.524  2.265e+06
     2.529  2.212e+06
     2.534   2.16e+06
     2.539   2.11e+06
     2.544  2.062e+06
