         2      19.17
     6.001      20.17
        10      20.58
        14       20.9
        18      21.08
     22.01      21.35
     26.01      21.52
     30.01       21.8
     34.01      22.05
     38.01      22.34
     42.01      22.47
     46.01       22.7
     50.01      22.71
     54.01      22.93
     58.01      23.06
     62.01      23.17
     66.02      23.48
     70.02      23.72
     74.02      23.63
     78.02      23.72
     82.02      24.05
     86.02      24.07
     90.02      24.16
     94.02       24.3
     98.02      24.41
       102      24.37
       106      24.39
       110       24.6
       114      24.85
       118      24.92
       122       24.9
       126      25.17
       130      25.44
       134      25.39
       138      25.46
       142      25.32
       146      25.44
       150      25.81
       154      26.19
       158      26.25
       162       26.2
       166      26.55
       170      26.68
       174      27.16
       178      27.26
       182      27.15
       186      27.41
       190      27.68
       194      28.24
       198      28.22
       202      28.12
       206      28.43
       210      28.28
     214.1      28.62
     218.1      29.09
     222.1      28.83
     226.1      29.43
     230.1      29.53
     234.1      30.01
     238.1       30.5
     242.1       31.1
     246.1      31.03
     250.1      31.31
     254.1      31.71
     258.1      32.18
     262.1      31.84
     266.1      32.15
     270.1      32.34
     274.1      32.18
     278.1      32.52
     282.1      32.68
     286.1      33.25
     290.1      33.19
     294.1      33.15
     298.1      33.72
     302.1      33.77
     306.1      33.52
     310.1      34.13
     314.1      34.01
     318.1      34.67
     322.1      35.17
     326.1      35.12
     330.1       34.6
     334.1       34.3
     338.1      34.35
     342.1      35.08
     346.1       35.5
     350.1      33.69
