     6.002  6.518e+08
        10  1.988e+08
     14.01  1.073e+08
     18.01  7.205e+07
     22.01  5.092e+07
     26.01  3.716e+07
     30.01  2.753e+07
     34.01   2.14e+07
     38.02  1.599e+07
     42.02  1.211e+07
     46.02  1.104e+07
     50.02  9.939e+06
     54.02  9.554e+06
     58.02  8.322e+06
     62.02  7.107e+06
     66.03  5.519e+06
     70.03  5.046e+06
     74.03  4.357e+06
     78.03      4e+06
     82.03  3.659e+06
     86.03  3.268e+06
     90.04  3.189e+06
     94.04  2.829e+06
     98.04  2.693e+06
       102  2.575e+06
       106  2.603e+06
       110  2.404e+06
       114   2.12e+06
       118  2.235e+06
       122  2.597e+06
       126  2.258e+06
     130.1  1.997e+06
     134.1  1.582e+06
     138.1  1.595e+06
     142.1  1.532e+06
     146.1    1.7e+06
     150.1  1.343e+06
     154.1  1.205e+06
     158.1  1.087e+06
     162.1  1.055e+06
     166.1  1.114e+06
     170.1  1.249e+06
     174.1  1.483e+06
     178.1  1.256e+06
     182.1  1.168e+06
     186.1  9.723e+05
     190.1  9.284e+05
     194.1  8.241e+05
     198.1   6.96e+05
     202.1  7.512e+05
     206.1  6.777e+05
     210.1  6.771e+05
     214.1  6.336e+05
     218.1  6.176e+05
     222.1  5.684e+05
     226.1  5.465e+05
     230.1  5.275e+05
     234.1  4.913e+05
     238.1  4.704e+05
     242.1  4.867e+05
     246.1   4.96e+05
     250.1  4.554e+05
     254.1  4.035e+05
     258.1   2.32e+05
     262.1  2.678e+05
     266.1  2.491e+05
     270.1  1.844e+05
     274.1  1.712e+05
     278.1  1.361e+05
     282.1  1.414e+05
     286.1  1.393e+05
     290.1  1.045e+05
     294.1   9.94e+04
     298.1  1.005e+05
     302.1  7.164e+04
     306.1  4.951e+04
     310.1  6.722e+04
     314.1  2.813e+04
     318.1  2.455e+04
     322.1  3.064e+04
     326.1  2.366e+04
     330.1  2.279e+04
     334.1  1.983e+04
     338.1  1.244e+04
     342.1   1.22e+04
     346.1       7235
     350.1       9042
