     6.002   8.67e+08
        10  3.658e+08
     14.01  2.222e+08
     18.01  1.565e+08
     22.01  1.185e+08
     26.01  9.364e+07
     30.01   7.61e+07
     34.01  6.328e+07
     38.02  5.336e+07
     42.02  4.552e+07
     46.02  3.953e+07
     50.02  3.481e+07
     54.02  3.107e+07
     58.02  2.794e+07
     62.02  2.525e+07
     66.03  2.286e+07
     70.03  2.083e+07
     74.03  1.905e+07
     78.03  1.751e+07
     82.03  1.616e+07
     86.03  1.496e+07
     90.04  1.391e+07
     94.04  1.297e+07
     98.04  1.213e+07
       102  1.138e+07
       106  1.072e+07
       110  1.012e+07
       114  9.554e+06
       118  9.058e+06
       122  8.635e+06
       126   8.23e+06
     130.1  7.846e+06
     134.1  7.472e+06
     138.1  7.132e+06
     142.1  6.816e+06
     146.1  6.536e+06
     150.1  6.259e+06
     154.1  5.997e+06
     158.1  5.748e+06
     162.1  5.516e+06
     166.1  5.304e+06
     170.1  5.113e+06
     174.1  4.947e+06
     178.1  4.781e+06
     182.1  4.622e+06
     186.1  4.465e+06
     190.1  4.316e+06
     194.1  4.172e+06
     198.1  4.032e+06
     202.1  3.902e+06
     206.1  3.777e+06
     210.1  3.658e+06
     214.1  3.545e+06
     218.1  3.438e+06
     222.1  3.335e+06
     226.1  3.236e+06
     230.1  3.142e+06
     234.1  3.051e+06
     238.1  2.964e+06
     242.1  2.882e+06
     246.1  2.805e+06
     250.1   2.73e+06
     254.1  2.656e+06
     258.1  2.581e+06
     262.1  2.511e+06
     266.1  2.443e+06
     270.1  2.376e+06
     274.1  2.311e+06
     278.1  2.249e+06
     282.1  2.189e+06
     286.1  2.132e+06
     290.1  2.076e+06
     294.1  2.022e+06
     298.1   1.97e+06
     302.1   1.92e+06
     306.1  1.871e+06
     310.1  1.825e+06
     314.1  1.779e+06
     318.1  1.735e+06
     322.1  1.692e+06
     326.1  1.651e+06
     330.1  1.612e+06
     334.1  1.574e+06
     338.1  1.537e+06
     342.1  1.501e+06
     346.1  1.467e+06
     350.1  1.433e+06
