    0.7783  6.518e+08
         1  1.988e+08
     1.146  1.073e+08
     1.255  7.205e+07
     1.343  5.092e+07
     1.415  3.716e+07
     1.477  2.753e+07
     1.532   2.14e+07
      1.58  1.599e+07
     1.623  1.211e+07
     1.663  1.104e+07
     1.699  9.939e+06
     1.733  9.554e+06
     1.764  8.322e+06
     1.793  7.107e+06
      1.82  5.519e+06
     1.845  5.046e+06
     1.869  4.357e+06
     1.892      4e+06
     1.914  3.659e+06
     1.935  3.268e+06
     1.954  3.189e+06
     1.973  2.829e+06
     1.991  2.693e+06
     2.009  2.575e+06
     2.025  2.603e+06
     2.042  2.404e+06
     2.057   2.12e+06
     2.072  2.235e+06
     2.087  2.597e+06
     2.101  2.258e+06
     2.114  1.997e+06
     2.127  1.582e+06
      2.14  1.595e+06
     2.152  1.532e+06
     2.165    1.7e+06
     2.176  1.343e+06
     2.188  1.205e+06
     2.199  1.087e+06
      2.21  1.055e+06
      2.22  1.114e+06
     2.231  1.249e+06
     2.241  1.483e+06
     2.251  1.256e+06
      2.26  1.168e+06
      2.27  9.723e+05
     2.279  9.284e+05
     2.288  8.241e+05
     2.297   6.96e+05
     2.306  7.512e+05
     2.314  6.777e+05
     2.322  6.771e+05
     2.331  6.336e+05
     2.339  6.176e+05
     2.347  5.684e+05
     2.354  5.465e+05
     2.362  5.275e+05
     2.369  4.913e+05
     2.377  4.704e+05
     2.384  4.867e+05
     2.391   4.96e+05
     2.398  4.554e+05
     2.405  4.035e+05
     2.412   2.32e+05
     2.418  2.678e+05
     2.425  2.491e+05
     2.432  1.844e+05
     2.438  1.712e+05
     2.444  1.361e+05
      2.45  1.414e+05
     2.457  1.393e+05
     2.463  1.045e+05
     2.469   9.94e+04
     2.474  1.005e+05
      2.48  7.164e+04
     2.486  4.951e+04
     2.492  6.722e+04
     2.497  2.813e+04
     2.503  2.455e+04
     2.508  3.064e+04
     2.513  2.366e+04
     2.519  2.279e+04
     2.524  1.983e+04
     2.529  1.244e+04
     2.534   1.22e+04
     2.539       7235
     2.544       9042
