    0.7783   8.67e+08
         1  3.658e+08
     1.146  2.222e+08
     1.255  1.565e+08
     1.343  1.185e+08
     1.415  9.364e+07
     1.477   7.61e+07
     1.532  6.328e+07
      1.58  5.336e+07
     1.623  4.552e+07
     1.663  3.953e+07
     1.699  3.481e+07
     1.733  3.107e+07
     1.764  2.794e+07
     1.793  2.525e+07
      1.82  2.286e+07
     1.845  2.083e+07
     1.869  1.905e+07
     1.892  1.751e+07
     1.914  1.616e+07
     1.935  1.496e+07
     1.954  1.391e+07
     1.973  1.297e+07
     1.991  1.213e+07
     2.009  1.138e+07
     2.025  1.072e+07
     2.042  1.012e+07
     2.057  9.554e+06
     2.072  9.058e+06
     2.087  8.635e+06
     2.101   8.23e+06
     2.114  7.846e+06
     2.127  7.472e+06
      2.14  7.132e+06
     2.152  6.816e+06
     2.165  6.536e+06
     2.176  6.259e+06
     2.188  5.997e+06
     2.199  5.748e+06
      2.21  5.516e+06
      2.22  5.304e+06
     2.231  5.113e+06
     2.241  4.947e+06
     2.251  4.781e+06
      2.26  4.622e+06
      2.27  4.465e+06
     2.279  4.316e+06
     2.288  4.172e+06
     2.297  4.032e+06
     2.306  3.902e+06
     2.314  3.777e+06
     2.322  3.658e+06
     2.331  3.545e+06
     2.339  3.438e+06
     2.347  3.335e+06
     2.354  3.236e+06
     2.362  3.142e+06
     2.369  3.051e+06
     2.377  2.964e+06
     2.384  2.882e+06
     2.391  2.805e+06
     2.398   2.73e+06
     2.405  2.656e+06
     2.412  2.581e+06
     2.418  2.511e+06
     2.425  2.443e+06
     2.432  2.376e+06
     2.438  2.311e+06
     2.444  2.249e+06
      2.45  2.189e+06
     2.457  2.132e+06
     2.463  2.076e+06
     2.469  2.022e+06
     2.474   1.97e+06
      2.48   1.92e+06
     2.486  1.871e+06
     2.492  1.825e+06
     2.497  1.779e+06
     2.503  1.735e+06
     2.508  1.692e+06
     2.513  1.651e+06
     2.519  1.612e+06
     2.524  1.574e+06
     2.529  1.537e+06
     2.534  1.501e+06
     2.539  1.467e+06
     2.544  1.433e+06
