     2.001       19.5
     6.002      20.34
        10      20.84
     14.01      21.22
     18.01      21.64
     22.01      21.85
     26.01      22.13
     30.01      22.43
     34.01      22.65
     38.02         23
     42.02      23.23
     46.02      23.27
     50.02      23.43
     54.02      23.67
     58.02      23.66
     62.02      23.94
     66.03       24.1
     70.03       24.3
     74.03      24.45
     78.03      24.63
     82.03      24.81
     86.03      24.83
     90.04       25.2
     94.04      25.38
     98.04      25.31
       102      25.34
       106      25.94
       110      26.16
       114      26.17
       118      26.79
       122      26.44
       126      26.63
     130.1      27.32
     134.1      27.16
     138.1      27.34
     142.1      27.34
     146.1      27.36
     150.1       27.6
     154.1      27.81
     158.1      27.92
     162.1      28.16
     166.1      27.89
     170.1      27.75
     174.1      28.17
     178.1      28.22
     182.1      28.02
     186.1      28.73
     190.1      28.81
     194.1      29.14
     198.1      29.64
     202.1      29.57
     206.1      30.08
     210.1      29.93
     214.1      29.61
     218.1      29.83
     222.1      30.15
     226.1      30.37
     230.1      30.54
     234.1      30.67
     238.1      30.61
     242.1      30.78
     246.1      30.85
     250.1      31.18
     254.1      31.51
     258.1      31.44
     262.1      31.66
     266.1      31.53
     270.1      31.83
     274.1      31.68
     278.1      31.99
     282.1      31.73
     286.1       31.3
     290.1      31.72
     294.1      31.76
     298.1      31.87
     302.1      32.42
     306.1      32.27
     310.1      31.97
     314.1      33.04
     318.1      32.95
     322.1       32.5
     326.1      32.31
     330.1      32.84
     334.1      32.86
     338.1      32.51
     342.1      31.94
     346.1      32.93
     350.1      33.59
