     6.069  2.502e+08
     10.11   3.43e+07
     14.16  1.899e+07
     18.21  1.388e+07
     22.25  1.026e+07
      26.3  9.652e+06
     30.34  1.133e+07
     34.39  1.058e+07
     38.44  8.035e+06
     42.48  5.419e+06
     46.53  5.056e+06
     50.57  4.716e+06
     54.62  2.704e+06
     58.67  1.665e+06
     62.71  1.297e+06
     66.76  1.218e+06
      70.8  9.486e+05
     74.85   6.96e+05
      78.9  7.123e+05
     82.94  6.274e+05
     86.99  5.564e+05
     91.03   7.28e+05
     95.08  1.096e+06
     99.13  7.617e+05
     103.2  6.487e+05
     107.2  7.967e+05
     111.3  6.214e+05
     115.3  6.437e+05
     119.4  8.309e+05
     123.4  7.175e+05
     127.4  7.798e+05
     131.5  7.364e+05
     135.5  5.539e+05
     139.6  4.708e+05
     143.6  3.696e+05
     147.7  2.438e+05
     151.7   3.08e+05
     155.8  2.017e+05
     159.8  1.598e+05
     163.9  1.599e+05
     167.9  1.499e+05
       172  1.556e+05
       176  7.099e+04
       180  1.074e+05
     184.1  8.646e+04
     188.1  5.821e+04
     192.2  3.677e+04
     196.2  4.909e+04
     200.3  2.868e+04
     204.3  5.934e+04
     208.4  4.569e+04
     212.4  4.086e+04
     216.5  3.623e+04
     220.5  3.095e+04
     224.6  5.266e+04
     228.6  1.813e+04
     232.6  2.736e+04
     236.7  2.062e+04
     240.7  3.164e+04
     244.8  1.688e+04
     248.8       2798
     252.9       6078
     256.9  2.223e+04
       261  1.686e+04
       265   1.51e+04
     269.1       8613
     273.1       4924
     277.1       2496
     281.2          0
     285.2          0
     289.3          0
     293.3          0
     297.4          0
     301.4       2203
     305.5       2251
     309.5          0
     313.6          0
     317.6          0
     321.7          0
     325.7          0
     329.7          0
     333.8          0
     337.8          0
     341.9          0
     345.9          0
       350          0
