     6.069  7.694e+08
     10.11  2.181e+08
     14.16  1.075e+08
     18.21  6.653e+07
     22.25  4.627e+07
      26.3  3.508e+07
     30.34  2.878e+07
     34.39  2.452e+07
     38.44  2.106e+07
     42.48  1.809e+07
     46.53  1.582e+07
     50.57  1.405e+07
     54.62  1.237e+07
     58.67   1.09e+07
     62.71  9.659e+06
     66.76  8.637e+06
      70.8  7.759e+06
     74.85  6.996e+06
      78.9  6.352e+06
     82.94  5.794e+06
     86.99  5.307e+06
     91.03    4.9e+06
     95.08  4.577e+06
     99.13  4.265e+06
     103.2  3.982e+06
     107.2  3.742e+06
     111.3  3.515e+06
     115.3  3.313e+06
     119.4  3.145e+06
     123.4  2.986e+06
     127.4  2.846e+06
     131.5  2.716e+06
     135.5  2.587e+06
     139.6  2.464e+06
     143.6  2.346e+06
     147.7  2.231e+06
     151.7  2.129e+06
     155.8  2.029e+06
     159.8  1.934e+06
     163.9  1.846e+06
     167.9  1.765e+06
       172  1.689e+06
       176  1.615e+06
       180  1.547e+06
     184.1  1.483e+06
     188.1  1.421e+06
     192.2  1.363e+06
     196.2  1.309e+06
     200.3  1.257e+06
     204.3   1.21e+06
     208.4  1.165e+06
     212.4  1.122e+06
     216.5  1.081e+06
     220.5  1.043e+06
     224.6  1.007e+06
     228.6   9.72e+05
     232.6  9.391e+05
     236.7  9.077e+05
     240.7  8.783e+05
     244.8  8.498e+05
     248.8  8.222e+05
     252.9  7.961e+05
     256.9  7.718e+05
       261  7.483e+05
       265   7.26e+05
     269.1  7.044e+05
     273.1  6.837e+05
     277.1  6.638e+05
     281.2  6.447e+05
     285.2  6.264e+05
     289.3  6.089e+05
     293.3  5.921e+05
     297.4   5.76e+05
     301.4  5.606e+05
     305.5  5.458e+05
     309.5  5.315e+05
     313.6  5.178e+05
     317.6  5.046e+05
     321.7  4.919e+05
     325.7  4.797e+05
     329.7  4.679e+05
     333.8  4.566e+05
     337.8  4.456e+05
     341.9  4.351e+05
     345.9  4.249e+05
       350  4.151e+05
