    0.7831  2.502e+08
     1.005   3.43e+07
     1.151  1.899e+07
      1.26  1.388e+07
     1.347  1.026e+07
      1.42  9.652e+06
     1.482  1.133e+07
     1.536  1.058e+07
     1.585  8.035e+06
     1.628  5.419e+06
     1.668  5.056e+06
     1.704  4.716e+06
     1.737  2.704e+06
     1.768  1.665e+06
     1.797  1.297e+06
     1.825  1.218e+06
      1.85  9.486e+05
     1.874   6.96e+05
     1.897  7.123e+05
     1.919  6.274e+05
     1.939  5.564e+05
     1.959   7.28e+05
     1.978  1.096e+06
     1.996  7.617e+05
     2.014  6.487e+05
      2.03  7.967e+05
     2.046  6.214e+05
     2.062  6.437e+05
     2.077  8.309e+05
     2.091  7.175e+05
     2.105  7.798e+05
     2.119  7.364e+05
     2.132  5.539e+05
     2.145  4.708e+05
     2.157  3.696e+05
     2.169  2.438e+05
     2.181   3.08e+05
     2.192  2.017e+05
     2.204  1.598e+05
     2.214  1.599e+05
     2.225  1.499e+05
     2.235  1.556e+05
     2.246  7.099e+04
     2.255  1.074e+05
     2.265  8.646e+04
     2.274  5.821e+04
     2.284  3.677e+04
     2.293  4.909e+04
     2.302  2.868e+04
      2.31  5.934e+04
     2.319  4.569e+04
     2.327  4.086e+04
     2.335  3.623e+04
     2.343  3.095e+04
     2.351  5.266e+04
     2.359  1.813e+04
     2.367  2.736e+04
     2.374  2.062e+04
     2.382  3.164e+04
     2.389  1.688e+04
     2.396       2798
     2.403       6078
      2.41  2.223e+04
     2.417  1.686e+04
     2.423   1.51e+04
      2.43       8613
     2.436       4924
     2.443       2496
     2.449          0
     2.455          0
     2.461          0
     2.467          0
     2.473          0
     2.479       2203
     2.485       2251
     2.491          0
     2.496          0
     2.502          0
     2.507          0
     2.513          0
     2.518          0
     2.523          0
     2.529          0
     2.534          0
     2.539          0
     2.544          0
