    0.7831  7.694e+08
     1.005  2.181e+08
     1.151  1.075e+08
      1.26  6.653e+07
     1.347  4.627e+07
      1.42  3.508e+07
     1.482  2.878e+07
     1.536  2.452e+07
     1.585  2.106e+07
     1.628  1.809e+07
     1.668  1.582e+07
     1.704  1.405e+07
     1.737  1.237e+07
     1.768   1.09e+07
     1.797  9.659e+06
     1.825  8.637e+06
      1.85  7.759e+06
     1.874  6.996e+06
     1.897  6.352e+06
     1.919  5.794e+06
     1.939  5.307e+06
     1.959    4.9e+06
     1.978  4.577e+06
     1.996  4.265e+06
     2.014  3.982e+06
      2.03  3.742e+06
     2.046  3.515e+06
     2.062  3.313e+06
     2.077  3.145e+06
     2.091  2.986e+06
     2.105  2.846e+06
     2.119  2.716e+06
     2.132  2.587e+06
     2.145  2.464e+06
     2.157  2.346e+06
     2.169  2.231e+06
     2.181  2.129e+06
     2.192  2.029e+06
     2.204  1.934e+06
     2.214  1.846e+06
     2.225  1.765e+06
     2.235  1.689e+06
     2.246  1.615e+06
     2.255  1.547e+06
     2.265  1.483e+06
     2.274  1.421e+06
     2.284  1.363e+06
     2.293  1.309e+06
     2.302  1.257e+06
      2.31   1.21e+06
     2.319  1.165e+06
     2.327  1.122e+06
     2.335  1.081e+06
     2.343  1.043e+06
     2.351  1.007e+06
     2.359   9.72e+05
     2.367  9.391e+05
     2.374  9.077e+05
     2.382  8.783e+05
     2.389  8.498e+05
     2.396  8.222e+05
     2.403  7.961e+05
      2.41  7.718e+05
     2.417  7.483e+05
     2.423   7.26e+05
      2.43  7.044e+05
     2.436  6.837e+05
     2.443  6.638e+05
     2.449  6.447e+05
     2.455  6.264e+05
     2.461  6.089e+05
     2.467  5.921e+05
     2.473   5.76e+05
     2.479  5.606e+05
     2.485  5.458e+05
     2.491  5.315e+05
     2.496  5.178e+05
     2.502  5.046e+05
     2.507  4.919e+05
     2.513  4.797e+05
     2.518  4.679e+05
     2.523  4.566e+05
     2.529  4.456e+05
     2.534  4.351e+05
     2.539  4.249e+05
     2.544  4.151e+05
