     2.023  6.008e+10
     6.069  8.903e+10
     10.11  1.009e+11
     14.16  1.119e+11
     18.21  1.232e+11
     22.25  1.339e+11
      26.3  1.461e+11
     30.34  1.632e+11
     34.39  1.815e+11
     38.44  1.974e+11
     42.48  2.093e+11
     46.53  2.216e+11
     50.57  2.341e+11
     54.62  2.419e+11
     58.67  2.471e+11
     62.71  2.515e+11
     66.76  2.559e+11
      70.8  2.595e+11
     74.85  2.623e+11
      78.9  2.653e+11
     82.94  2.682e+11
     86.99  2.708e+11
     91.03  2.744e+11
     95.08  2.801e+11
     99.13  2.843e+11
     103.2   2.88e+11
     107.2  2.927e+11
     111.3  2.965e+11
     115.3  3.006e+11
     119.4  3.061e+11
     123.4   3.11e+11
     127.4  3.165e+11
     131.5  3.218e+11
     135.5   3.26e+11
     139.6  3.296e+11
     143.6  3.326e+11
     147.7  3.346e+11
     151.7  3.372e+11
     155.8  3.389e+11
     159.8  3.404e+11
     163.9  3.418e+11
     167.9  3.432e+11
       172  3.447e+11
       176  3.454e+11
       180  3.465e+11
     184.1  3.474e+11
     188.1   3.48e+11
     192.2  3.484e+11
     196.2   3.49e+11
     200.3  3.493e+11
     204.3    3.5e+11
     208.4  3.505e+11
     212.4   3.51e+11
     216.5  3.514e+11
     220.5  3.518e+11
     224.6  3.525e+11
     228.6  3.527e+11
     232.6  3.531e+11
     236.7  3.533e+11
     240.7  3.538e+11
     244.8   3.54e+11
     248.8   3.54e+11
     252.9  3.541e+11
     256.9  3.544e+11
       261  3.547e+11
       265  3.549e+11
     269.1   3.55e+11
     273.1  3.551e+11
     277.1  3.552e+11
     281.2  3.552e+11
     285.2  3.552e+11
     289.3  3.552e+11
     293.3  3.552e+11
     297.4  3.552e+11
     301.4  3.552e+11
     305.5  3.552e+11
     309.5  3.552e+11
     313.6  3.552e+11
     317.6  3.552e+11
     321.7  3.552e+11
     325.7  3.552e+11
     329.7  3.552e+11
     333.8  3.552e+11
     337.8  3.552e+11
     341.9  3.552e+11
     345.9  3.552e+11
       350  3.552e+11
