     2.023  1.081e-16
     6.069  1.036e-17
     10.11  6.494e-18
     14.16  4.352e-18
     18.21  3.283e-18
     22.25  3.376e-18
      26.3  3.784e-18
     30.34  4.135e-18
     34.39   3.34e-18
     38.44  2.099e-18
     42.48  1.809e-18
     46.53  1.529e-18
     50.57  1.266e-18
     54.62  8.119e-19
     58.67    5.7e-19
     62.71  5.265e-19
     66.76  4.353e-19
      70.8  3.116e-19
     74.85   3.13e-19
      78.9  3.161e-19
     82.94  2.853e-19
     86.99  2.895e-19
     91.03  3.911e-19
     95.08   3.81e-19
     99.13  2.597e-19
     103.2  2.996e-19
     107.2  2.914e-19
     111.3  3.117e-19
     115.3  3.302e-19
     119.4  3.208e-19
     123.4  7.337e-19
     127.4  4.867e-19
     131.5  3.147e-19
     135.5  2.387e-19
     139.6  2.081e-19
     143.6  1.191e-19
     147.7  1.275e-19
     151.7  1.122e-19
     155.8  6.458e-20
     159.8  5.342e-20
     163.9  5.289e-20
     167.9   7.33e-20
       172  7.072e-20
       176  3.892e-20
       180   4.87e-20
     184.1  4.026e-20
     188.1  2.752e-20
     192.2  1.869e-20
     196.2  2.011e-20
     200.3  2.274e-20
     204.3  1.755e-20
     208.4  2.245e-20
     212.4  2.611e-20
     216.5  1.622e-20
     220.5  1.889e-20
     224.6   2.67e-20
     228.6   7.46e-21
     232.6  1.298e-20
     236.7  1.117e-20
     240.7  1.028e-20
     244.8  2.719e-21
     248.8  5.154e-21
     252.9  7.565e-21
     256.9  1.885e-20
       261  3.085e-20
       265   2.38e-20
     269.1  5.255e-21
     273.1  3.964e-21
     277.1  5.275e-22
     281.2      1e-23
     285.2      1e-23
     289.3      1e-23
     293.3  1.133e-23
     297.4  1.565e-21
     301.4  8.131e-22
     305.5  3.599e-21
     309.5  5.244e-23
     313.6      1e-23
     317.6      1e-23
     321.7      1e-23
     325.7      1e-23
     329.7      1e-23
     333.8      1e-23
     337.8      1e-23
     341.9      1e-23
     345.9      1e-23
       350      1e-23
