     2.023      18.44
     6.069      20.64
     10.11      21.13
     14.16      21.64
     18.21      22.12
     22.25      22.26
      26.3      22.53
     30.34      22.21
     34.39      22.87
     38.44      23.58
     42.48      24.48
     46.53       25.2
     50.57      26.79
     54.62      27.18
     58.67      26.95
     62.71      27.26
     66.76       28.1
      70.8      29.14
     74.85       30.3
      78.9      30.95
     82.94       31.4
     86.99      31.15
     91.03       30.6
     95.08      30.63
     99.13      30.87
     103.2      30.71
     107.2      30.74
     111.3      30.49
     115.3      30.74
     119.4      31.11
     123.4      31.29
     127.4      31.55
     131.5      31.85
     135.5      32.49
     139.6      32.83
     143.6      33.44
     147.7       33.5
     151.7      33.56
     155.8      34.22
     159.8      34.32
     163.9      34.46
     167.9      34.48
       172      34.48
       176      34.58
       180      34.45
     184.1      34.48
     188.1      34.81
     192.2      34.96
     196.2      34.95
     200.3      34.92
     204.3      35.02
     208.4      34.89
     212.4      34.89
     216.5      35.14
     220.5      35.07
     224.6      35.01
     228.6      35.16
     232.6      35.13
     236.7       35.1
     240.7      35.14
     244.8      35.35
     248.8      35.37
     252.9      35.19
     256.9      35.14
       261      35.21
       265      35.17
     269.1      35.33
     273.1      35.32
     277.1      35.47
     281.2      35.52
     285.2      35.52
     289.3      35.52
     293.3      35.51
     297.4      35.41
     301.4      35.42
     305.5      35.35
     309.5      35.51
     313.6      35.52
     317.6      35.52
     321.7      35.52
     325.7      35.52
     329.7      35.52
     333.8      35.52
     337.8      35.52
     341.9      35.52
     345.9      35.52
       350      35.52
