     2.023      17.93
     6.069      20.48
     10.11      20.98
     14.16      21.42
     18.21      21.73
     22.25       21.7
      26.3      21.57
     30.34      21.47
     34.39      21.71
     38.44      22.21
     42.48      22.37
     46.53      22.56
     50.57      22.76
     54.62      23.24
     58.67      23.63
     62.71      23.71
     66.76      23.92
      70.8      24.28
     74.85      24.28
      78.9      24.27
     82.94      24.38
     86.99      24.36
     91.03      24.04
     95.08      24.06
     99.13      24.48
     103.2      24.32
     107.2      24.35
     111.3      24.28
     115.3      24.22
     119.4      24.25
     123.4      23.35
     127.4       23.8
     131.5      24.27
     135.5      24.57
     139.6      24.72
     143.6      25.33
     147.7      25.25
     151.7      25.39
     155.8      25.99
     159.8       26.2
     163.9      26.21
     167.9      25.85
       172      25.89
       176      26.54
       180       26.3
     184.1       26.5
     188.1      26.92
     192.2      27.34
     196.2      27.26
     200.3      27.12
     204.3      27.41
     208.4      27.14
     212.4      26.97
     216.5      27.49
     220.5      27.33
     224.6      26.95
     228.6      28.33
     232.6      27.73
     236.7       27.9
     240.7      27.99
     244.8      29.43
     248.8      28.74
     252.9      28.32
     256.9      27.33
       261      26.79
       265      27.07
     269.1      28.71
     273.1      29.02
     277.1      31.21
     281.2      35.52
     285.2      35.52
     289.3      35.52
     293.3      35.38
     297.4      30.03
     301.4      30.74
     305.5      29.13
     309.5      33.72
     313.6      35.52
     317.6      35.52
     321.7      35.52
     325.7      35.52
     329.7      35.52
     333.8      35.52
     337.8      35.52
     341.9      35.52
     345.9      35.52
       350      35.52
