     6.065  5.848e+08
     10.11  9.332e+07
     14.15  3.769e+07
      18.2  2.287e+07
     22.24  1.341e+07
     26.28  8.081e+06
     30.33   6.46e+06
     34.37  3.872e+06
     38.41   2.29e+06
     42.46  1.429e+06
      46.5   1.14e+06
     50.54  1.244e+06
     54.59  8.412e+05
     58.63  7.582e+05
     62.67  7.884e+05
     66.72  6.429e+05
     70.76  7.359e+05
      74.8  6.946e+05
     78.85  6.391e+05
     82.89  4.531e+05
     86.93  3.053e+05
     90.98  2.022e+05
     95.02  2.194e+05
     99.06  1.676e+05
     103.1  2.168e+05
     107.1  1.343e+05
     111.2  1.236e+05
     115.2  1.105e+05
     119.3  1.733e+05
     123.3  1.482e+05
     127.4  1.162e+05
     131.4  3.138e+04
     135.5  4.721e+04
     139.5  3.489e+04
     143.5  4.972e+04
     147.6  2.319e+04
     151.6  1.856e+04
     155.7  1.319e+04
     159.7  1.275e+04
     163.8  2.933e+04
     167.8  2.105e+04
     171.8  1.194e+04
     175.9  2.425e+04
     179.9  1.186e+04
       184  1.575e+04
       188       7758
     192.1  2.478e+04
     196.1  5.024e+04
     200.1  9.249e+04
     204.2  5.381e+04
     208.2  2.633e+04
     212.3  2.232e+04
     216.3          0
     220.4       3280
     224.4       9207
     228.5  1.199e+04
     232.5       5977
     236.5       2979
     240.6       8546
     244.6       2814
     248.7       5415
     252.7          0
     256.8          0
     260.8          0
     264.8          0
     268.9          0
     272.9          0
       277          0
       281          0
     285.1          0
     289.1          0
     293.1          0
     297.2          0
     301.2          0
     305.3          0
     309.3          0
     313.4          0
     317.4          0
     321.4          0
     325.5          0
     329.5          0
     333.6          0
     337.6          0
     341.7          0
     345.7          0
     349.8          0
