     6.065  1.278e+09
     10.11  3.895e+08
     14.15  1.941e+08
      18.2  1.192e+08
     22.24  8.109e+07
     26.28  5.878e+07
     30.33   4.49e+07
     34.37  3.529e+07
     38.41  2.836e+07
     42.46  2.324e+07
      46.5  1.941e+07
     50.54  1.651e+07
     54.59  1.419e+07
     58.63  1.234e+07
     62.67  1.085e+07
     66.72  9.614e+06
     70.76    8.6e+06
      74.8  7.746e+06
     78.85  7.018e+06
     82.89  6.378e+06
     86.93  5.813e+06
     90.98  5.315e+06
     95.02  4.881e+06
     99.06  4.497e+06
     103.1  4.161e+06
     107.1  3.857e+06
     111.2  3.586e+06
     115.2  3.342e+06
     119.3  3.127e+06
     123.3  2.932e+06
     127.4  2.753e+06
     131.4  2.586e+06
     135.5  2.434e+06
     139.5  2.295e+06
     143.5  2.169e+06
     147.6  2.051e+06
     151.6  1.943e+06
     155.7  1.843e+06
     159.7   1.75e+06
     163.8  1.665e+06
     167.8  1.586e+06
     171.8  1.512e+06
     175.9  1.443e+06
     179.9  1.379e+06
       184  1.319e+06
       188  1.263e+06
     192.1  1.211e+06
     196.1  1.163e+06
     200.1  1.119e+06
     204.2  1.077e+06
     208.2  1.036e+06
     212.3  9.979e+05
     216.3  9.606e+05
     220.4  9.254e+05
     224.4  8.924e+05
     228.5  8.612e+05
     232.5  8.315e+05
     236.5  8.032e+05
     240.6  7.765e+05
     244.6  7.509e+05
     248.7  7.267e+05
     252.7  7.034e+05
     256.8  6.813e+05
     260.8  6.601e+05
     264.8    6.4e+05
     268.9  6.207e+05
     272.9  6.023e+05
       277  5.848e+05
       281  5.679e+05
     285.1  5.518e+05
     289.1  5.364e+05
     293.1  5.216e+05
     297.2  5.074e+05
     301.2  4.938e+05
     305.3  4.807e+05
     309.3  4.681e+05
     313.4   4.56e+05
     317.4  4.444e+05
     321.4  4.332e+05
     325.5  4.225e+05
     329.5  4.121e+05
     333.6  4.021e+05
     337.6  3.925e+05
     341.7  3.832e+05
     345.7  3.742e+05
     349.8  3.656e+05
