    0.7828  5.848e+08
     1.005  9.332e+07
     1.151  3.769e+07
      1.26  2.287e+07
     1.347  1.341e+07
      1.42  8.081e+06
     1.482   6.46e+06
     1.536  3.872e+06
     1.584   2.29e+06
     1.628  1.429e+06
     1.667   1.14e+06
     1.704  1.244e+06
     1.737  8.412e+05
     1.768  7.582e+05
     1.797  7.884e+05
     1.824  6.429e+05
      1.85  7.359e+05
     1.874  6.946e+05
     1.897  6.391e+05
     1.918  4.531e+05
     1.939  3.053e+05
     1.959  2.022e+05
     1.978  2.194e+05
     1.996  1.676e+05
     2.013  2.168e+05
      2.03  1.343e+05
     2.046  1.236e+05
     2.062  1.105e+05
     2.077  1.733e+05
     2.091  1.482e+05
     2.105  1.162e+05
     2.119  3.138e+04
     2.132  4.721e+04
     2.145  3.489e+04
     2.157  4.972e+04
     2.169  2.319e+04
     2.181  1.856e+04
     2.192  1.319e+04
     2.203  1.275e+04
     2.214  2.933e+04
     2.225  2.105e+04
     2.235  1.194e+04
     2.245  2.425e+04
     2.255  1.186e+04
     2.265  1.575e+04
     2.274       7758
     2.283  2.478e+04
     2.292  5.024e+04
     2.301  9.249e+04
      2.31  5.381e+04
     2.319  2.633e+04
     2.327  2.232e+04
     2.335          0
     2.343       3280
     2.351       9207
     2.359  1.199e+04
     2.366       5977
     2.374       2979
     2.381       8546
     2.388       2814
     2.396       5415
     2.403          0
      2.41          0
     2.416          0
     2.423          0
      2.43          0
     2.436          0
     2.442          0
     2.449          0
     2.455          0
     2.461          0
     2.467          0
     2.473          0
     2.479          0
     2.485          0
      2.49          0
     2.496          0
     2.502          0
     2.507          0
     2.513          0
     2.518          0
     2.523          0
     2.528          0
     2.534          0
     2.539          0
     2.544          0
