    0.7828  1.278e+09
     1.005  3.895e+08
     1.151  1.941e+08
      1.26  1.192e+08
     1.347  8.109e+07
      1.42  5.878e+07
     1.482   4.49e+07
     1.536  3.529e+07
     1.584  2.836e+07
     1.628  2.324e+07
     1.667  1.941e+07
     1.704  1.651e+07
     1.737  1.419e+07
     1.768  1.234e+07
     1.797  1.085e+07
     1.824  9.614e+06
      1.85    8.6e+06
     1.874  7.746e+06
     1.897  7.018e+06
     1.918  6.378e+06
     1.939  5.813e+06
     1.959  5.315e+06
     1.978  4.881e+06
     1.996  4.497e+06
     2.013  4.161e+06
      2.03  3.857e+06
     2.046  3.586e+06
     2.062  3.342e+06
     2.077  3.127e+06
     2.091  2.932e+06
     2.105  2.753e+06
     2.119  2.586e+06
     2.132  2.434e+06
     2.145  2.295e+06
     2.157  2.169e+06
     2.169  2.051e+06
     2.181  1.943e+06
     2.192  1.843e+06
     2.203   1.75e+06
     2.214  1.665e+06
     2.225  1.586e+06
     2.235  1.512e+06
     2.245  1.443e+06
     2.255  1.379e+06
     2.265  1.319e+06
     2.274  1.263e+06
     2.283  1.211e+06
     2.292  1.163e+06
     2.301  1.119e+06
      2.31  1.077e+06
     2.319  1.036e+06
     2.327  9.979e+05
     2.335  9.606e+05
     2.343  9.254e+05
     2.351  8.924e+05
     2.359  8.612e+05
     2.366  8.315e+05
     2.374  8.032e+05
     2.381  7.765e+05
     2.388  7.509e+05
     2.396  7.267e+05
     2.403  7.034e+05
      2.41  6.813e+05
     2.416  6.601e+05
     2.423    6.4e+05
      2.43  6.207e+05
     2.436  6.023e+05
     2.442  5.848e+05
     2.449  5.679e+05
     2.455  5.518e+05
     2.461  5.364e+05
     2.467  5.216e+05
     2.473  5.074e+05
     2.479  4.938e+05
     2.485  4.807e+05
      2.49  4.681e+05
     2.496   4.56e+05
     2.502  4.444e+05
     2.507  4.332e+05
     2.513  4.225e+05
     2.518  4.121e+05
     2.523  4.021e+05
     2.528  3.925e+05
     2.534  3.832e+05
     2.539  3.742e+05
     2.544  3.656e+05
