     2.022  8.013e+10
     6.065  1.477e+11
     10.11  1.801e+11
     14.15  2.018e+11
      18.2  2.203e+11
     22.24  2.343e+11
     26.28  2.446e+11
     30.33  2.543e+11
     34.37   2.61e+11
     38.41  2.655e+11
     42.46  2.686e+11
      46.5  2.714e+11
     50.54  2.747e+11
     54.59  2.771e+11
     58.63  2.795e+11
     62.67  2.821e+11
     66.72  2.844e+11
     70.76  2.872e+11
      74.8    2.9e+11
     78.85  2.928e+11
     82.89  2.948e+11
     86.93  2.963e+11
     90.98  2.973e+11
     95.02  2.984e+11
     99.06  2.993e+11
     103.1  3.005e+11
     107.1  3.013e+11
     111.2  3.021e+11
     115.2  3.028e+11
     119.3  3.039e+11
     123.3  3.049e+11
     127.4  3.058e+11
     131.4   3.06e+11
     135.5  3.063e+11
     139.5  3.066e+11
     143.5   3.07e+11
     147.6  3.072e+11
     151.6  3.074e+11
     155.7  3.075e+11
     159.7  3.076e+11
     163.8  3.079e+11
     167.8  3.081e+11
     171.8  3.082e+11
     175.9  3.084e+11
     179.9  3.085e+11
       184  3.087e+11
       188  3.088e+11
     192.1   3.09e+11
     196.1  3.096e+11
     200.1  3.106e+11
     204.2  3.112e+11
     208.2  3.115e+11
     212.3  3.118e+11
     216.3  3.118e+11
     220.4  3.119e+11
     224.4   3.12e+11
     228.5  3.121e+11
     232.5  3.122e+11
     236.5  3.122e+11
     240.6  3.124e+11
     244.6  3.124e+11
     248.7  3.125e+11
     252.7  3.125e+11
     256.8  3.125e+11
     260.8  3.125e+11
     264.8  3.125e+11
     268.9  3.125e+11
     272.9  3.125e+11
       277  3.125e+11
       281  3.125e+11
     285.1  3.125e+11
     289.1  3.125e+11
     293.1  3.125e+11
     297.2  3.125e+11
     301.2  3.125e+11
     305.3  3.125e+11
     309.3  3.125e+11
     313.4  3.125e+11
     317.4  3.125e+11
     321.4  3.125e+11
     325.5  3.125e+11
     329.5  3.125e+11
     333.6  3.125e+11
     337.6  3.125e+11
     341.7  3.125e+11
     345.7  3.125e+11
     349.8  3.125e+11
