     2.022      17.62
     6.065      19.41
     10.11      20.53
     14.15      21.23
      18.2      21.81
     22.24       22.7
     26.28      23.16
     30.33      23.98
     34.37      25.21
     38.41      26.57
     42.46      27.47
      46.5      28.77
     50.54      28.97
     54.59      30.52
     58.63      31.12
     62.67      31.34
     66.72      30.89
     70.76      31.64
      74.8      32.18
     78.85      31.99
     82.89      32.01
     86.93      32.48
     90.98       32.7
     95.02      32.78
     99.06      33.19
     103.1      33.54
     107.1       33.6
     111.2      33.88
     115.2      33.59
     119.3      34.17
     123.3      34.19
     127.4      34.51
     131.4      34.89
     135.5      34.91
     139.5      34.89
     143.5      34.95
     147.6      35.17
     151.6      35.17
     155.7      35.24
     159.7      35.19
     163.8       35.1
     167.8      35.28
     171.8      35.11
     175.9      35.29
     179.9       35.3
       184      35.24
       188       35.3
     192.1      35.04
     196.1      35.14
     200.1      35.12
     204.2       35.2
     208.2      35.22
     212.3      35.33
     216.3      35.47
     220.4      35.46
     224.4      35.33
     228.5      35.34
     232.5       35.4
     236.5      35.38
     240.6      35.39
     244.6      35.47
     248.7      35.44
     252.7      35.52
     256.8      35.52
     260.8      35.52
     264.8      35.52
     268.9      35.52
     272.9      35.52
       277      35.52
       281      35.52
     285.1      35.52
     289.1      35.52
     293.1      35.52
     297.2      35.52
     301.2      35.52
     305.3      35.52
     309.3      35.52
     313.4      35.52
     317.4      35.52
     321.4      35.52
     325.5      35.52
     329.5      35.52
     333.6      35.52
     337.6      35.52
     341.7      35.52
     345.7      35.52
     349.8      35.52
