     2.022  1.896e-16
     6.065  3.099e-17
     10.11  1.164e-17
     14.15  6.208e-18
      18.2  4.088e-18
     22.24  2.484e-18
     26.28  2.028e-18
     30.33  1.471e-18
     34.37  1.018e-18
     38.41  7.077e-19
     42.46  4.876e-19
      46.5  4.382e-19
     50.54  4.062e-19
     54.59  2.881e-19
     58.63  3.731e-19
     62.67  3.514e-19
     66.72  2.359e-19
     70.76  3.405e-19
      74.8  3.153e-19
     78.85  2.734e-19
     82.89   1.72e-19
     86.93  1.007e-19
     90.98  8.163e-20
     95.02  6.815e-20
     99.06  7.429e-20
     103.1  8.179e-20
     107.1  5.185e-20
     111.2  3.692e-20
     115.2  6.803e-20
     119.3  8.723e-20
     123.3  4.674e-20
     127.4  2.702e-20
     131.4  1.116e-20
     135.5  1.494e-20
     139.5  1.648e-20
     143.5   1.48e-20
     147.6    5.6e-21
     151.6  5.988e-21
     155.7  3.849e-21
     159.7   5.33e-21
     163.8  1.267e-20
     167.8   4.39e-21
     171.8  7.979e-21
     175.9  4.669e-21
     179.9  4.263e-21
       184  9.189e-21
       188  3.343e-21
     192.1  1.598e-20
     196.1  2.378e-20
     200.1  2.531e-20
     204.2  8.924e-21
     208.2  8.144e-21
     212.3  4.105e-21
     216.3  1.007e-21
     220.4  1.495e-21
     224.4  3.306e-21
     228.5  3.534e-21
     232.5  2.069e-21
     236.5  1.744e-21
     240.6  2.331e-21
     244.6  3.828e-22
     248.7  1.334e-21
     252.7      1e-23
     256.8      1e-23
     260.8      1e-23
     264.8      1e-23
     268.9      1e-23
     272.9      1e-23
       277      1e-23
       281      1e-23
     285.1      1e-23
     289.1      1e-23
     293.1      1e-23
     297.2      1e-23
     301.2      1e-23
     305.3      1e-23
     309.3      1e-23
     313.4      1e-23
     317.4      1e-23
     321.4      1e-23
     325.5      1e-23
     329.5      1e-23
     333.6      1e-23
     337.6      1e-23
     341.7      1e-23
     345.7      1e-23
     349.8      1e-23
