     2.022      17.32
     6.065      19.29
     10.11      20.35
     14.15      21.03
      18.2      21.49
     22.24      22.03
     26.28      22.25
     30.33       22.6
     34.37         23
     38.41      23.39
     42.46       23.8
      46.5      23.91
     50.54      23.99
     54.59      24.37
     58.63      24.09
     62.67      24.15
     66.72      24.58
     70.76      24.19
      74.8      24.27
     78.85      24.42
     82.89      24.93
     86.93      25.51
     90.98      25.74
     95.02      25.93
     99.06      25.84
     103.1      25.73
     107.1      26.23
     111.2       26.6
     115.2      25.93
     119.3      25.66
     123.3      26.34
     127.4      26.94
     131.4       27.9
     135.5      27.58
     139.5      27.47
     143.5      27.59
     147.6      28.65
     151.6      28.57
     155.7      29.05
     159.7       28.7
     163.8      27.76
     167.8      28.91
     171.8      28.26
     175.9      28.84
     179.9      28.94
       184      28.11
       188      29.21
     192.1      27.51
     196.1      27.08
     200.1      27.01
     204.2      28.14
     208.2      28.24
     212.3      28.98
     216.3      30.51
     220.4      30.08
     224.4      29.22
     228.5      29.15
     232.5      29.73
     236.5      29.91
     240.6       29.6
     244.6      31.56
     248.7       30.2
     252.7      35.52
     256.8      35.52
     260.8      35.52
     264.8      35.52
     268.9      35.52
     272.9      35.52
       277      35.52
       281      35.52
     285.1      35.52
     289.1      35.52
     293.1      35.52
     297.2      35.52
     301.2      35.52
     305.3      35.52
     309.3      35.52
     313.4      35.52
     317.4      35.52
     321.4      35.52
     325.5      35.52
     329.5      35.52
     333.6      35.52
     337.6      35.52
     341.7      35.52
     345.7      35.52
     349.8      35.52
