     6.002  1.251e+09
        10   3.93e+08
     14.01  2.291e+08
     18.01  1.459e+08
     22.01  9.563e+07
     26.01  6.856e+07
     30.01  4.911e+07
     34.01  3.711e+07
     38.02  3.152e+07
     42.02  2.571e+07
     46.02   2.23e+07
     50.02  2.087e+07
     54.02  1.786e+07
     58.02  1.427e+07
     62.02  1.242e+07
     66.03  1.235e+07
     70.03  1.136e+07
     74.03  9.429e+06
     78.03  7.987e+06
     82.03  7.096e+06
     86.03  7.134e+06
     90.04  7.034e+06
     94.04  5.854e+06
     98.04  5.084e+06
       102  4.814e+06
       106  4.777e+06
       110  4.192e+06
       114  3.966e+06
       118  3.588e+06
       122  3.477e+06
       126  3.265e+06
     130.1  3.172e+06
     134.1  3.228e+06
     138.1  2.895e+06
     142.1  2.809e+06
     146.1  2.522e+06
     150.1  2.938e+06
     154.1  2.643e+06
     158.1  2.376e+06
     162.1  2.252e+06
     166.1  2.438e+06
     170.1  2.768e+06
     174.1  2.768e+06
     178.1   2.46e+06
     182.1  2.141e+06
     186.1  1.956e+06
     190.1  1.826e+06
     194.1  1.499e+06
     198.1  1.539e+06
     202.1  1.265e+06
     206.1  1.321e+06
     210.1   1.25e+06
     214.1  1.162e+06
     218.1  1.219e+06
     222.1  1.402e+06
     226.1  1.355e+06
     230.1  1.026e+06
     234.1  9.411e+05
     238.1  1.005e+06
     242.1  8.322e+05
     246.1  8.849e+05
     250.1  9.716e+05
     254.1  8.506e+05
     258.1  5.186e+05
     262.1    4.1e+05
     266.1  3.041e+05
     270.1   2.63e+05
     274.1  2.101e+05
     278.1  2.856e+05
     282.1  1.846e+05
     286.1  1.134e+05
     290.1  1.081e+05
     294.1  9.206e+04
     298.1  7.538e+04
     302.1   5.28e+04
     306.1  6.217e+04
     310.1  2.991e+04
     314.1  2.275e+04
     318.1  2.481e+04
     322.1   2.84e+04
     326.1  2.439e+04
     330.1  2.362e+04
     334.1  1.768e+04
     338.1  1.452e+04
     342.1       1912
     346.1       6442
     350.1          0
