     6.002  1.641e+09
        10   7.05e+08
     14.01  4.407e+08
     18.01  3.117e+08
     22.01  2.339e+08
     26.01  1.834e+08
     30.01  1.478e+08
     34.01  1.218e+08
     38.02  1.029e+08
     42.02  8.822e+07
     46.02  7.678e+07
     50.02  6.785e+07
     54.02  6.045e+07
     58.02  5.409e+07
     62.02  4.872e+07
     66.03  4.432e+07
     70.03  4.055e+07
     74.03  3.719e+07
     78.03   3.42e+07
     82.03  3.156e+07
     86.03  2.928e+07
     90.04  2.731e+07
     94.04  2.548e+07
     98.04  2.382e+07
       102  2.233e+07
       106    2.1e+07
       110  1.978e+07
       114  1.867e+07
       118  1.765e+07
       122  1.672e+07
       126  1.587e+07
     130.1  1.509e+07
     134.1  1.438e+07
     138.1  1.371e+07
     142.1   1.31e+07
     146.1  1.252e+07
     150.1  1.201e+07
     154.1  1.152e+07
     158.1  1.106e+07
     162.1  1.062e+07
     166.1  1.023e+07
     170.1  9.878e+06
     174.1  9.551e+06
     178.1  9.233e+06
     182.1  8.921e+06
     186.1  8.622e+06
     190.1  8.335e+06
     194.1  8.054e+06
     198.1   7.79e+06
     202.1  7.532e+06
     206.1  7.291e+06
     210.1  7.061e+06
     214.1   6.84e+06
     218.1  6.634e+06
     222.1  6.445e+06
     226.1  6.265e+06
     230.1  6.083e+06
     234.1  5.907e+06
     238.1  5.743e+06
     242.1   5.58e+06
     246.1  5.428e+06
     250.1  5.285e+06
     254.1  5.145e+06
     258.1  5.002e+06
     262.1  4.862e+06
     266.1  4.725e+06
     270.1  4.592e+06
     274.1  4.464e+06
     278.1  4.344e+06
     282.1  4.226e+06
     286.1  4.111e+06
     290.1  4.001e+06
     294.1  3.894e+06
     298.1  3.792e+06
     302.1  3.693e+06
     306.1  3.598e+06
     310.1  3.506e+06
     314.1  3.417e+06
     318.1  3.332e+06
     322.1   3.25e+06
     326.1  3.171e+06
     330.1  3.094e+06
     334.1  3.021e+06
     338.1  2.949e+06
     342.1   2.88e+06
     346.1  2.814e+06
     350.1   2.75e+06
