    0.7783  1.251e+09
         1   3.93e+08
     1.146  2.291e+08
     1.255  1.459e+08
     1.343  9.563e+07
     1.415  6.856e+07
     1.477  4.911e+07
     1.532  3.711e+07
      1.58  3.152e+07
     1.623  2.571e+07
     1.663   2.23e+07
     1.699  2.087e+07
     1.733  1.786e+07
     1.764  1.427e+07
     1.793  1.242e+07
      1.82  1.235e+07
     1.845  1.136e+07
     1.869  9.429e+06
     1.892  7.987e+06
     1.914  7.096e+06
     1.935  7.134e+06
     1.954  7.034e+06
     1.973  5.854e+06
     1.991  5.084e+06
     2.009  4.814e+06
     2.025  4.777e+06
     2.042  4.192e+06
     2.057  3.966e+06
     2.072  3.588e+06
     2.087  3.477e+06
     2.101  3.265e+06
     2.114  3.172e+06
     2.127  3.228e+06
      2.14  2.895e+06
     2.152  2.809e+06
     2.165  2.522e+06
     2.176  2.938e+06
     2.188  2.643e+06
     2.199  2.376e+06
      2.21  2.252e+06
      2.22  2.438e+06
     2.231  2.768e+06
     2.241  2.768e+06
     2.251   2.46e+06
      2.26  2.141e+06
      2.27  1.956e+06
     2.279  1.826e+06
     2.288  1.499e+06
     2.297  1.539e+06
     2.306  1.265e+06
     2.314  1.321e+06
     2.322   1.25e+06
     2.331  1.162e+06
     2.339  1.219e+06
     2.347  1.402e+06
     2.354  1.355e+06
     2.362  1.026e+06
     2.369  9.411e+05
     2.377  1.005e+06
     2.384  8.322e+05
     2.391  8.849e+05
     2.398  9.716e+05
     2.405  8.506e+05
     2.412  5.186e+05
     2.418    4.1e+05
     2.425  3.041e+05
     2.432   2.63e+05
     2.438  2.101e+05
     2.444  2.856e+05
      2.45  1.846e+05
     2.457  1.134e+05
     2.463  1.081e+05
     2.469  9.206e+04
     2.474  7.538e+04
      2.48   5.28e+04
     2.486  6.217e+04
     2.492  2.991e+04
     2.497  2.275e+04
     2.503  2.481e+04
     2.508   2.84e+04
     2.513  2.439e+04
     2.519  2.362e+04
     2.524  1.768e+04
     2.529  1.452e+04
     2.534       1912
     2.539       6442
     2.544          0
