    0.7783  1.641e+09
         1   7.05e+08
     1.146  4.407e+08
     1.255  3.117e+08
     1.343  2.339e+08
     1.415  1.834e+08
     1.477  1.478e+08
     1.532  1.218e+08
      1.58  1.029e+08
     1.623  8.822e+07
     1.663  7.678e+07
     1.699  6.785e+07
     1.733  6.045e+07
     1.764  5.409e+07
     1.793  4.872e+07
      1.82  4.432e+07
     1.845  4.055e+07
     1.869  3.719e+07
     1.892   3.42e+07
     1.914  3.156e+07
     1.935  2.928e+07
     1.954  2.731e+07
     1.973  2.548e+07
     1.991  2.382e+07
     2.009  2.233e+07
     2.025    2.1e+07
     2.042  1.978e+07
     2.057  1.867e+07
     2.072  1.765e+07
     2.087  1.672e+07
     2.101  1.587e+07
     2.114  1.509e+07
     2.127  1.438e+07
      2.14  1.371e+07
     2.152   1.31e+07
     2.165  1.252e+07
     2.176  1.201e+07
     2.188  1.152e+07
     2.199  1.106e+07
      2.21  1.062e+07
      2.22  1.023e+07
     2.231  9.878e+06
     2.241  9.551e+06
     2.251  9.233e+06
      2.26  8.921e+06
      2.27  8.622e+06
     2.279  8.335e+06
     2.288  8.054e+06
     2.297   7.79e+06
     2.306  7.532e+06
     2.314  7.291e+06
     2.322  7.061e+06
     2.331   6.84e+06
     2.339  6.634e+06
     2.347  6.445e+06
     2.354  6.265e+06
     2.362  6.083e+06
     2.369  5.907e+06
     2.377  5.743e+06
     2.384   5.58e+06
     2.391  5.428e+06
     2.398  5.285e+06
     2.405  5.145e+06
     2.412  5.002e+06
     2.418  4.862e+06
     2.425  4.725e+06
     2.432  4.592e+06
     2.438  4.464e+06
     2.444  4.344e+06
      2.45  4.226e+06
     2.457  4.111e+06
     2.463  4.001e+06
     2.469  3.894e+06
     2.474  3.792e+06
      2.48  3.693e+06
     2.486  3.598e+06
     2.492  3.506e+06
     2.497  3.417e+06
     2.503  3.332e+06
     2.508   3.25e+06
     2.513  3.171e+06
     2.519  3.094e+06
     2.524  3.021e+06
     2.529  2.949e+06
     2.534   2.88e+06
     2.539  2.814e+06
     2.544   2.75e+06
