     2.001      18.09
     6.002      19.36
        10      19.79
     14.01      20.18
     18.01      20.49
     22.01      20.78
     26.01      21.13
     30.01      21.41
     34.01      21.71
     38.02      21.91
     42.02      22.18
     46.02      22.24
     50.02      22.38
     54.02      22.38
     58.02      22.59
     62.02      22.58
     66.03       22.7
     70.03         23
     74.03      23.01
     78.03       23.2
     82.03      23.07
     86.03      23.15
     90.04      23.27
     94.04      23.58
     98.04      23.91
       102      24.01
       106      24.02
       110      24.35
       114      24.37
       118      24.38
       122      24.56
       126      24.78
     130.1      24.88
     134.1      24.78
     138.1      25.13
     142.1         25
     146.1      25.24
     150.1      25.41
     154.1      25.61
     158.1      25.88
     162.1      26.05
     166.1         26
     170.1      26.04
     174.1      26.01
     178.1      26.31
     182.1       26.4
     186.1       26.4
     190.1      26.75
     194.1      26.84
     198.1      27.07
     202.1      27.41
     206.1      27.29
     210.1      27.43
     214.1      27.89
     218.1      27.62
     222.1      27.53
     226.1      28.21
     230.1       28.2
     234.1       28.3
     238.1      28.69
     242.1      28.66
     246.1      28.96
     250.1      28.62
     254.1      28.71
     258.1      29.21
     262.1      29.91
     266.1      30.23
     270.1      30.75
     274.1      30.74
     278.1      30.48
     282.1      31.11
     286.1      31.17
     290.1      31.26
     294.1      31.82
     298.1      32.08
     302.1      32.41
     306.1      32.49
     310.1      33.39
     314.1      33.54
     318.1      33.26
     322.1      33.12
     326.1      31.79
     330.1      32.32
     334.1      32.22
     338.1      33.42
     342.1      33.81
     346.1      34.09
     350.1      35.52
