     6.002  5.452e+08
        10  2.265e+08
     14.01  1.414e+08
     18.01  1.043e+08
     22.01  8.376e+07
     26.01  7.071e+07
     30.01  6.148e+07
     34.01  5.463e+07
     38.02  4.925e+07
     42.02  4.457e+07
     46.02  4.057e+07
     50.02  3.708e+07
     54.02  3.428e+07
     58.02  3.177e+07
     62.02  2.959e+07
     66.03  2.771e+07
     70.03  2.602e+07
     74.03  2.435e+07
     78.03  2.285e+07
     82.03   2.14e+07
     86.03      2e+07
     90.04  1.868e+07
     94.04  1.748e+07
     98.04  1.641e+07
       102  1.548e+07
       106  1.462e+07
       110  1.383e+07
       114  1.309e+07
       118  1.243e+07
       122  1.183e+07
       126  1.128e+07
     130.1  1.075e+07
     134.1  1.027e+07
     138.1  9.827e+06
     142.1  9.413e+06
     146.1  9.036e+06
     150.1  8.686e+06
     154.1  8.343e+06
     158.1  8.042e+06
     162.1  7.781e+06
     166.1  7.519e+06
     170.1  7.266e+06
     174.1  7.029e+06
     178.1  6.808e+06
     182.1  6.599e+06
     186.1  6.403e+06
     190.1  6.209e+06
     194.1  6.023e+06
     198.1  5.842e+06
     202.1  5.669e+06
     206.1    5.5e+06
     210.1  5.347e+06
     214.1  5.201e+06
     218.1  5.062e+06
     222.1  4.924e+06
     226.1  4.794e+06
     230.1  4.665e+06
     234.1   4.54e+06
     238.1  4.419e+06
     242.1  4.302e+06
     246.1   4.19e+06
     250.1  4.085e+06
     254.1  3.977e+06
     258.1  3.869e+06
     262.1  3.764e+06
     266.1   3.66e+06
     270.1  3.563e+06
     274.1  3.468e+06
     278.1  3.375e+06
     282.1  3.286e+06
     286.1  3.199e+06
     290.1  3.114e+06
     294.1  3.034e+06
     298.1  2.956e+06
     302.1   2.88e+06
     306.1  2.807e+06
     310.1  2.736e+06
     314.1  2.668e+06
     318.1  2.602e+06
     322.1  2.539e+06
     326.1  2.477e+06
     330.1  2.418e+06
     334.1  2.361e+06
     338.1  2.306e+06
     342.1  2.252e+06
     346.1    2.2e+06
     350.1   2.15e+06
