     6.002  4.264e+08
        10  1.202e+08
     14.01  7.327e+07
     18.01  5.666e+07
     22.01  4.722e+07
     26.01  4.105e+07
     30.01  3.591e+07
     34.01  3.225e+07
     38.02    2.9e+07
     42.02  2.463e+07
     46.02  2.152e+07
     50.02  1.874e+07
     54.02  1.816e+07
     58.02  1.601e+07
     62.02  1.492e+07
     66.03  1.403e+07
     70.03  1.288e+07
     74.03  1.063e+07
     78.03  9.658e+06
     82.03  7.957e+06
     86.03  6.404e+06
     90.04  5.083e+06
     94.04  4.595e+06
     98.04  4.341e+06
       102   4.55e+06
       106  4.118e+06
       110  3.748e+06
       114  3.355e+06
       118  3.242e+06
       122  3.307e+06
       126  3.102e+06
     130.1  2.801e+06
     134.1  2.623e+06
     138.1  2.654e+06
     142.1  2.471e+06
     146.1  2.533e+06
     150.1  2.473e+06
     154.1   2.09e+06
     158.1  2.389e+06
     162.1  2.753e+06
     166.1  2.348e+06
     170.1  2.143e+06
     174.1  2.109e+06
     178.1  2.117e+06
     182.1  2.052e+06
     186.1  2.029e+06
     190.1  1.806e+06
     194.1  1.697e+06
     198.1  1.552e+06
     202.1   1.47e+06
     206.1   1.32e+06
     210.1  1.483e+06
     214.1  1.428e+06
     218.1  1.421e+06
     222.1  1.239e+06
     226.1  1.234e+06
     230.1  1.095e+06
     234.1   9.93e+05
     238.1  9.543e+05
     242.1  8.703e+05
     246.1  8.816e+05
     250.1  8.995e+05
     254.1  6.634e+05
     258.1  4.788e+05
     262.1   4.27e+05
     266.1  3.029e+05
     270.1  4.049e+05
     274.1  3.098e+05
     278.1  2.391e+05
     282.1  2.134e+05
     286.1  1.864e+05
     290.1  1.306e+05
     294.1  1.444e+05
     298.1  1.457e+05
     302.1   9.34e+04
     306.1  7.366e+04
     310.1   7.39e+04
     314.1  4.805e+04
     318.1  3.391e+04
     322.1  6.361e+04
     326.1  4.935e+04
     330.1  2.504e+04
     334.1   2.96e+04
     338.1  3.349e+04
     342.1  1.592e+04
     346.1  1.386e+04
     350.1       4005
