    0.7783  5.452e+08
         1  2.265e+08
     1.146  1.414e+08
     1.255  1.043e+08
     1.343  8.376e+07
     1.415  7.071e+07
     1.477  6.148e+07
     1.532  5.463e+07
      1.58  4.925e+07
     1.623  4.457e+07
     1.663  4.057e+07
     1.699  3.708e+07
     1.733  3.428e+07
     1.764  3.177e+07
     1.793  2.959e+07
      1.82  2.771e+07
     1.845  2.602e+07
     1.869  2.435e+07
     1.892  2.285e+07
     1.914   2.14e+07
     1.935      2e+07
     1.954  1.868e+07
     1.973  1.748e+07
     1.991  1.641e+07
     2.009  1.548e+07
     2.025  1.462e+07
     2.042  1.383e+07
     2.057  1.309e+07
     2.072  1.243e+07
     2.087  1.183e+07
     2.101  1.128e+07
     2.114  1.075e+07
     2.127  1.027e+07
      2.14  9.827e+06
     2.152  9.413e+06
     2.165  9.036e+06
     2.176  8.686e+06
     2.188  8.343e+06
     2.199  8.042e+06
      2.21  7.781e+06
      2.22  7.519e+06
     2.231  7.266e+06
     2.241  7.029e+06
     2.251  6.808e+06
      2.26  6.599e+06
      2.27  6.403e+06
     2.279  6.209e+06
     2.288  6.023e+06
     2.297  5.842e+06
     2.306  5.669e+06
     2.314    5.5e+06
     2.322  5.347e+06
     2.331  5.201e+06
     2.339  5.062e+06
     2.347  4.924e+06
     2.354  4.794e+06
     2.362  4.665e+06
     2.369   4.54e+06
     2.377  4.419e+06
     2.384  4.302e+06
     2.391   4.19e+06
     2.398  4.085e+06
     2.405  3.977e+06
     2.412  3.869e+06
     2.418  3.764e+06
     2.425   3.66e+06
     2.432  3.563e+06
     2.438  3.468e+06
     2.444  3.375e+06
      2.45  3.286e+06
     2.457  3.199e+06
     2.463  3.114e+06
     2.469  3.034e+06
     2.474  2.956e+06
      2.48   2.88e+06
     2.486  2.807e+06
     2.492  2.736e+06
     2.497  2.668e+06
     2.503  2.602e+06
     2.508  2.539e+06
     2.513  2.477e+06
     2.519  2.418e+06
     2.524  2.361e+06
     2.529  2.306e+06
     2.534  2.252e+06
     2.539    2.2e+06
     2.544   2.15e+06
