    0.7783  4.264e+08
         1  1.202e+08
     1.146  7.327e+07
     1.255  5.666e+07
     1.343  4.722e+07
     1.415  4.105e+07
     1.477  3.591e+07
     1.532  3.225e+07
      1.58    2.9e+07
     1.623  2.463e+07
     1.663  2.152e+07
     1.699  1.874e+07
     1.733  1.816e+07
     1.764  1.601e+07
     1.793  1.492e+07
      1.82  1.403e+07
     1.845  1.288e+07
     1.869  1.063e+07
     1.892  9.658e+06
     1.914  7.957e+06
     1.935  6.404e+06
     1.954  5.083e+06
     1.973  4.595e+06
     1.991  4.341e+06
     2.009   4.55e+06
     2.025  4.118e+06
     2.042  3.748e+06
     2.057  3.355e+06
     2.072  3.242e+06
     2.087  3.307e+06
     2.101  3.102e+06
     2.114  2.801e+06
     2.127  2.623e+06
      2.14  2.654e+06
     2.152  2.471e+06
     2.165  2.533e+06
     2.176  2.473e+06
     2.188   2.09e+06
     2.199  2.389e+06
      2.21  2.753e+06
      2.22  2.348e+06
     2.231  2.143e+06
     2.241  2.109e+06
     2.251  2.117e+06
      2.26  2.052e+06
      2.27  2.029e+06
     2.279  1.806e+06
     2.288  1.697e+06
     2.297  1.552e+06
     2.306   1.47e+06
     2.314   1.32e+06
     2.322  1.483e+06
     2.331  1.428e+06
     2.339  1.421e+06
     2.347  1.239e+06
     2.354  1.234e+06
     2.362  1.095e+06
     2.369   9.93e+05
     2.377  9.543e+05
     2.384  8.703e+05
     2.391  8.816e+05
     2.398  8.995e+05
     2.405  6.634e+05
     2.412  4.788e+05
     2.418   4.27e+05
     2.425  3.029e+05
     2.432  4.049e+05
     2.438  3.098e+05
     2.444  2.391e+05
      2.45  2.134e+05
     2.457  1.864e+05
     2.463  1.306e+05
     2.469  1.444e+05
     2.474  1.457e+05
      2.48   9.34e+04
     2.486  7.366e+04
     2.492   7.39e+04
     2.497  4.805e+04
     2.503  3.391e+04
     2.508  6.361e+04
     2.513  4.935e+04
     2.519  2.504e+04
     2.524   2.96e+04
     2.529  3.349e+04
     2.534  1.592e+04
     2.539  1.386e+04
     2.544       4005
