     2.001      19.31
     6.002      20.18
        10      20.84
     14.01      21.24
     18.01      21.47
     22.01      21.68
     26.01      21.85
     30.01      21.99
     34.01       22.1
     38.02      22.26
     42.02      22.44
     46.02      22.57
     50.02      22.64
     54.02      22.87
     58.02      22.96
     62.02      23.01
     66.03      23.08
     70.03      23.17
     74.03      23.51
     78.03      23.62
     82.03      23.85
     86.03      24.16
     90.04       24.3
     94.04      24.41
     98.04      24.51
       102      24.43
       106      24.61
       110       24.9
       114      24.99
       118      25.09
       122      25.11
       126      25.21
     130.1      25.62
     134.1      25.49
     138.1      25.72
     142.1      25.74
     146.1      25.85
     150.1      26.02
     154.1      25.89
     158.1      25.89
     162.1      25.97
     166.1      25.88
     170.1      26.28
     174.1      26.23
     178.1      26.06
     182.1      26.15
     186.1      26.26
     190.1       26.6
     194.1      26.88
     198.1      26.92
     202.1      27.02
     206.1       26.9
     210.1      27.38
     214.1      27.24
     218.1      27.43
     222.1      27.61
     226.1      27.91
     230.1      28.16
     234.1      28.13
     238.1      28.44
     242.1      28.94
     246.1       28.8
     250.1         29
     254.1      29.25
     258.1      29.64
     262.1      29.82
     266.1      29.93
     270.1      29.59
     274.1      29.87
     278.1      30.13
     282.1       30.2
     286.1      30.66
     290.1      30.86
     294.1      30.34
     298.1      30.92
     302.1      31.29
     306.1      31.81
     310.1      31.11
     314.1      32.12
     318.1      31.12
     322.1      30.35
     326.1      31.89
     330.1       31.7
     334.1      31.34
     338.1      31.03
     342.1      32.57
     346.1      32.37
     350.1      31.44
