     6.002   5.97e+08
        10   2.36e+08
        14  9.488e+07
     18.01  5.699e+07
     22.01  4.998e+07
     26.01  3.548e+07
     30.01  2.988e+07
     34.01  2.596e+07
     38.01  2.067e+07
     42.01  1.609e+07
     46.02  1.426e+07
     50.02  1.079e+07
     54.02  9.246e+06
     58.02   7.89e+06
     62.02  6.259e+06
     66.02  5.649e+06
     70.02  5.436e+06
     74.03  4.705e+06
     78.03  4.936e+06
     82.03   4.33e+06
     86.03  4.575e+06
     90.03  4.287e+06
     94.03  3.914e+06
     98.03   3.67e+06
       102  3.416e+06
       106  3.344e+06
       110  3.172e+06
       114  3.377e+06
       118  3.743e+06
       122  3.138e+06
       126  2.328e+06
       130  2.291e+06
       134  2.217e+06
       138  1.851e+06
     142.1  1.776e+06
     146.1  1.719e+06
     150.1  1.573e+06
     154.1  1.916e+06
     158.1  1.508e+06
     162.1  1.279e+06
     166.1  1.287e+06
     170.1  1.125e+06
     174.1  7.812e+05
     178.1  5.912e+05
     182.1  5.757e+05
     186.1  5.245e+05
     190.1  5.553e+05
     194.1  5.073e+05
     198.1  4.744e+05
     202.1  4.649e+05
     206.1  4.198e+05
     210.1   5.14e+05
     214.1  5.127e+05
     218.1  4.718e+05
     222.1  4.768e+05
     226.1  2.837e+05
     230.1  3.063e+05
     234.1  2.873e+05
     238.1  3.632e+05
     242.1  3.238e+05
     246.1  2.539e+05
     250.1  2.197e+05
     254.1  2.607e+05
     258.1   3.97e+05
     262.1  2.614e+05
     266.1  2.584e+05
     270.1   2.37e+05
     274.1  1.647e+05
     278.1  1.341e+05
     282.1  1.061e+05
     286.1  8.595e+04
     290.1  8.564e+04
     294.1  9.479e+04
     298.1  9.928e+04
     302.1  7.995e+04
     306.1  5.695e+04
     310.1  5.983e+04
     314.1   6.52e+04
     318.1  4.854e+04
     322.1  6.285e+04
     326.1  3.509e+04
     330.1  3.929e+04
     334.1  2.781e+04
     338.1  1.407e+04
     342.1  2.692e+04
     346.1  1.063e+04
     350.1       1967
