     6.002  8.728e+08
        10  3.952e+08
        14  2.284e+08
     18.01  1.534e+08
     22.01  1.162e+08
     26.01  9.151e+07
     30.01  7.516e+07
     34.01  6.363e+07
     38.01  5.461e+07
     42.01  4.729e+07
     46.02  4.156e+07
     50.02  3.664e+07
     54.02  3.259e+07
     58.02  2.919e+07
     62.02  2.623e+07
     66.02  2.374e+07
     70.02  2.165e+07
     74.03  1.982e+07
     78.03  1.829e+07
     82.03  1.693e+07
     86.03  1.578e+07
     90.03  1.476e+07
     94.03  1.384e+07
     98.03  1.301e+07
       102  1.226e+07
       106  1.158e+07
       110  1.097e+07
       114  1.044e+07
       118  9.986e+06
       122  9.538e+06
       126   9.08e+06
       130  8.662e+06
       134  8.277e+06
       138  7.905e+06
     142.1   7.56e+06
     146.1   7.24e+06
     150.1  6.938e+06
     154.1  6.677e+06
     158.1  6.415e+06
     162.1  6.161e+06
     166.1  5.927e+06
     170.1  5.701e+06
     174.1  5.475e+06
     178.1  5.255e+06
     182.1  5.049e+06
     186.1  4.855e+06
     190.1  4.674e+06
     194.1  4.502e+06
     198.1  4.339e+06
     202.1  4.186e+06
     206.1   4.04e+06
     210.1  3.905e+06
     214.1  3.779e+06
     218.1  3.657e+06
     222.1  3.543e+06
     226.1  3.427e+06
     230.1  3.319e+06
     234.1  3.215e+06
     238.1  3.119e+06
     242.1  3.027e+06
     246.1  2.937e+06
     250.1   2.85e+06
     254.1  2.768e+06
     258.1  2.695e+06
     262.1   2.62e+06
     266.1  2.549e+06
     270.1  2.481e+06
     274.1  2.413e+06
     278.1  2.348e+06
     282.1  2.284e+06
     286.1  2.223e+06
     290.1  2.164e+06
     294.1  2.107e+06
     298.1  2.053e+06
     302.1  2.001e+06
     306.1   1.95e+06
     310.1  1.902e+06
     314.1  1.855e+06
     318.1  1.809e+06
     322.1  1.766e+06
     326.1  1.723e+06
     330.1  1.683e+06
     334.1  1.643e+06
     338.1  1.604e+06
     342.1  1.568e+06
     346.1  1.532e+06
     350.1  1.497e+06
