    0.7783   5.97e+08
         1   2.36e+08
     1.146  9.488e+07
     1.255  5.699e+07
     1.343  4.998e+07
     1.415  3.548e+07
     1.477  2.988e+07
     1.532  2.596e+07
      1.58  2.067e+07
     1.623  1.609e+07
     1.663  1.426e+07
     1.699  1.079e+07
     1.733  9.246e+06
     1.764   7.89e+06
     1.793  6.259e+06
      1.82  5.649e+06
     1.845  5.436e+06
     1.869  4.705e+06
     1.892  4.936e+06
     1.914   4.33e+06
     1.935  4.575e+06
     1.954  4.287e+06
     1.973  3.914e+06
     1.991   3.67e+06
     2.009  3.416e+06
     2.025  3.344e+06
     2.042  3.172e+06
     2.057  3.377e+06
     2.072  3.743e+06
     2.087  3.138e+06
     2.101  2.328e+06
     2.114  2.291e+06
     2.127  2.217e+06
      2.14  1.851e+06
     2.152  1.776e+06
     2.165  1.719e+06
     2.176  1.573e+06
     2.188  1.916e+06
     2.199  1.508e+06
      2.21  1.279e+06
      2.22  1.287e+06
     2.231  1.125e+06
     2.241  7.812e+05
     2.251  5.912e+05
      2.26  5.757e+05
      2.27  5.245e+05
     2.279  5.553e+05
     2.288  5.073e+05
     2.297  4.744e+05
     2.306  4.649e+05
     2.314  4.198e+05
     2.322   5.14e+05
     2.331  5.127e+05
     2.339  4.718e+05
     2.347  4.768e+05
     2.354  2.837e+05
     2.362  3.063e+05
     2.369  2.873e+05
     2.377  3.632e+05
     2.384  3.238e+05
     2.391  2.539e+05
     2.398  2.197e+05
     2.405  2.607e+05
     2.412   3.97e+05
     2.418  2.614e+05
     2.425  2.584e+05
     2.432   2.37e+05
     2.438  1.647e+05
     2.444  1.341e+05
      2.45  1.061e+05
     2.457  8.595e+04
     2.463  8.564e+04
     2.469  9.479e+04
     2.474  9.928e+04
      2.48  7.995e+04
     2.486  5.695e+04
     2.492  5.983e+04
     2.497   6.52e+04
     2.503  4.854e+04
     2.508  6.285e+04
     2.513  3.509e+04
     2.519  3.929e+04
     2.524  2.781e+04
     2.529  1.407e+04
     2.534  2.692e+04
     2.539  1.063e+04
     2.544       1967
