    0.7783  8.728e+08
         1  3.952e+08
     1.146  2.284e+08
     1.255  1.534e+08
     1.343  1.162e+08
     1.415  9.151e+07
     1.477  7.516e+07
     1.532  6.363e+07
      1.58  5.461e+07
     1.623  4.729e+07
     1.663  4.156e+07
     1.699  3.664e+07
     1.733  3.259e+07
     1.764  2.919e+07
     1.793  2.623e+07
      1.82  2.374e+07
     1.845  2.165e+07
     1.869  1.982e+07
     1.892  1.829e+07
     1.914  1.693e+07
     1.935  1.578e+07
     1.954  1.476e+07
     1.973  1.384e+07
     1.991  1.301e+07
     2.009  1.226e+07
     2.025  1.158e+07
     2.042  1.097e+07
     2.057  1.044e+07
     2.072  9.986e+06
     2.087  9.538e+06
     2.101   9.08e+06
     2.114  8.662e+06
     2.127  8.277e+06
      2.14  7.905e+06
     2.152   7.56e+06
     2.165   7.24e+06
     2.176  6.938e+06
     2.188  6.677e+06
     2.199  6.415e+06
      2.21  6.161e+06
      2.22  5.927e+06
     2.231  5.701e+06
     2.241  5.475e+06
     2.251  5.255e+06
      2.26  5.049e+06
      2.27  4.855e+06
     2.279  4.674e+06
     2.288  4.502e+06
     2.297  4.339e+06
     2.306  4.186e+06
     2.314   4.04e+06
     2.322  3.905e+06
     2.331  3.779e+06
     2.339  3.657e+06
     2.347  3.543e+06
     2.354  3.427e+06
     2.362  3.319e+06
     2.369  3.215e+06
     2.377  3.119e+06
     2.384  3.027e+06
     2.391  2.937e+06
     2.398   2.85e+06
     2.405  2.768e+06
     2.412  2.695e+06
     2.418   2.62e+06
     2.425  2.549e+06
     2.432  2.481e+06
     2.438  2.413e+06
     2.444  2.348e+06
      2.45  2.284e+06
     2.457  2.223e+06
     2.463  2.164e+06
     2.469  2.107e+06
     2.474  2.053e+06
      2.48  2.001e+06
     2.486   1.95e+06
     2.492  1.902e+06
     2.497  1.855e+06
     2.503  1.809e+06
     2.508  1.766e+06
     2.513  1.723e+06
     2.519  1.683e+06
     2.524  1.643e+06
     2.529  1.604e+06
     2.534  1.568e+06
     2.539  1.532e+06
     2.544  1.497e+06
