     2.001       18.7
     6.002      19.57
        10       20.1
        14      20.69
     18.01      20.97
     22.01      21.11
     26.01      21.25
     30.01      21.46
     34.01      21.63
     38.01      22.06
     42.01      22.56
     46.02      22.83
     50.02      22.81
     54.02      23.08
     58.02      23.22
     62.02       23.6
     66.02      23.83
     70.02      23.89
     74.03       24.2
     78.03      24.46
     82.03      24.72
     86.03      25.42
     90.03      25.96
     94.03      26.59
     98.03      27.03
       102      27.18
       106       27.7
       110      27.76
       114      27.91
       118       28.1
       122      28.19
       126      28.92
       130      28.79
       134      29.06
       138      29.03
     142.1      29.67
     146.1      30.22
     150.1      30.34
     154.1      30.29
     158.1      30.45
     162.1      31.08
     166.1      30.93
     170.1      30.83
     174.1      30.98
     178.1      31.22
     182.1      31.48
     186.1      31.54
     190.1      31.15
     194.1      31.25
     198.1      31.33
     202.1      31.35
     206.1      31.42
     210.1      31.79
     214.1      32.07
     218.1      32.16
     222.1      32.06
     226.1      32.48
     230.1      32.82
     234.1      32.74
     238.1      32.82
     242.1      32.92
     246.1      33.13
     250.1       32.9
     254.1      32.28
     258.1      31.93
     262.1      31.79
     266.1      31.88
     270.1       32.2
     274.1      31.93
     278.1      32.61
     282.1      32.57
     286.1      32.08
     290.1       32.3
     294.1      32.16
     298.1      31.87
     302.1      32.14
     306.1      32.76
     310.1      32.21
     314.1       32.2
     318.1      32.08
     322.1      31.79
     326.1      32.35
     330.1      31.87
     334.1      32.58
     338.1      32.49
     342.1      32.13
     346.1      32.36
     350.1      33.33
