     6.023  6.726e+08
     10.04  2.043e+08
     14.05  1.035e+08
     18.07  6.373e+07
     22.09  4.288e+07
      26.1  3.126e+07
     30.12  2.379e+07
     34.13  1.878e+07
     38.15  1.525e+07
     42.16  1.269e+07
     46.18  1.071e+07
     50.19  9.277e+06
     54.21  8.153e+06
     58.22  7.184e+06
     62.24  6.405e+06
     66.26  5.728e+06
     70.27  5.175e+06
     74.29  4.761e+06
      78.3  4.353e+06
     82.32  3.981e+06
     86.33  3.656e+06
     90.35  3.358e+06
     94.36  3.085e+06
     98.38  2.835e+06
     102.4  2.614e+06
     106.4  2.418e+06
     110.4  2.242e+06
     114.4  2.085e+06
     118.5  1.944e+06
     122.5  1.816e+06
     126.5  1.701e+06
     130.5  1.597e+06
     134.5  1.502e+06
     138.5  1.415e+06
     142.6  1.335e+06
     146.6  1.262e+06
     150.6  1.195e+06
     154.6  1.133e+06
     158.6  1.076e+06
     162.6  1.023e+06
     166.6  9.737e+05
     170.7  9.279e+05
     174.7  8.852e+05
     178.7  8.454e+05
     182.7  8.083e+05
     186.7  7.735e+05
     190.7  7.409e+05
     194.8  7.104e+05
     198.8  6.817e+05
