     6.023  2.502e+08
     10.04  4.818e+07
     14.05  2.291e+07
     18.07  1.257e+07
     22.09  5.819e+06
      26.1  4.852e+06
     30.12  3.118e+06
     34.13  2.422e+06
     38.15  1.932e+06
     42.16  1.775e+06
     46.18  1.309e+06
     50.19   1.72e+06
     54.21  1.681e+06
     58.22  1.118e+06
     62.24  1.137e+06
     66.26   8.19e+05
     70.27  8.825e+05
     74.29  1.342e+06
      78.3   7.79e+05
     82.32  5.381e+05
     86.33  4.899e+05
     90.35  2.988e+05
     94.36  1.458e+05
     98.38  2.959e+04
     102.4       6683
     106.4  1.373e+04
     110.4       6787
     114.4          0
     118.5          0
     122.5          0
     126.5          0
     130.5       5791
     134.5       5502
     138.5       5403
     142.6          0
     146.6       4787
     150.6       4832
     154.6          0
     158.6          0
     162.6       4512
     166.6          0
     170.7          0
     174.7          0
     178.7          0
     182.7          0
     186.7          0
     190.7          0
     194.8          0
     198.8          0
