    0.7798  2.502e+08
     1.002  4.818e+07
     1.148  2.291e+07
     1.257  1.257e+07
     1.344  5.819e+06
     1.417  4.852e+06
     1.479  3.118e+06
     1.533  2.422e+06
     1.581  1.932e+06
     1.625  1.775e+06
     1.664  1.309e+06
     1.701   1.72e+06
     1.734  1.681e+06
     1.765  1.118e+06
     1.794  1.137e+06
     1.821   8.19e+05
     1.847  8.825e+05
     1.871  1.342e+06
     1.894   7.79e+05
     1.915  5.381e+05
     1.936  4.899e+05
     1.956  2.988e+05
     1.975  1.458e+05
     1.993  2.959e+04
      2.01       6683
     2.027  1.373e+04
     2.043       6787
     2.059          0
     2.074          0
     2.088          0
     2.102          0
     2.116       5791
     2.129       5502
     2.142       5403
     2.154          0
     2.166       4787
     2.178       4832
     2.189          0
       2.2          0
     2.211       4512
     2.222          0
     2.232          0
     2.242          0
     2.252          0
     2.262          0
     2.271          0
      2.28          0
     2.289          0
     2.298          0
