    0.7798  6.726e+08
     1.002  2.043e+08
     1.148  1.035e+08
     1.257  6.373e+07
     1.344  4.288e+07
     1.417  3.126e+07
     1.479  2.379e+07
     1.533  1.878e+07
     1.581  1.525e+07
     1.625  1.269e+07
     1.664  1.071e+07
     1.701  9.277e+06
     1.734  8.153e+06
     1.765  7.184e+06
     1.794  6.405e+06
     1.821  5.728e+06
     1.847  5.175e+06
     1.871  4.761e+06
     1.894  4.353e+06
     1.915  3.981e+06
     1.936  3.656e+06
     1.956  3.358e+06
     1.975  3.085e+06
     1.993  2.835e+06
      2.01  2.614e+06
     2.027  2.418e+06
     2.043  2.242e+06
     2.059  2.085e+06
     2.074  1.944e+06
     2.088  1.816e+06
     2.102  1.701e+06
     2.116  1.597e+06
     2.129  1.502e+06
     2.142  1.415e+06
     2.154  1.335e+06
     2.166  1.262e+06
     2.178  1.195e+06
     2.189  1.133e+06
       2.2  1.076e+06
     2.211  1.023e+06
     2.222  9.737e+05
     2.232  9.279e+05
     2.242  8.852e+05
     2.252  8.454e+05
     2.262  8.083e+05
     2.271  7.735e+05
      2.28  7.409e+05
     2.289  7.104e+05
     2.298  6.817e+05
