     2.008       18.8
     6.023      20.85
     10.04      21.81
     14.05      23.44
     18.07      24.25
     22.09       25.1
      26.1      26.18
     30.12       28.1
     34.13      29.07
     38.15      29.92
     42.16      31.03
     46.18      31.57
     50.19      31.93
     54.21      32.14
     58.22      31.97
     62.24      32.37
     66.26      32.96
     70.27      33.14
     74.29      33.78
      78.3      33.83
     82.32       34.3
     86.33       34.7
     90.35      34.71
     94.36      35.17
     98.38      35.37
     102.4      35.47
     106.4      35.45
     110.4      35.48
     114.4      35.52
     118.5      35.52
     122.5      35.52
     126.5      35.49
     130.5      35.47
     134.5       35.5
     138.5       35.5
     142.6      35.49
     146.6      35.49
     150.6      35.49
     154.6      35.52
     158.6      35.47
     162.6      35.52
     166.6      35.52
     170.7      35.52
     174.7      35.52
     178.7      35.52
     182.7      35.52
     186.7      35.52
     190.7      35.52
     194.8      35.52
     198.8      35.52
