     6.002  9.425e+08
        10  4.762e+08
        14  3.265e+08
        18  2.497e+08
     22.01  2.049e+08
     26.01  1.744e+08
     30.01  1.518e+08
     34.01  1.345e+08
     38.01  1.205e+08
     42.01   1.09e+08
     46.01  9.876e+07
     50.01  8.978e+07
     54.01   8.24e+07
     58.02  7.565e+07
     62.02  6.992e+07
     66.02  6.472e+07
     70.02   6.02e+07
     74.02  5.619e+07
     78.02  5.258e+07
     82.02  4.937e+07
     86.02  4.657e+07
     90.02  4.412e+07
     94.03  4.174e+07
     98.03  3.956e+07
       102  3.757e+07
       106  3.578e+07
       110  3.413e+07
       114  3.257e+07
       118  3.112e+07
       122  2.983e+07
       126  2.857e+07
       130   2.74e+07
       134  2.632e+07
       138  2.534e+07
       142  2.442e+07
       146  2.355e+07
       150  2.272e+07
       154  2.193e+07
       158  2.118e+07
       162  2.047e+07
       166  1.979e+07
       170  1.914e+07
       174  1.851e+07
       178  1.795e+07
     182.1   1.74e+07
     186.1  1.688e+07
     190.1  1.638e+07
     194.1  1.591e+07
     198.1  1.545e+07
     202.1  1.504e+07
     206.1  1.463e+07
     210.1  1.423e+07
     214.1  1.385e+07
     218.1  1.348e+07
     222.1  1.313e+07
     226.1   1.28e+07
     230.1  1.248e+07
     234.1  1.219e+07
     238.1   1.19e+07
     242.1  1.162e+07
     246.1  1.135e+07
     250.1  1.108e+07
     254.1  1.081e+07
     258.1  1.054e+07
     262.1  1.027e+07
     266.1  1.001e+07
     270.1  9.747e+06
     274.1   9.49e+06
     278.1  9.242e+06
     282.1  9.001e+06
     286.1  8.766e+06
     290.1  8.541e+06
     294.1  8.329e+06
     298.1  8.122e+06
     302.1  7.919e+06
     306.1  7.723e+06
     310.1  7.532e+06
     314.1  7.347e+06
     318.1  7.168e+06
     322.1  6.996e+06
     326.1  6.829e+06
     330.1  6.666e+06
     334.1   6.51e+06
     338.1  6.358e+06
     342.1   6.21e+06
     346.1  6.068e+06
     350.1  5.929e+06
