     6.002  7.088e+08
        10  3.207e+08
        14  2.067e+08
        18  1.509e+08
     22.01  1.253e+08
     26.01  1.051e+08
     30.01  8.931e+07
     34.01  7.774e+07
     38.01  6.785e+07
     42.01  5.995e+07
     46.01  5.008e+07
     50.01  4.252e+07
     54.01  3.993e+07
     58.02  3.336e+07
     62.02  3.123e+07
     66.02  2.695e+07
     70.02  2.515e+07
     74.02  2.306e+07
     78.02  2.103e+07
     82.02   1.96e+07
     86.02  1.923e+07
     90.02  1.905e+07
     94.03  1.613e+07
     98.03  1.498e+07
       102  1.427e+07
       106  1.375e+07
       110  1.308e+07
       114  1.195e+07
       118   1.11e+07
       122  1.146e+07
       126  1.001e+07
       130  9.613e+06
       134   9.27e+06
       138   9.35e+06
       142    9.1e+06
       146  8.544e+06
       150  7.906e+06
       154   7.53e+06
       158  7.108e+06
       162  6.837e+06
       166  6.392e+06
       170  5.857e+06
       174  5.577e+06
       178  5.969e+06
     182.1  5.363e+06
     186.1   5.33e+06
     190.1  5.091e+06
     194.1  4.848e+06
     198.1  4.541e+06
     202.1   5.12e+06
     206.1  4.428e+06
     210.1   4.12e+06
     214.1  4.212e+06
     218.1  3.635e+06
     222.1  3.892e+06
     226.1  3.726e+06
     230.1  3.687e+06
     234.1  3.824e+06
     238.1  3.704e+06
     242.1  3.434e+06
     246.1  3.241e+06
     250.1  3.052e+06
     254.1  2.485e+06
     258.1  2.143e+06
     262.1  1.721e+06
     266.1  1.481e+06
     270.1  1.147e+06
     274.1  9.527e+05
     278.1  8.702e+05
     282.1  7.405e+05
     286.1  6.221e+05
     290.1  5.936e+05
     294.1  7.547e+05
     298.1  6.185e+05
     302.1  4.579e+05
     306.1  4.159e+05
     310.1  3.202e+05
     314.1   2.74e+05
     318.1  2.526e+05
     322.1  2.393e+05
     326.1  1.812e+05
     330.1  1.185e+05
     334.1  1.178e+05
     338.1  9.609e+04
     342.1   4.62e+04
     346.1  4.727e+04
     350.1  1.906e+04
