    0.7783  7.088e+08
         1  3.207e+08
     1.146  2.067e+08
     1.255  1.509e+08
     1.343  1.253e+08
     1.415  1.051e+08
     1.477  8.931e+07
     1.532  7.774e+07
      1.58  6.785e+07
     1.623  5.995e+07
     1.663  5.008e+07
     1.699  4.252e+07
     1.733  3.993e+07
     1.764  3.336e+07
     1.793  3.123e+07
      1.82  2.695e+07
     1.845  2.515e+07
     1.869  2.306e+07
     1.892  2.103e+07
     1.914   1.96e+07
     1.935  1.923e+07
     1.954  1.905e+07
     1.973  1.613e+07
     1.991  1.498e+07
     2.009  1.427e+07
     2.025  1.375e+07
     2.042  1.308e+07
     2.057  1.195e+07
     2.072   1.11e+07
     2.086  1.146e+07
       2.1  1.001e+07
     2.114  9.613e+06
     2.127   9.27e+06
      2.14   9.35e+06
     2.152    9.1e+06
     2.164  8.544e+06
     2.176  7.906e+06
     2.188   7.53e+06
     2.199  7.108e+06
      2.21  6.837e+06
      2.22  6.392e+06
     2.231  5.857e+06
     2.241  5.577e+06
     2.251  5.969e+06
      2.26  5.363e+06
      2.27   5.33e+06
     2.279  5.091e+06
     2.288  4.848e+06
     2.297  4.541e+06
     2.305   5.12e+06
     2.314  4.428e+06
     2.322   4.12e+06
     2.331  4.212e+06
     2.339  3.635e+06
     2.346  3.892e+06
     2.354  3.726e+06
     2.362  3.687e+06
     2.369  3.824e+06
     2.377  3.704e+06
     2.384  3.434e+06
     2.391  3.241e+06
     2.398  3.052e+06
     2.405  2.485e+06
     2.412  2.143e+06
     2.418  1.721e+06
     2.425  1.481e+06
     2.431  1.147e+06
     2.438  9.527e+05
     2.444  8.702e+05
      2.45  7.405e+05
     2.456  6.221e+05
     2.463  5.936e+05
     2.468  7.547e+05
     2.474  6.185e+05
      2.48  4.579e+05
     2.486  4.159e+05
     2.491  3.202e+05
     2.497   2.74e+05
     2.503  2.526e+05
     2.508  2.393e+05
     2.513  1.812e+05
     2.519  1.185e+05
     2.524  1.178e+05
     2.529  9.609e+04
     2.534   4.62e+04
     2.539  4.727e+04
     2.544  1.906e+04
