    0.7783  9.425e+08
         1  4.762e+08
     1.146  3.265e+08
     1.255  2.497e+08
     1.343  2.049e+08
     1.415  1.744e+08
     1.477  1.518e+08
     1.532  1.345e+08
      1.58  1.205e+08
     1.623   1.09e+08
     1.663  9.876e+07
     1.699  8.978e+07
     1.733   8.24e+07
     1.764  7.565e+07
     1.793  6.992e+07
      1.82  6.472e+07
     1.845   6.02e+07
     1.869  5.619e+07
     1.892  5.258e+07
     1.914  4.937e+07
     1.935  4.657e+07
     1.954  4.412e+07
     1.973  4.174e+07
     1.991  3.956e+07
     2.009  3.757e+07
     2.025  3.578e+07
     2.042  3.413e+07
     2.057  3.257e+07
     2.072  3.112e+07
     2.086  2.983e+07
       2.1  2.857e+07
     2.114   2.74e+07
     2.127  2.632e+07
      2.14  2.534e+07
     2.152  2.442e+07
     2.164  2.355e+07
     2.176  2.272e+07
     2.188  2.193e+07
     2.199  2.118e+07
      2.21  2.047e+07
      2.22  1.979e+07
     2.231  1.914e+07
     2.241  1.851e+07
     2.251  1.795e+07
      2.26   1.74e+07
      2.27  1.688e+07
     2.279  1.638e+07
     2.288  1.591e+07
     2.297  1.545e+07
     2.305  1.504e+07
     2.314  1.463e+07
     2.322  1.423e+07
     2.331  1.385e+07
     2.339  1.348e+07
     2.346  1.313e+07
     2.354   1.28e+07
     2.362  1.248e+07
     2.369  1.219e+07
     2.377   1.19e+07
     2.384  1.162e+07
     2.391  1.135e+07
     2.398  1.108e+07
     2.405  1.081e+07
     2.412  1.054e+07
     2.418  1.027e+07
     2.425  1.001e+07
     2.431  9.747e+06
     2.438   9.49e+06
     2.444  9.242e+06
      2.45  9.001e+06
     2.456  8.766e+06
     2.463  8.541e+06
     2.468  8.329e+06
     2.474  8.122e+06
      2.48  7.919e+06
     2.486  7.723e+06
     2.491  7.532e+06
     2.497  7.347e+06
     2.503  7.168e+06
     2.508  6.996e+06
     2.513  6.829e+06
     2.519  6.666e+06
     2.524   6.51e+06
     2.529  6.358e+06
     2.534   6.21e+06
     2.539  6.068e+06
     2.544  5.929e+06
