     2.001      20.39
     6.002      20.68
        10      20.96
        14      21.15
        18      21.26
     22.01      21.52
     26.01       21.7
     30.01      21.83
     34.01         22
     38.01      22.14
     42.01      22.29
     46.01      22.43
     50.01      22.65
     54.01      22.72
     58.02      22.81
     62.02      22.91
     66.02      23.11
     70.02       23.2
     74.02      23.36
     78.02      23.49
     82.02      23.53
     86.02      23.55
     90.02       23.6
     94.03      23.77
     98.03      23.81
       102      23.86
       106      23.95
       110      24.04
       114      24.15
       118       24.2
       122      24.24
       126      24.32
       130      24.35
       134       24.4
       138      24.45
       142      24.47
       146       24.6
       150      24.65
       154      24.67
       158      24.74
       162      24.84
       166      24.94
       170      25.01
       174      25.03
       178      25.09
     182.1      25.15
     186.1      25.17
     190.1      25.22
     194.1      25.37
     198.1      25.32
     202.1      25.39
     206.1      25.44
     210.1      25.56
     214.1      25.65
     218.1      25.64
     222.1      25.65
     226.1      25.77
     230.1      25.72
     234.1      25.74
     238.1      25.82
     242.1      25.88
     246.1      25.97
     250.1      26.09
     254.1      26.13
     258.1      26.16
     262.1      26.23
     266.1      26.46
     270.1       26.5
     274.1      26.62
     278.1       26.7
     282.1      26.97
     286.1      27.12
     290.1      27.17
     294.1      26.91
     298.1      26.92
     302.1      27.08
     306.1      26.98
     310.1      27.43
     314.1      27.19
     318.1      27.28
     322.1      27.22
     326.1      27.49
     330.1      27.58
     334.1      27.84
     338.1      28.02
     342.1       27.9
     346.1      27.83
     350.1      29.03
