     6.002  7.211e+08
        10  2.551e+08
        14   1.64e+08
        18  1.218e+08
     22.01  9.247e+07
     26.01  7.264e+07
     30.01  5.793e+07
     34.01  4.698e+07
     38.01  3.964e+07
     42.01  3.359e+07
     46.01  2.851e+07
     50.01  2.521e+07
     54.01  2.263e+07
     58.02  1.924e+07
     62.02  1.625e+07
     66.02  1.555e+07
     70.02  1.324e+07
     74.02  1.168e+07
     78.02  1.007e+07
     82.02  9.338e+06
     86.02  8.806e+06
     90.02  7.885e+06
     94.03   6.74e+06
     98.03  6.187e+06
       102  6.242e+06
       106   5.94e+06
       110  5.548e+06
       114  5.802e+06
       118  5.271e+06
       122  4.895e+06
       126  4.385e+06
       130  3.907e+06
       134  3.552e+06
       138  3.383e+06
       142  3.085e+06
       146  2.786e+06
       150  2.444e+06
       154  2.245e+06
       158  2.395e+06
       162  2.096e+06
       166  1.916e+06
       170  1.931e+06
       174  1.849e+06
       178  1.672e+06
     182.1  1.711e+06
     186.1  1.451e+06
     190.1  1.332e+06
     194.1  1.414e+06
     198.1  1.309e+06
     202.1  1.357e+06
     206.1  1.358e+06
     210.1  1.395e+06
     214.1   1.35e+06
     218.1  1.112e+06
     222.1  1.049e+06
     226.1  8.647e+05
     230.1  9.601e+05
     234.1  8.198e+05
     238.1  7.063e+05
     242.1  7.388e+05
     246.1  7.244e+05
     250.1  8.431e+05
     254.1  6.522e+05
     258.1  5.161e+05
     262.1  3.976e+05
     266.1  3.863e+05
     270.1  4.186e+05
     274.1  3.543e+05
     278.1  2.902e+05
     282.1  2.302e+05
     286.1  1.949e+05
     290.1  1.764e+05
     294.1  1.402e+05
     298.1  1.198e+05
     302.1  1.118e+05
     306.1  1.157e+05
     310.1  1.078e+05
     314.1  1.056e+05
     318.1   6.67e+04
     322.1  5.887e+04
     326.1  4.444e+04
     330.1   3.64e+04
     334.1  3.346e+04
     338.1       8794
     342.1  1.478e+04
     346.1  1.197e+04
     350.1       9528
