     6.002  9.354e+08
        10  4.252e+08
        14  2.801e+08
        18  2.108e+08
     22.01  1.682e+08
     26.01   1.39e+08
     30.01  1.175e+08
     34.01   1.01e+08
     38.01   8.81e+07
     42.01  7.775e+07
     46.01   6.92e+07
     50.01  6.218e+07
     54.01  5.633e+07
     58.02  5.122e+07
     62.02  4.671e+07
     66.02  4.294e+07
     70.02  3.955e+07
     74.02  3.654e+07
     78.02  3.382e+07
     82.02  3.144e+07
     86.02  2.933e+07
     90.02  2.743e+07
     94.03  2.567e+07
     98.03  2.408e+07
       102  2.268e+07
       106  2.142e+07
       110  2.026e+07
       114  1.925e+07
       118   1.83e+07
       122  1.742e+07
       126  1.659e+07
       130  1.581e+07
       134  1.508e+07
       138   1.44e+07
       142  1.377e+07
       146  1.316e+07
       150  1.259e+07
       154  1.206e+07
       158  1.157e+07
       162   1.11e+07
       166  1.066e+07
       170  1.025e+07
       174   9.86e+06
       178  9.492e+06
     182.1   9.15e+06
     186.1  8.819e+06
     190.1  8.504e+06
     194.1  8.211e+06
     198.1  7.933e+06
     202.1  7.672e+06
     206.1  7.427e+06
     210.1  7.197e+06
     214.1  6.979e+06
     218.1  6.763e+06
     222.1  6.557e+06
     226.1  6.356e+06
     230.1  6.168e+06
     234.1  5.985e+06
     238.1  5.808e+06
     242.1   5.64e+06
     246.1  5.481e+06
     250.1  5.332e+06
     254.1  5.185e+06
     258.1   5.04e+06
     262.1  4.898e+06
     266.1  4.763e+06
     270.1  4.634e+06
     274.1  4.509e+06
     278.1  4.388e+06
     282.1   4.27e+06
     286.1  4.156e+06
     290.1  4.046e+06
     294.1   3.94e+06
     298.1  3.837e+06
     302.1  3.738e+06
     306.1  3.644e+06
     310.1  3.552e+06
     314.1  3.465e+06
     318.1  3.379e+06
     322.1  3.297e+06
     326.1  3.217e+06
     330.1   3.14e+06
     334.1  3.065e+06
     338.1  2.993e+06
     342.1  2.923e+06
     346.1  2.856e+06
     350.1  2.791e+06
