     6.002  4.996e+08
        10  1.651e+08
        14  1.001e+08
        18  6.485e+07
     22.01  4.477e+07
     26.01  3.349e+07
     30.01  2.689e+07
     34.01  2.453e+07
     38.01  2.121e+07
     42.01  1.962e+07
     46.01   1.77e+07
     50.01  1.417e+07
     54.01  1.212e+07
     58.02   9.62e+06
     62.02  7.785e+06
     66.02  7.287e+06
     70.02  6.271e+06
     74.02  6.061e+06
     78.02  5.044e+06
     82.02  4.632e+06
     86.02  4.202e+06
     90.02  3.578e+06
     94.03  3.411e+06
     98.03  3.212e+06
       102  2.894e+06
       106  2.931e+06
       110  3.311e+06
       114  2.569e+06
       118  2.195e+06
       122  2.187e+06
       126  2.302e+06
       130  2.436e+06
       134  2.122e+06
       138  2.005e+06
       142  1.896e+06
       146  1.889e+06
       150  1.942e+06
       154  1.767e+06
       158  1.664e+06
       162  1.532e+06
       166  1.429e+06
       170  1.428e+06
       174  1.481e+06
       178  1.251e+06
     182.1  1.095e+06
     186.1  1.042e+06
     190.1  9.325e+05
     194.1  9.152e+05
     198.1  9.245e+05
     202.1   8.67e+05
     206.1  8.192e+05
     210.1  7.636e+05
     214.1  7.901e+05
     218.1  7.935e+05
     222.1  7.695e+05
     226.1  7.381e+05
     230.1  6.444e+05
     234.1  5.864e+05
     238.1  5.362e+05
     242.1  4.906e+05
     246.1  5.041e+05
     250.1  4.764e+05
     254.1  4.589e+05
     258.1  4.459e+05
     262.1  4.298e+05
     266.1   4.11e+05
     270.1  3.899e+05
     274.1  3.403e+05
     278.1  3.183e+05
     282.1  2.783e+05
     286.1  2.852e+05
     290.1  2.578e+05
     294.1  2.196e+05
     298.1  1.682e+05
     302.1  1.709e+05
     306.1  1.353e+05
     310.1  1.182e+05
     314.1  1.059e+05
     318.1   9.82e+04
     322.1  8.965e+04
     326.1  7.636e+04
     330.1  5.048e+04
     334.1  4.861e+04
     338.1  2.911e+04
     342.1  2.942e+04
     346.1  1.083e+04
     350.1  1.188e+04
