    0.7783  9.354e+08
         1  4.252e+08
     1.146  2.801e+08
     1.255  2.108e+08
     1.343  1.682e+08
     1.415   1.39e+08
     1.477  1.175e+08
     1.532   1.01e+08
      1.58   8.81e+07
     1.623  7.775e+07
     1.663   6.92e+07
     1.699  6.218e+07
     1.733  5.633e+07
     1.764  5.122e+07
     1.793  4.671e+07
      1.82  4.294e+07
     1.845  3.955e+07
     1.869  3.654e+07
     1.892  3.382e+07
     1.914  3.144e+07
     1.935  2.933e+07
     1.954  2.743e+07
     1.973  2.567e+07
     1.991  2.408e+07
     2.009  2.268e+07
     2.025  2.142e+07
     2.042  2.026e+07
     2.057  1.925e+07
     2.072   1.83e+07
     2.086  1.742e+07
       2.1  1.659e+07
     2.114  1.581e+07
     2.127  1.508e+07
      2.14   1.44e+07
     2.152  1.377e+07
     2.164  1.316e+07
     2.176  1.259e+07
     2.188  1.206e+07
     2.199  1.157e+07
      2.21   1.11e+07
      2.22  1.066e+07
     2.231  1.025e+07
     2.241   9.86e+06
     2.251  9.492e+06
      2.26   9.15e+06
      2.27  8.819e+06
     2.279  8.504e+06
     2.288  8.211e+06
     2.297  7.933e+06
     2.305  7.672e+06
     2.314  7.427e+06
     2.322  7.197e+06
     2.331  6.979e+06
     2.339  6.763e+06
     2.346  6.557e+06
     2.354  6.356e+06
     2.362  6.168e+06
     2.369  5.985e+06
     2.377  5.808e+06
     2.384   5.64e+06
     2.391  5.481e+06
     2.398  5.332e+06
     2.405  5.185e+06
     2.412   5.04e+06
     2.418  4.898e+06
     2.425  4.763e+06
     2.431  4.634e+06
     2.438  4.509e+06
     2.444  4.388e+06
      2.45   4.27e+06
     2.456  4.156e+06
     2.463  4.046e+06
     2.468   3.94e+06
     2.474  3.837e+06
      2.48  3.738e+06
     2.486  3.644e+06
     2.491  3.552e+06
     2.497  3.465e+06
     2.503  3.379e+06
     2.508  3.297e+06
     2.513  3.217e+06
     2.519   3.14e+06
     2.524  3.065e+06
     2.529  2.993e+06
     2.534  2.923e+06
     2.539  2.856e+06
     2.544  2.791e+06
