    0.7783  7.211e+08
         1  2.551e+08
     1.146   1.64e+08
     1.255  1.218e+08
     1.343  9.247e+07
     1.415  7.264e+07
     1.477  5.793e+07
     1.532  4.698e+07
      1.58  3.964e+07
     1.623  3.359e+07
     1.663  2.851e+07
     1.699  2.521e+07
     1.733  2.263e+07
     1.764  1.924e+07
     1.793  1.625e+07
      1.82  1.555e+07
     1.845  1.324e+07
     1.869  1.168e+07
     1.892  1.007e+07
     1.914  9.338e+06
     1.935  8.806e+06
     1.954  7.885e+06
     1.973   6.74e+06
     1.991  6.187e+06
     2.009  6.242e+06
     2.025   5.94e+06
     2.042  5.548e+06
     2.057  5.802e+06
     2.072  5.271e+06
     2.086  4.895e+06
       2.1  4.385e+06
     2.114  3.907e+06
     2.127  3.552e+06
      2.14  3.383e+06
     2.152  3.085e+06
     2.164  2.786e+06
     2.176  2.444e+06
     2.188  2.245e+06
     2.199  2.395e+06
      2.21  2.096e+06
      2.22  1.916e+06
     2.231  1.931e+06
     2.241  1.849e+06
     2.251  1.672e+06
      2.26  1.711e+06
      2.27  1.451e+06
     2.279  1.332e+06
     2.288  1.414e+06
     2.297  1.309e+06
     2.305  1.357e+06
     2.314  1.358e+06
     2.322  1.395e+06
     2.331   1.35e+06
     2.339  1.112e+06
     2.346  1.049e+06
     2.354  8.647e+05
     2.362  9.601e+05
     2.369  8.198e+05
     2.377  7.063e+05
     2.384  7.388e+05
     2.391  7.244e+05
     2.398  8.431e+05
     2.405  6.522e+05
     2.412  5.161e+05
     2.418  3.976e+05
     2.425  3.863e+05
     2.431  4.186e+05
     2.438  3.543e+05
     2.444  2.902e+05
      2.45  2.302e+05
     2.456  1.949e+05
     2.463  1.764e+05
     2.468  1.402e+05
     2.474  1.198e+05
      2.48  1.118e+05
     2.486  1.157e+05
     2.491  1.078e+05
     2.497  1.056e+05
     2.503   6.67e+04
     2.508  5.887e+04
     2.513  4.444e+04
     2.519   3.64e+04
     2.524  3.346e+04
     2.529       8794
     2.534  1.478e+04
     2.539  1.197e+04
     2.544       9528
