     2.001      19.72
     6.002      20.91
        10      21.32
        14      21.44
        18      21.35
     22.01      21.72
     26.01      21.77
     30.01      22.15
     34.01      22.52
     38.01      22.62
     42.01      22.87
     46.01      23.09
     50.01      23.18
     54.01      23.31
     58.02      23.49
     62.02       23.7
     66.02      23.73
     70.02      23.83
     74.02       24.1
     78.02      24.21
     82.02      24.28
     86.02      24.39
     90.02      24.62
     94.03      24.76
     98.03      24.85
       102      24.96
       106      25.08
       110      25.18
       114      25.36
       118      25.39
       122      25.51
       126      25.82
       130      25.71
       134       25.9
       138      26.02
       142      26.26
       146      26.49
       150       26.7
       154      26.78
       158      26.72
       162      26.86
       166      27.26
       170       27.3
       174      27.45
       178      27.77
     182.1       27.9
     186.1      28.52
     190.1      28.32
     194.1      28.32
     198.1      28.65
     202.1      28.56
     206.1      28.86
     210.1      28.84
     214.1      28.76
     218.1      29.25
     222.1      29.51
     226.1       29.6
     230.1      29.59
     234.1      29.85
     238.1      30.06
     242.1       30.3
     246.1      30.21
     250.1      30.16
     254.1      30.17
     258.1      30.79
     262.1      31.27
     266.1       30.7
     270.1      30.81
     274.1      30.97
     278.1      30.49
     282.1      31.24
     286.1      31.12
     290.1      31.53
     294.1       31.8
     298.1      31.56
     302.1      31.62
     306.1       31.4
     310.1      31.24
     314.1      31.39
     318.1      31.75
     322.1       31.5
     326.1      33.16
     330.1      31.87
     334.1      33.01
     338.1      33.49
     342.1      31.98
     346.1      32.12
     350.1      32.23
