     6.002  8.889e+08
        10  3.563e+08
     14.01  1.946e+08
     18.01  1.189e+08
     22.01  8.572e+07
     26.01  5.715e+07
     30.01  4.575e+07
     34.01  3.896e+07
     38.02  3.139e+07
     42.02  2.503e+07
     46.02  2.115e+07
     50.02  1.703e+07
     54.02  1.663e+07
     58.02  1.235e+07
     62.02  1.046e+07
     66.03  9.115e+06
     70.03  8.707e+06
     74.03  8.678e+06
     78.03  7.416e+06
     82.03  5.953e+06
     86.03  5.316e+06
     90.04  5.776e+06
     94.04  5.896e+06
     98.04   4.84e+06
       102  3.348e+06
       106  3.355e+06
       110  3.394e+06
       114  3.062e+06
       118  3.024e+06
       122  3.046e+06
       126  2.977e+06
     130.1  3.086e+06
     134.1  3.573e+06
     138.1   3.01e+06
     142.1  2.837e+06
     146.1  2.967e+06
     150.1  2.302e+06
     154.1  2.096e+06
     158.1  1.925e+06
     162.1  1.929e+06
     166.1  1.751e+06
     170.1  1.675e+06
     174.1  1.554e+06
     178.1  1.414e+06
     182.1  1.396e+06
     186.1  1.246e+06
     190.1  9.166e+05
     194.1  9.286e+05
     198.1  9.445e+05
     202.1   8.51e+05
     206.1  9.934e+05
     210.1  9.656e+05
     214.1  7.997e+05
     218.1   8.95e+05
     222.1  7.697e+05
     226.1  6.925e+05
     230.1  7.503e+05
     234.1  9.538e+05
     238.1  1.025e+06
     242.1  7.512e+05
     246.1  6.628e+05
     250.1  7.493e+05
     254.1  5.186e+05
     258.1  4.149e+05
     262.1  3.124e+05
     266.1  3.103e+05
     270.1  3.185e+05
     274.1  2.497e+05
     278.1  1.823e+05
     282.1  1.453e+05
     286.1  1.288e+05
     290.1  9.453e+04
     294.1  2.604e+05
     298.1   2.39e+05
     302.1  8.929e+04
     306.1  6.933e+04
     310.1  6.063e+04
     314.1  5.359e+04
     318.1  4.065e+04
     322.1  3.207e+04
     326.1  3.256e+04
     330.1  2.381e+04
     334.1  1.535e+04
     338.1  2.005e+04
     342.1  1.344e+04
     346.1  1.141e+04
     350.1          0
