     6.002  1.201e+09
        10  5.674e+08
     14.01  3.603e+08
     18.01  2.547e+08
     22.01  1.939e+08
     26.01  1.521e+08
     30.01  1.239e+08
     34.01   1.04e+08
     38.02  8.875e+07
     42.02  7.664e+07
     46.02  6.701e+07
     50.02  5.903e+07
     54.02  5.275e+07
     58.02  4.719e+07
     62.02  4.245e+07
     66.03  3.842e+07
     70.03  3.502e+07
     74.03  3.218e+07
     78.03  2.964e+07
     82.03  2.733e+07
     86.03  2.528e+07
     90.04  2.355e+07
     94.04  2.205e+07
     98.04  2.065e+07
       102  1.929e+07
       106  1.809e+07
       110  1.702e+07
       114  1.604e+07
       118  1.516e+07
       122  1.436e+07
       126  1.364e+07
     130.1  1.299e+07
     134.1  1.243e+07
     138.1  1.188e+07
     142.1  1.137e+07
     146.1  1.091e+07
     150.1  1.045e+07
     154.1  1.002e+07
     158.1   9.61e+06
     162.1  9.231e+06
     166.1   8.87e+06
     170.1  8.532e+06
     174.1  8.211e+06
     178.1  7.906e+06
     182.1   7.62e+06
     186.1  7.345e+06
     190.1  7.075e+06
     194.1  6.821e+06
     198.1  6.584e+06
     202.1  6.357e+06
     206.1  6.149e+06
     210.1  5.951e+06
     214.1  5.759e+06
     218.1   5.58e+06
     222.1  5.407e+06
     226.1   5.24e+06
     230.1  5.084e+06
     234.1  4.943e+06
     238.1  4.811e+06
     242.1  4.677e+06
     246.1  4.546e+06
     250.1  4.425e+06
     254.1  4.302e+06
     258.1  4.181e+06
     262.1  4.063e+06
     266.1   3.95e+06
     270.1  3.843e+06
     274.1  3.738e+06
     278.1  3.635e+06
     282.1  3.536e+06
     286.1  3.441e+06
     290.1  3.349e+06
     294.1  3.265e+06
     298.1  3.184e+06
     302.1  3.102e+06
     306.1  3.022e+06
     310.1  2.946e+06
     314.1  2.872e+06
     318.1  2.801e+06
     322.1  2.732e+06
     326.1  2.666e+06
     330.1  2.602e+06
     334.1   2.54e+06
     338.1   2.48e+06
     342.1  2.423e+06
     346.1  2.367e+06
     350.1  2.313e+06
