    0.7783  1.201e+09
         1  5.674e+08
     1.146  3.603e+08
     1.255  2.547e+08
     1.343  1.939e+08
     1.415  1.521e+08
     1.477  1.239e+08
     1.532   1.04e+08
      1.58  8.875e+07
     1.623  7.664e+07
     1.663  6.701e+07
     1.699  5.903e+07
     1.733  5.275e+07
     1.764  4.719e+07
     1.793  4.245e+07
      1.82  3.842e+07
     1.845  3.502e+07
     1.869  3.218e+07
     1.892  2.964e+07
     1.914  2.733e+07
     1.935  2.528e+07
     1.954  2.355e+07
     1.973  2.205e+07
     1.991  2.065e+07
     2.009  1.929e+07
     2.025  1.809e+07
     2.042  1.702e+07
     2.057  1.604e+07
     2.072  1.516e+07
     2.087  1.436e+07
     2.101  1.364e+07
     2.114  1.299e+07
     2.127  1.243e+07
      2.14  1.188e+07
     2.152  1.137e+07
     2.165  1.091e+07
     2.176  1.045e+07
     2.188  1.002e+07
     2.199   9.61e+06
      2.21  9.231e+06
      2.22   8.87e+06
     2.231  8.532e+06
     2.241  8.211e+06
     2.251  7.906e+06
      2.26   7.62e+06
      2.27  7.345e+06
     2.279  7.075e+06
     2.288  6.821e+06
     2.297  6.584e+06
     2.306  6.357e+06
     2.314  6.149e+06
     2.322  5.951e+06
     2.331  5.759e+06
     2.339   5.58e+06
     2.347  5.407e+06
     2.354   5.24e+06
     2.362  5.084e+06
     2.369  4.943e+06
     2.377  4.811e+06
     2.384  4.677e+06
     2.391  4.546e+06
     2.398  4.425e+06
     2.405  4.302e+06
     2.412  4.181e+06
     2.418  4.063e+06
     2.425   3.95e+06
     2.432  3.843e+06
     2.438  3.738e+06
     2.444  3.635e+06
      2.45  3.536e+06
     2.457  3.441e+06
     2.463  3.349e+06
     2.469  3.265e+06
     2.474  3.184e+06
      2.48  3.102e+06
     2.486  3.022e+06
     2.492  2.946e+06
     2.497  2.872e+06
     2.503  2.801e+06
     2.508  2.732e+06
     2.513  2.666e+06
     2.519  2.602e+06
     2.524   2.54e+06
     2.529   2.48e+06
     2.534  2.423e+06
     2.539  2.367e+06
     2.544  2.313e+06
