    0.7783  8.889e+08
         1  3.563e+08
     1.146  1.946e+08
     1.255  1.189e+08
     1.343  8.572e+07
     1.415  5.715e+07
     1.477  4.575e+07
     1.532  3.896e+07
      1.58  3.139e+07
     1.623  2.503e+07
     1.663  2.115e+07
     1.699  1.703e+07
     1.733  1.663e+07
     1.764  1.235e+07
     1.793  1.046e+07
      1.82  9.115e+06
     1.845  8.707e+06
     1.869  8.678e+06
     1.892  7.416e+06
     1.914  5.953e+06
     1.935  5.316e+06
     1.954  5.776e+06
     1.973  5.896e+06
     1.991   4.84e+06
     2.009  3.348e+06
     2.025  3.355e+06
     2.042  3.394e+06
     2.057  3.062e+06
     2.072  3.024e+06
     2.087  3.046e+06
     2.101  2.977e+06
     2.114  3.086e+06
     2.127  3.573e+06
      2.14   3.01e+06
     2.152  2.837e+06
     2.165  2.967e+06
     2.176  2.302e+06
     2.188  2.096e+06
     2.199  1.925e+06
      2.21  1.929e+06
      2.22  1.751e+06
     2.231  1.675e+06
     2.241  1.554e+06
     2.251  1.414e+06
      2.26  1.396e+06
      2.27  1.246e+06
     2.279  9.166e+05
     2.288  9.286e+05
     2.297  9.445e+05
     2.306   8.51e+05
     2.314  9.934e+05
     2.322  9.656e+05
     2.331  7.997e+05
     2.339   8.95e+05
     2.347  7.697e+05
     2.354  6.925e+05
     2.362  7.503e+05
     2.369  9.538e+05
     2.377  1.025e+06
     2.384  7.512e+05
     2.391  6.628e+05
     2.398  7.493e+05
     2.405  5.186e+05
     2.412  4.149e+05
     2.418  3.124e+05
     2.425  3.103e+05
     2.432  3.185e+05
     2.438  2.497e+05
     2.444  1.823e+05
      2.45  1.453e+05
     2.457  1.288e+05
     2.463  9.453e+04
     2.469  2.604e+05
     2.474   2.39e+05
      2.48  8.929e+04
     2.486  6.933e+04
     2.492  6.063e+04
     2.497  5.359e+04
     2.503  4.065e+04
     2.508  3.207e+04
     2.513  3.256e+04
     2.519  2.381e+04
     2.524  1.535e+04
     2.529  2.005e+04
     2.534  1.344e+04
     2.539  1.141e+04
     2.544          0
