     2.001      19.39
     6.002      19.79
        10      20.33
     14.01      20.78
     18.01      21.08
     22.01      21.35
     26.01      21.69
     30.01      21.91
     34.01       22.1
     38.02      22.39
     42.02      22.65
     46.02      22.78
     50.02      22.97
     54.02      23.21
     58.02       23.4
     62.02      23.44
     66.03      23.59
     70.03      23.78
     74.03       23.9
     78.03      24.14
     82.03      24.32
     86.03      24.33
     90.04      24.43
     94.04      24.59
     98.04      24.81
       102      25.11
       106      25.28
       110      25.03
       114      25.24
       118       25.3
       122      25.63
       126      25.59
     130.1      25.66
     134.1      25.95
     138.1      26.37
     142.1      26.39
     146.1       26.4
     150.1      26.64
     154.1       26.8
     158.1      27.21
     162.1      26.98
     166.1      27.26
     170.1      27.41
     174.1      27.79
     178.1      27.73
     182.1      28.06
     186.1      28.58
     190.1      28.73
     194.1      28.73
     198.1      28.68
     202.1      29.09
     206.1      29.35
     210.1       29.4
     214.1       29.2
     218.1      29.07
     222.1      29.47
     226.1      29.78
     230.1      29.36
     234.1       29.2
     238.1      29.69
     242.1      29.56
     246.1      30.07
     250.1      30.57
     254.1       30.4
     258.1      30.59
     262.1      30.63
     266.1      30.87
     270.1      30.74
     274.1      31.11
     278.1      31.31
     282.1      31.66
     286.1      32.04
     290.1      32.09
     294.1       31.5
     298.1      31.45
     302.1      31.78
     306.1      32.07
     310.1      31.66
     314.1      32.13
     318.1       32.7
     322.1      32.33
     326.1      32.86
     330.1      32.83
     334.1       32.4
     338.1      32.05
     342.1      32.78
     346.1      33.94
     350.1      35.52
