     6.002  3.431e+08
        10  1.168e+08
        14  6.046e+07
     18.01  3.072e+07
     22.01  1.568e+07
     26.01   7.73e+06
     30.01  6.012e+06
     34.01  5.056e+06
     38.01  3.705e+06
     42.01   2.46e+06
     46.02  2.255e+06
     50.02  1.921e+06
     54.02  1.282e+06
     58.02  9.798e+05
     62.02  5.337e+05
     66.02  6.114e+05
     70.02   5.54e+05
     74.03  5.226e+05
     78.03  5.743e+05
     82.03  6.696e+05
     86.03   5.53e+05
     90.03  4.973e+05
     94.03  5.343e+05
     98.03  5.605e+05
       102  5.325e+05
       106   5.63e+05
       110  5.082e+05
       114  3.767e+05
       118  3.849e+05
       122  4.208e+05
       126  3.673e+05
       130  3.571e+05
       134   2.03e+05
       138  2.778e+05
     142.1  4.209e+05
     146.1  3.998e+05
     150.1  6.846e+05
     154.1  5.354e+05
     158.1  4.524e+05
     162.1  5.322e+05
     166.1  3.004e+05
     170.1  2.913e+05
     174.1  1.749e+05
     178.1  1.123e+05
     182.1  8.419e+04
     186.1  7.091e+04
     190.1   4.84e+04
     194.1  1.759e+04
     198.1  3.466e+04
     202.1  3.862e+04
     206.1  5.089e+04
     210.1  6.543e+04
     214.1  3.466e+04
     218.1  6.536e+04
     222.1  4.903e+04
     226.1  3.057e+04
     230.1  1.249e+04
     234.1  2.632e+04
     238.1       5668
     242.1       2771
     246.1  1.388e+04
     250.1       3026
     254.1  1.407e+04
     258.1       5198
     262.1  1.042e+04
     266.1          0
     270.1       2742
     274.1          0
     278.1       7327
     282.1       7282
     286.1       4703
     290.1       7473
     294.1          0
     298.1          0
     302.1          0
     306.1       2225
     310.1       4856
     314.1          0
     318.1       6857
     322.1       2058
     326.1       2017
     330.1          0
     334.1       4193
     338.1       2061
     342.1       2089
     346.1          0
     350.1          0
