     6.002  6.026e+08
        10  2.383e+08
        14  1.395e+08
     18.01   9.19e+07
     22.01  6.446e+07
     26.01  4.713e+07
     30.01  3.622e+07
     34.01  2.892e+07
     38.01  2.362e+07
     42.01   1.96e+07
     46.02  1.659e+07
     50.02  1.425e+07
     54.02  1.233e+07
     58.02  1.077e+07
     62.02  9.448e+06
     66.02  8.378e+06
     70.02  7.485e+06
     74.03  6.733e+06
     78.03  6.101e+06
     82.03  5.572e+06
     86.03  5.105e+06
     90.03  4.696e+06
     94.03  4.342e+06
     98.03  4.033e+06
       102  3.759e+06
       106  3.518e+06
       110  3.299e+06
       114  3.094e+06
       118   2.91e+06
       122  2.747e+06
       126  2.596e+06
       130  2.458e+06
       134  2.324e+06
       138  2.205e+06
     142.1  2.105e+06
     146.1  2.011e+06
     150.1   1.94e+06
     154.1  1.868e+06
     158.1  1.796e+06
     162.1  1.733e+06
     166.1  1.664e+06
     170.1    1.6e+06
     174.1  1.534e+06
     178.1   1.47e+06
     182.1  1.409e+06
     186.1  1.352e+06
     190.1  1.297e+06
     194.1  1.244e+06
     198.1  1.195e+06
     202.1   1.15e+06
     206.1  1.107e+06
     210.1  1.067e+06
     214.1  1.029e+06
     218.1  9.933e+05
     222.1  9.593e+05
     226.1  9.264e+05
     230.1  8.946e+05
     234.1   8.65e+05
     238.1  8.361e+05
     242.1  8.085e+05
     246.1  7.827e+05
     250.1  7.577e+05
     254.1  7.343e+05
     258.1  7.117e+05
     262.1  6.903e+05
     266.1  6.695e+05
     270.1  6.498e+05
     274.1  6.308e+05
     278.1  6.129e+05
     282.1  5.957e+05
     286.1  5.792e+05
     290.1  5.634e+05
     294.1  5.481e+05
     298.1  5.333e+05
     302.1  5.192e+05
     306.1  5.057e+05
     310.1  4.928e+05
     314.1  4.802e+05
     318.1  4.683e+05
     322.1  4.567e+05
     326.1  4.456e+05
     330.1  4.348e+05
     334.1  4.245e+05
     338.1  4.145e+05
     342.1  4.048e+05
     346.1  3.955e+05
     350.1  3.864e+05
