    0.7783  3.431e+08
         1  1.168e+08
     1.146  6.046e+07
     1.255  3.072e+07
     1.343  1.568e+07
     1.415   7.73e+06
     1.477  6.012e+06
     1.532  5.056e+06
      1.58  3.705e+06
     1.623   2.46e+06
     1.663  2.255e+06
     1.699  1.921e+06
     1.733  1.282e+06
     1.764  9.798e+05
     1.793  5.337e+05
      1.82  6.114e+05
     1.845   5.54e+05
     1.869  5.226e+05
     1.892  5.743e+05
     1.914  6.696e+05
     1.935   5.53e+05
     1.954  4.973e+05
     1.973  5.343e+05
     1.991  5.605e+05
     2.009  5.325e+05
     2.025   5.63e+05
     2.042  5.082e+05
     2.057  3.767e+05
     2.072  3.849e+05
     2.087  4.208e+05
     2.101  3.673e+05
     2.114  3.571e+05
     2.127   2.03e+05
      2.14  2.778e+05
     2.152  4.209e+05
     2.165  3.998e+05
     2.176  6.846e+05
     2.188  5.354e+05
     2.199  4.524e+05
      2.21  5.322e+05
      2.22  3.004e+05
     2.231  2.913e+05
     2.241  1.749e+05
     2.251  1.123e+05
      2.26  8.419e+04
      2.27  7.091e+04
     2.279   4.84e+04
     2.288  1.759e+04
     2.297  3.466e+04
     2.306  3.862e+04
     2.314  5.089e+04
     2.322  6.543e+04
     2.331  3.466e+04
     2.339  6.536e+04
     2.347  4.903e+04
     2.354  3.057e+04
     2.362  1.249e+04
     2.369  2.632e+04
     2.377       5668
     2.384       2771
     2.391  1.388e+04
     2.398       3026
     2.405  1.407e+04
     2.412       5198
     2.418  1.042e+04
     2.425          0
     2.432       2742
     2.438          0
     2.444       7327
      2.45       7282
     2.457       4703
     2.463       7473
     2.469          0
     2.474          0
      2.48          0
     2.486       2225
     2.492       4856
     2.497          0
     2.503       6857
     2.508       2058
     2.513       2017
     2.519          0
     2.524       4193
     2.529       2061
     2.534       2089
     2.539          0
     2.544          0
