    0.7783  6.026e+08
         1  2.383e+08
     1.146  1.395e+08
     1.255   9.19e+07
     1.343  6.446e+07
     1.415  4.713e+07
     1.477  3.622e+07
     1.532  2.892e+07
      1.58  2.362e+07
     1.623   1.96e+07
     1.663  1.659e+07
     1.699  1.425e+07
     1.733  1.233e+07
     1.764  1.077e+07
     1.793  9.448e+06
      1.82  8.378e+06
     1.845  7.485e+06
     1.869  6.733e+06
     1.892  6.101e+06
     1.914  5.572e+06
     1.935  5.105e+06
     1.954  4.696e+06
     1.973  4.342e+06
     1.991  4.033e+06
     2.009  3.759e+06
     2.025  3.518e+06
     2.042  3.299e+06
     2.057  3.094e+06
     2.072   2.91e+06
     2.087  2.747e+06
     2.101  2.596e+06
     2.114  2.458e+06
     2.127  2.324e+06
      2.14  2.205e+06
     2.152  2.105e+06
     2.165  2.011e+06
     2.176   1.94e+06
     2.188  1.868e+06
     2.199  1.796e+06
      2.21  1.733e+06
      2.22  1.664e+06
     2.231    1.6e+06
     2.241  1.534e+06
     2.251   1.47e+06
      2.26  1.409e+06
      2.27  1.352e+06
     2.279  1.297e+06
     2.288  1.244e+06
     2.297  1.195e+06
     2.306   1.15e+06
     2.314  1.107e+06
     2.322  1.067e+06
     2.331  1.029e+06
     2.339  9.933e+05
     2.347  9.593e+05
     2.354  9.264e+05
     2.362  8.946e+05
     2.369   8.65e+05
     2.377  8.361e+05
     2.384  8.085e+05
     2.391  7.827e+05
     2.398  7.577e+05
     2.405  7.343e+05
     2.412  7.117e+05
     2.418  6.903e+05
     2.425  6.695e+05
     2.432  6.498e+05
     2.438  6.308e+05
     2.444  6.129e+05
      2.45  5.957e+05
     2.457  5.792e+05
     2.463  5.634e+05
     2.469  5.481e+05
     2.474  5.333e+05
      2.48  5.192e+05
     2.486  5.057e+05
     2.492  4.928e+05
     2.497  4.802e+05
     2.503  4.683e+05
     2.508  4.567e+05
     2.513  4.456e+05
     2.519  4.348e+05
     2.524  4.245e+05
     2.529  4.145e+05
     2.534  4.048e+05
     2.539  3.955e+05
     2.544  3.864e+05
