     2.001  2.937e+10
     6.002   6.82e+10
        10  1.079e+11
        14  1.421e+11
     18.01  1.664e+11
     22.01  1.824e+11
     26.01   1.92e+11
     30.01  2.009e+11
     34.01  2.094e+11
     38.01  2.166e+11
     42.01  2.219e+11
     46.02  2.272e+11
     50.02  2.322e+11
     54.02  2.359e+11
     58.02  2.388e+11
     62.02  2.406e+11
     66.02  2.427e+11
     70.02  2.448e+11
     74.03  2.469e+11
     78.03  2.493e+11
     82.03  2.522e+11
     86.03  2.548e+11
     90.03  2.572e+11
     94.03    2.6e+11
     98.03  2.629e+11
       102  2.659e+11
       106  2.691e+11
       110  2.722e+11
       114  2.745e+11
       118   2.77e+11
       122  2.798e+11
       126  2.824e+11
       130  2.849e+11
       134  2.864e+11
       138  2.885e+11
     142.1  2.918e+11
     146.1   2.95e+11
     150.1  3.007e+11
     154.1  3.052e+11
     158.1  3.091e+11
     162.1  3.139e+11
     166.1  3.167e+11
     170.1  3.194e+11
     174.1  3.211e+11
     178.1  3.222e+11
     182.1   3.23e+11
     186.1  3.238e+11
     190.1  3.243e+11
     194.1  3.245e+11
     198.1  3.248e+11
     202.1  3.253e+11
     206.1  3.259e+11
     210.1  3.266e+11
     214.1   3.27e+11
     218.1  3.278e+11
     222.1  3.284e+11
     226.1  3.288e+11
     230.1   3.29e+11
     234.1  3.293e+11
     238.1  3.294e+11
     242.1  3.294e+11
     246.1  3.296e+11
     250.1  3.297e+11
     254.1  3.299e+11
     258.1  3.299e+11
     262.1  3.301e+11
     266.1  3.301e+11
     270.1  3.301e+11
     274.1  3.301e+11
     278.1  3.302e+11
     282.1  3.304e+11
     286.1  3.304e+11
     290.1  3.305e+11
     294.1  3.305e+11
     298.1  3.305e+11
     302.1  3.305e+11
     306.1  3.306e+11
     310.1  3.307e+11
     314.1  3.307e+11
     318.1  3.308e+11
     322.1  3.308e+11
     326.1  3.309e+11
     330.1  3.309e+11
     334.1  3.309e+11
     338.1   3.31e+11
     342.1   3.31e+11
     346.1   3.31e+11
     350.1   3.31e+11
