     2.001  1.074e-16
     6.002  2.894e-17
        10  1.748e-17
        14  8.893e-18
     18.01  5.861e-18
     22.01  3.685e-18
     26.01  2.837e-18
     30.01   2.47e-18
     34.01   1.97e-18
     38.01  1.322e-18
     42.01  9.614e-19
     46.02  9.472e-19
     50.02  7.215e-19
     54.02  4.504e-19
     58.02  3.173e-19
     62.02  2.336e-19
     66.02  2.252e-19
     70.02  2.552e-19
     74.03  2.356e-19
     78.03  2.648e-19
     82.03  2.489e-19
     86.03  2.114e-19
     90.03  2.403e-19
     94.03  2.583e-19
     98.03  1.699e-19
       102  2.789e-19
       106  2.227e-19
       110  1.822e-19
       114  1.853e-19
       118  2.316e-19
       122  2.076e-19
       126  1.833e-19
       130  1.339e-19
       134  1.051e-19
       138  1.441e-19
     142.1  1.394e-19
     146.1  1.965e-19
     150.1  2.533e-19
     154.1   1.62e-19
     158.1  1.861e-19
     162.1  1.426e-19
     166.1  1.219e-19
     170.1  8.428e-20
     174.1  4.962e-20
     178.1  3.717e-20
     182.1  2.709e-20
     186.1  2.824e-20
     190.1  1.023e-20
     194.1  6.785e-21
     198.1  1.483e-20
     202.1    1.4e-20
     206.1  1.944e-20
     210.1  1.316e-20
     214.1  1.509e-20
     218.1  1.905e-20
     222.1  7.716e-21
     226.1  7.273e-21
     230.1  7.103e-21
     234.1  4.316e-21
     238.1  1.704e-21
     242.1   2.05e-21
     246.1  3.195e-21
     250.1  3.931e-21
     254.1  2.149e-21
     258.1  4.351e-21
     262.1  2.538e-21
     266.1  4.824e-22
     270.1  7.462e-22
     274.1  3.266e-21
     278.1  4.806e-21
     282.1  4.546e-21
     286.1  6.268e-21
     290.1  2.528e-21
     294.1      1e-23
     298.1  1.215e-23
     302.1  1.646e-21
     306.1  8.948e-21
     310.1  3.098e-21
     314.1  4.978e-21
     318.1  1.843e-20
     322.1  3.471e-21
     326.1  1.539e-21
     330.1  7.597e-21
     334.1  1.521e-20
     338.1  2.218e-20
     342.1  2.176e-21
     346.1      1e-23
     350.1      1e-23
