     2.001      18.27
     6.002       19.5
        10      20.19
        14      20.93
     18.01      21.58
     22.01      22.24
     26.01      22.44
     30.01      23.27
     34.01       23.9
     38.01       24.7
     42.01      26.31
     46.02      27.08
     50.02      27.44
     54.02      28.05
     58.02      29.13
     62.02      29.49
     66.02      29.56
     70.02      30.49
     74.03      30.57
     78.03      30.46
     82.03      30.98
     86.03      31.26
     90.03      31.14
     94.03      31.01
     98.03      31.48
       102      31.59
       106      31.64
       110      32.22
       114      32.28
       118      32.04
       122      32.41
       126      32.49
       130      33.12
       134      33.13
       138      32.84
     142.1      32.91
     146.1      32.87
     150.1      32.68
     154.1      32.63
     158.1      32.64
     162.1      32.79
     166.1       33.2
     170.1      33.71
     174.1      34.06
     178.1      34.22
     182.1      34.35
     186.1      34.58
     190.1      34.99
     194.1      35.07
     198.1      34.88
     202.1      34.84
     206.1      34.73
     210.1      34.88
     214.1      34.92
     218.1      34.89
     222.1      35.08
     226.1      35.15
     230.1      35.25
     234.1      35.31
     238.1       35.4
     242.1      35.38
     246.1      35.35
     250.1      35.33
     254.1      35.34
     258.1      35.29
     262.1      35.34
     266.1      35.46
     270.1      35.45
     274.1       35.3
     278.1      35.22
     282.1      35.29
     286.1      35.14
     290.1      35.37
     294.1      35.52
     298.1      35.52
     302.1       35.4
     306.1      35.13
     310.1      35.36
     314.1      35.27
     318.1      34.94
     322.1      35.22
     326.1      35.38
     330.1      35.07
     334.1      34.56
     338.1      34.55
     342.1      35.27
     346.1      35.52
     350.1      35.52
