     2.001      17.94
     6.002      19.36
        10      19.91
        14      20.64
     18.01       21.1
     22.01       21.6
     26.01      21.88
     30.01      22.03
     34.01      22.28
     38.01      22.71
     42.01      23.06
     46.02      23.08
     50.02      23.37
     54.02      23.88
     58.02      24.26
     62.02      24.59
     66.02      24.63
     70.02       24.5
     74.03      24.59
     78.03      24.46
     82.03      24.53
     86.03       24.7
     90.03      24.56
     94.03      24.49
     98.03      24.94
       102       24.4
       106      24.65
       110      24.86
       114      24.85
       118       24.6
       122      24.72
       126      24.86
       130       25.2
       134      25.46
       138      25.12
     142.1      25.16
     146.1      24.78
     150.1      24.51
     154.1      24.99
     158.1      24.84
     162.1      25.13
     166.1       25.3
     170.1       25.7
     174.1      26.28
     178.1      26.59
     182.1      26.93
     186.1      26.89
     190.1      27.99
     194.1      28.44
     198.1      27.59
     202.1      27.65
     206.1      27.29
     210.1      27.72
     214.1      27.57
     218.1      27.32
     222.1       28.3
     226.1      28.36
     230.1      28.39
     234.1      28.93
     238.1      29.94
     242.1      29.74
     246.1      29.26
     250.1      29.03
     254.1      29.69
     258.1      28.92
     262.1       29.5
     266.1      31.31
     270.1      30.83
     274.1      29.23
     278.1      28.81
     282.1      28.87
     286.1      28.52
     290.1      29.51
     294.1      35.52
     298.1       35.3
     302.1      29.98
     306.1      28.14
     310.1      29.29
     314.1      28.77
     318.1      27.35
     322.1      29.17
     326.1      30.05
     330.1      28.31
     334.1      27.56
     338.1      27.15
     342.1      29.67
     346.1      35.52
     350.1      35.52
