     6.002  1.012e+09
        10  3.832e+08
     14.01  2.248e+08
     18.01  1.594e+08
     22.01  1.228e+08
     26.01      1e+08
     30.01  8.353e+07
     34.01  7.164e+07
     38.02  6.206e+07
     42.02   5.45e+07
     46.02  4.827e+07
     50.02  4.291e+07
     54.02   3.85e+07
     58.02  3.459e+07
     62.02  3.129e+07
     66.03  2.838e+07
     70.03  2.597e+07
     74.03   2.38e+07
     78.03  2.189e+07
     82.03  2.025e+07
     86.03  1.874e+07
     90.04  1.734e+07
     94.04  1.612e+07
     98.04  1.507e+07
       102   1.41e+07
       106  1.321e+07
       110  1.243e+07
       114  1.173e+07
       118  1.106e+07
       122  1.044e+07
       126  9.861e+06
     130.1  9.361e+06
     134.1  8.885e+06
     138.1  8.435e+06
     142.1  8.011e+06
     146.1  7.611e+06
     150.1  7.247e+06
     154.1    6.9e+06
     158.1  6.581e+06
     162.1  6.286e+06
     166.1  6.013e+06
     170.1   5.75e+06
     174.1  5.506e+06
     178.1  5.277e+06
     182.1   5.06e+06
     186.1  4.857e+06
     190.1  4.667e+06
     194.1  4.487e+06
     198.1  4.319e+06
     202.1  4.163e+06
     206.1  4.024e+06
     210.1  3.883e+06
     214.1  3.747e+06
     218.1  3.619e+06
     222.1    3.5e+06
     226.1  3.383e+06
     230.1  3.271e+06
     234.1  3.164e+06
     238.1  3.062e+06
     242.1  2.965e+06
     246.1  2.872e+06
     250.1  2.784e+06
     254.1  2.699e+06
     258.1  2.619e+06
     262.1  2.541e+06
     266.1  2.467e+06
     270.1  2.396e+06
     274.1  2.328e+06
     278.1  2.263e+06
     282.1  2.201e+06
     286.1  2.141e+06
     290.1  2.083e+06
     294.1  2.027e+06
     298.1  1.974e+06
     302.1  1.922e+06
     306.1  1.872e+06
     310.1  1.825e+06
     314.1  1.779e+06
     318.1  1.734e+06
     322.1  1.691e+06
     326.1   1.65e+06
     330.1   1.61e+06
     334.1  1.572e+06
     338.1  1.535e+06
     342.1  1.499e+06
     346.1  1.464e+06
     350.1  1.431e+06
