     6.002  7.197e+08
        10  1.737e+08
     14.01  9.805e+07
     18.01   7.54e+07
     22.01  5.775e+07
     26.01  4.826e+07
     30.01  3.779e+07
     34.01  3.282e+07
     38.02  2.598e+07
     42.02  2.225e+07
     46.02  1.861e+07
     50.02  1.475e+07
     54.02  1.307e+07
     58.02  1.014e+07
     62.02  8.943e+06
     66.03  7.264e+06
     70.03  7.259e+06
     74.03  5.911e+06
     78.03  5.124e+06
     82.03   5.07e+06
     86.03  4.021e+06
     90.04  2.979e+06
     94.04  3.069e+06
     98.04  3.182e+06
       102  2.724e+06
       106  2.281e+06
       110  2.475e+06
       114    2.5e+06
       118  1.754e+06
       122  1.672e+06
       126  1.309e+06
     130.1  1.749e+06
     134.1  1.376e+06
     138.1  1.127e+06
     142.1  9.117e+05
     146.1  7.106e+05
     150.1  7.844e+05
     154.1  5.668e+05
     158.1  5.865e+05
     162.1  6.153e+05
     166.1  6.157e+05
     170.1   4.23e+05
     174.1  4.529e+05
     178.1  3.992e+05
     182.1  3.433e+05
     186.1  3.345e+05
     190.1  3.459e+05
     194.1  3.051e+05
     198.1  3.173e+05
     202.1  3.949e+05
     206.1  5.744e+05
     210.1  3.324e+05
     214.1  2.427e+05
     218.1  2.449e+05
     222.1  3.373e+05
     226.1  1.786e+05
     230.1  1.523e+05
     234.1  1.636e+05
     238.1  1.285e+05
     242.1  1.175e+05
     246.1  1.138e+05
     250.1   1.14e+05
     254.1   8.77e+04
     258.1  1.138e+05
     262.1  6.938e+04
     266.1  6.768e+04
     270.1  8.678e+04
     274.1  7.447e+04
     278.1  6.558e+04
     282.1  6.033e+04
     286.1  6.229e+04
     290.1   5.34e+04
     294.1  2.908e+04
     298.1  2.621e+04
     302.1   2.17e+04
     306.1  1.357e+04
     310.1  2.597e+04
     314.1  1.913e+04
     318.1       6398
     322.1  2.557e+04
     326.1  1.231e+04
     330.1       3850
     334.1       3948
     338.1          0
     342.1       2112
     346.1       1892
     350.1          0
