    0.7783  1.012e+09
         1  3.832e+08
     1.146  2.248e+08
     1.255  1.594e+08
     1.343  1.228e+08
     1.415      1e+08
     1.477  8.353e+07
     1.532  7.164e+07
      1.58  6.206e+07
     1.623   5.45e+07
     1.663  4.827e+07
     1.699  4.291e+07
     1.733   3.85e+07
     1.764  3.459e+07
     1.793  3.129e+07
      1.82  2.838e+07
     1.845  2.597e+07
     1.869   2.38e+07
     1.892  2.189e+07
     1.914  2.025e+07
     1.935  1.874e+07
     1.954  1.734e+07
     1.973  1.612e+07
     1.991  1.507e+07
     2.009   1.41e+07
     2.025  1.321e+07
     2.042  1.243e+07
     2.057  1.173e+07
     2.072  1.106e+07
     2.087  1.044e+07
     2.101  9.861e+06
     2.114  9.361e+06
     2.127  8.885e+06
      2.14  8.435e+06
     2.152  8.011e+06
     2.165  7.611e+06
     2.176  7.247e+06
     2.188    6.9e+06
     2.199  6.581e+06
      2.21  6.286e+06
      2.22  6.013e+06
     2.231   5.75e+06
     2.241  5.506e+06
     2.251  5.277e+06
      2.26   5.06e+06
      2.27  4.857e+06
     2.279  4.667e+06
     2.288  4.487e+06
     2.297  4.319e+06
     2.306  4.163e+06
     2.314  4.024e+06
     2.322  3.883e+06
     2.331  3.747e+06
     2.339  3.619e+06
     2.347    3.5e+06
     2.354  3.383e+06
     2.362  3.271e+06
     2.369  3.164e+06
     2.377  3.062e+06
     2.384  2.965e+06
     2.391  2.872e+06
     2.398  2.784e+06
     2.405  2.699e+06
     2.412  2.619e+06
     2.418  2.541e+06
     2.425  2.467e+06
     2.432  2.396e+06
     2.438  2.328e+06
     2.444  2.263e+06
      2.45  2.201e+06
     2.457  2.141e+06
     2.463  2.083e+06
     2.469  2.027e+06
     2.474  1.974e+06
      2.48  1.922e+06
     2.486  1.872e+06
     2.492  1.825e+06
     2.497  1.779e+06
     2.503  1.734e+06
     2.508  1.691e+06
     2.513   1.65e+06
     2.519   1.61e+06
     2.524  1.572e+06
     2.529  1.535e+06
     2.534  1.499e+06
     2.539  1.464e+06
     2.544  1.431e+06
