    0.7783  7.197e+08
         1  1.737e+08
     1.146  9.805e+07
     1.255   7.54e+07
     1.343  5.775e+07
     1.415  4.826e+07
     1.477  3.779e+07
     1.532  3.282e+07
      1.58  2.598e+07
     1.623  2.225e+07
     1.663  1.861e+07
     1.699  1.475e+07
     1.733  1.307e+07
     1.764  1.014e+07
     1.793  8.943e+06
      1.82  7.264e+06
     1.845  7.259e+06
     1.869  5.911e+06
     1.892  5.124e+06
     1.914   5.07e+06
     1.935  4.021e+06
     1.954  2.979e+06
     1.973  3.069e+06
     1.991  3.182e+06
     2.009  2.724e+06
     2.025  2.281e+06
     2.042  2.475e+06
     2.057    2.5e+06
     2.072  1.754e+06
     2.087  1.672e+06
     2.101  1.309e+06
     2.114  1.749e+06
     2.127  1.376e+06
      2.14  1.127e+06
     2.152  9.117e+05
     2.165  7.106e+05
     2.176  7.844e+05
     2.188  5.668e+05
     2.199  5.865e+05
      2.21  6.153e+05
      2.22  6.157e+05
     2.231   4.23e+05
     2.241  4.529e+05
     2.251  3.992e+05
      2.26  3.433e+05
      2.27  3.345e+05
     2.279  3.459e+05
     2.288  3.051e+05
     2.297  3.173e+05
     2.306  3.949e+05
     2.314  5.744e+05
     2.322  3.324e+05
     2.331  2.427e+05
     2.339  2.449e+05
     2.347  3.373e+05
     2.354  1.786e+05
     2.362  1.523e+05
     2.369  1.636e+05
     2.377  1.285e+05
     2.384  1.175e+05
     2.391  1.138e+05
     2.398   1.14e+05
     2.405   8.77e+04
     2.412  1.138e+05
     2.418  6.938e+04
     2.425  6.768e+04
     2.432  8.678e+04
     2.438  7.447e+04
     2.444  6.558e+04
      2.45  6.033e+04
     2.457  6.229e+04
     2.463   5.34e+04
     2.469  2.908e+04
     2.474  2.621e+04
      2.48   2.17e+04
     2.486  1.357e+04
     2.492  2.597e+04
     2.497  1.913e+04
     2.503       6398
     2.508  2.557e+04
     2.513  1.231e+04
     2.519       3850
     2.524       3948
     2.529          0
     2.534       2112
     2.539       1892
     2.544          0
