     2.001      18.97
     6.002      20.23
        10      20.77
     14.01      21.06
     18.01      21.19
     22.01      21.41
     26.01      21.62
     30.01      21.84
     34.01      21.99
     38.02      22.24
     42.02      22.38
     46.02      22.65
     50.02      22.93
     54.02      23.05
     58.02      23.35
     62.02      23.64
     66.03      23.68
     70.03      23.81
     74.03      23.95
     78.03       24.1
     82.03      24.39
     86.03      24.56
     90.04      24.86
     94.04      25.09
     98.04      25.23
       102      25.57
       106      25.79
       110      26.01
       114      26.34
       118      26.56
       122      26.79
       126      27.29
     130.1      27.13
     134.1      27.71
     138.1      28.32
     142.1      28.65
     146.1      28.96
     150.1      29.12
     154.1      29.79
     158.1      29.58
     162.1      29.99
     166.1      30.56
     170.1         31
     174.1      31.02
     178.1       31.3
     182.1      31.35
     186.1      31.32
     190.1      31.18
     194.1       31.4
     198.1      31.51
     202.1      31.71
     206.1       32.3
     210.1      32.42
     214.1      32.38
     218.1      32.28
     222.1      32.77
     226.1      33.11
     230.1      33.06
     234.1      33.21
     238.1      33.56
     242.1      33.71
     246.1      33.62
     250.1      33.75
     254.1      33.66
     258.1      33.36
     262.1      33.48
     266.1      33.41
     270.1      33.44
     274.1      33.32
     278.1       33.7
     282.1      33.69
     286.1      33.34
     290.1      33.49
     294.1      34.03
     298.1      33.83
     302.1      34.69
     306.1      34.65
     310.1      33.57
     314.1      34.12
     318.1      33.98
     322.1      33.63
     326.1      34.36
     330.1      34.72
     334.1      34.94
     338.1      35.09
     342.1      34.83
     346.1      35.16
     350.1      35.52
