     6.002  9.072e+08
        10  4.477e+08
        14  3.027e+08
        18  2.342e+08
     22.01  1.949e+08
     26.01  1.664e+08
     30.01  1.461e+08
     34.01  1.303e+08
     38.01  1.173e+08
     42.01  1.058e+08
     46.01  9.675e+07
     50.01  8.912e+07
     54.01  8.278e+07
     58.02  7.711e+07
     62.02  7.183e+07
     66.02  6.718e+07
     70.02  6.288e+07
     74.02  5.897e+07
     78.02  5.525e+07
     82.02  5.194e+07
     86.02  4.885e+07
     90.02  4.594e+07
     94.03  4.328e+07
     98.03   4.08e+07
       102  3.853e+07
       106  3.651e+07
       110  3.467e+07
       114  3.296e+07
       118  3.139e+07
       122  2.992e+07
       126  2.857e+07
       130  2.729e+07
       134   2.61e+07
       138  2.499e+07
       142    2.4e+07
       146  2.307e+07
       150  2.218e+07
       154  2.131e+07
       158  2.051e+07
       162  1.974e+07
       166    1.9e+07
       170  1.831e+07
       174  1.764e+07
       178  1.702e+07
     182.1  1.643e+07
     186.1  1.585e+07
     190.1  1.532e+07
     194.1  1.482e+07
     198.1  1.433e+07
     202.1  1.387e+07
     206.1  1.344e+07
     210.1  1.303e+07
     214.1  1.264e+07
     218.1  1.228e+07
     222.1  1.193e+07
     226.1  1.159e+07
     230.1  1.126e+07
     234.1  1.096e+07
     238.1  1.067e+07
     242.1  1.039e+07
     246.1  1.011e+07
     250.1   9.84e+06
     254.1  9.572e+06
     258.1  9.311e+06
     262.1  9.057e+06
     266.1  8.806e+06
     270.1  8.564e+06
     274.1  8.331e+06
     278.1  8.105e+06
     282.1  7.887e+06
     286.1  7.679e+06
     290.1  7.485e+06
     294.1  7.295e+06
     298.1  7.108e+06
     302.1  6.925e+06
     306.1  6.748e+06
     310.1  6.579e+06
     314.1  6.414e+06
     318.1  6.256e+06
     322.1  6.102e+06
     326.1  5.955e+06
     330.1  5.812e+06
     334.1  5.674e+06
     338.1  5.542e+06
     342.1  5.413e+06
     346.1  5.288e+06
     350.1  5.167e+06
