     6.002  6.715e+08
        10  2.945e+08
        14  1.868e+08
        18  1.461e+08
     22.01   1.25e+08
     26.01  1.017e+08
     30.01  8.983e+07
     34.01  7.862e+07
     38.01  6.837e+07
     42.01  5.687e+07
     46.01  5.359e+07
     50.01  4.898e+07
     54.01  4.624e+07
     58.02  4.167e+07
     62.02  3.616e+07
     66.02  3.343e+07
     70.02  2.945e+07
     74.02  2.672e+07
     78.02  2.271e+07
     82.02  2.128e+07
     86.02  1.874e+07
     90.02  1.609e+07
     94.03  1.466e+07
     98.03  1.282e+07
       102  1.195e+07
       106  1.172e+07
       110  1.116e+07
       114  1.034e+07
       118  9.775e+06
       122  8.888e+06
       126  8.725e+06
       130  7.794e+06
       134  7.267e+06
       138  6.926e+06
       142  7.486e+06
       146  7.011e+06
       150  6.302e+06
       154  5.571e+06
       158  5.478e+06
       162  4.836e+06
       166  4.501e+06
       170  4.218e+06
       174  3.823e+06
       178  3.735e+06
     182.1  3.638e+06
     186.1  3.065e+06
     190.1  3.255e+06
     194.1  3.122e+06
     198.1  2.732e+06
     202.1  2.771e+06
     206.1  2.719e+06
     210.1  2.622e+06
     214.1  2.647e+06
     218.1  2.908e+06
     222.1  2.534e+06
     226.1    2.3e+06
     230.1  2.146e+06
     234.1  2.471e+06
     238.1  2.235e+06
     242.1  2.108e+06
     246.1  1.869e+06
     250.1  1.711e+06
     254.1  1.335e+06
     258.1  1.126e+06
     262.1  9.938e+05
     266.1  7.135e+05
     270.1  6.512e+05
     274.1   5.62e+05
     278.1  4.959e+05
     282.1  4.142e+05
     286.1  4.478e+05
     290.1  6.415e+05
     294.1  5.258e+05
     298.1  3.105e+05
     302.1  1.896e+05
     306.1  1.839e+05
     310.1  1.692e+05
     314.1  1.241e+05
     318.1   1.15e+05
     322.1   8.65e+04
     326.1  8.539e+04
     330.1  6.797e+04
     334.1  6.875e+04
     338.1  5.542e+04
     342.1  3.122e+04
     346.1   1.32e+04
     350.1  1.599e+04
