    0.7783  9.072e+08
         1  4.477e+08
     1.146  3.027e+08
     1.255  2.342e+08
     1.343  1.949e+08
     1.415  1.664e+08
     1.477  1.461e+08
     1.532  1.303e+08
      1.58  1.173e+08
     1.623  1.058e+08
     1.663  9.675e+07
     1.699  8.912e+07
     1.733  8.278e+07
     1.764  7.711e+07
     1.793  7.183e+07
      1.82  6.718e+07
     1.845  6.288e+07
     1.869  5.897e+07
     1.892  5.525e+07
     1.914  5.194e+07
     1.935  4.885e+07
     1.954  4.594e+07
     1.973  4.328e+07
     1.991   4.08e+07
     2.009  3.853e+07
     2.025  3.651e+07
     2.042  3.467e+07
     2.057  3.296e+07
     2.072  3.139e+07
     2.086  2.992e+07
       2.1  2.857e+07
     2.114  2.729e+07
     2.127   2.61e+07
      2.14  2.499e+07
     2.152    2.4e+07
     2.164  2.307e+07
     2.176  2.218e+07
     2.188  2.131e+07
     2.199  2.051e+07
      2.21  1.974e+07
      2.22    1.9e+07
     2.231  1.831e+07
     2.241  1.764e+07
     2.251  1.702e+07
      2.26  1.643e+07
      2.27  1.585e+07
     2.279  1.532e+07
     2.288  1.482e+07
     2.297  1.433e+07
     2.305  1.387e+07
     2.314  1.344e+07
     2.322  1.303e+07
     2.331  1.264e+07
     2.339  1.228e+07
     2.346  1.193e+07
     2.354  1.159e+07
     2.362  1.126e+07
     2.369  1.096e+07
     2.377  1.067e+07
     2.384  1.039e+07
     2.391  1.011e+07
     2.398   9.84e+06
     2.405  9.572e+06
     2.412  9.311e+06
     2.418  9.057e+06
     2.425  8.806e+06
     2.431  8.564e+06
     2.438  8.331e+06
     2.444  8.105e+06
      2.45  7.887e+06
     2.456  7.679e+06
     2.463  7.485e+06
     2.468  7.295e+06
     2.474  7.108e+06
      2.48  6.925e+06
     2.486  6.748e+06
     2.491  6.579e+06
     2.497  6.414e+06
     2.503  6.256e+06
     2.508  6.102e+06
     2.513  5.955e+06
     2.519  5.812e+06
     2.524  5.674e+06
     2.529  5.542e+06
     2.534  5.413e+06
     2.539  5.288e+06
     2.544  5.167e+06
