    0.7783  6.715e+08
         1  2.945e+08
     1.146  1.868e+08
     1.255  1.461e+08
     1.343   1.25e+08
     1.415  1.017e+08
     1.477  8.983e+07
     1.532  7.862e+07
      1.58  6.837e+07
     1.623  5.687e+07
     1.663  5.359e+07
     1.699  4.898e+07
     1.733  4.624e+07
     1.764  4.167e+07
     1.793  3.616e+07
      1.82  3.343e+07
     1.845  2.945e+07
     1.869  2.672e+07
     1.892  2.271e+07
     1.914  2.128e+07
     1.935  1.874e+07
     1.954  1.609e+07
     1.973  1.466e+07
     1.991  1.282e+07
     2.009  1.195e+07
     2.025  1.172e+07
     2.042  1.116e+07
     2.057  1.034e+07
     2.072  9.775e+06
     2.086  8.888e+06
       2.1  8.725e+06
     2.114  7.794e+06
     2.127  7.267e+06
      2.14  6.926e+06
     2.152  7.486e+06
     2.164  7.011e+06
     2.176  6.302e+06
     2.188  5.571e+06
     2.199  5.478e+06
      2.21  4.836e+06
      2.22  4.501e+06
     2.231  4.218e+06
     2.241  3.823e+06
     2.251  3.735e+06
      2.26  3.638e+06
      2.27  3.065e+06
     2.279  3.255e+06
     2.288  3.122e+06
     2.297  2.732e+06
     2.305  2.771e+06
     2.314  2.719e+06
     2.322  2.622e+06
     2.331  2.647e+06
     2.339  2.908e+06
     2.346  2.534e+06
     2.354    2.3e+06
     2.362  2.146e+06
     2.369  2.471e+06
     2.377  2.235e+06
     2.384  2.108e+06
     2.391  1.869e+06
     2.398  1.711e+06
     2.405  1.335e+06
     2.412  1.126e+06
     2.418  9.938e+05
     2.425  7.135e+05
     2.431  6.512e+05
     2.438   5.62e+05
     2.444  4.959e+05
      2.45  4.142e+05
     2.456  4.478e+05
     2.463  6.415e+05
     2.468  5.258e+05
     2.474  3.105e+05
      2.48  1.896e+05
     2.486  1.839e+05
     2.491  1.692e+05
     2.497  1.241e+05
     2.503   1.15e+05
     2.508   8.65e+04
     2.513  8.539e+04
     2.519  6.797e+04
     2.524  6.875e+04
     2.529  5.542e+04
     2.534  3.122e+04
     2.539   1.32e+04
     2.544  1.599e+04
