     2.001      20.55
     6.002       20.7
        10      20.94
        14      21.24
        18      21.33
     22.01      21.46
     26.01      21.71
     30.01      21.91
     34.01      22.05
     38.01      22.19
     42.01      22.36
     46.01      22.46
     50.01      22.57
     54.01      22.65
     58.02       22.8
     62.02      22.93
     66.02      23.03
     70.02      23.18
     74.02      23.25
     78.02      23.32
     82.02      23.52
     86.02      23.66
     90.02      23.68
     94.03      23.71
     98.03      23.88
       102      23.94
       106         24
       110      24.07
       114      24.19
       118      24.31
       122      24.28
       126      24.42
       130      24.46
       134      24.76
       138      24.74
       142      24.82
       146      24.99
       150      25.09
       154      25.18
       158      25.29
       162       25.4
       166      25.46
       170      25.66
       174      25.69
       178       25.7
     182.1      25.89
     186.1      26.08
     190.1      26.02
     194.1      26.09
     198.1      26.24
     202.1      26.28
     206.1      26.43
     210.1       26.4
     214.1      26.48
     218.1      26.54
     222.1       26.6
     226.1      26.66
     230.1      26.78
     234.1      26.77
     238.1      27.03
     242.1         27
     246.1      27.26
     250.1      27.36
     254.1      27.79
     258.1      27.49
     262.1      27.92
     266.1      27.93
     270.1      27.84
     274.1      28.23
     278.1      28.22
     282.1      28.54
     286.1      28.27
     290.1      28.52
     294.1      29.09
     298.1      28.96
     302.1       29.1
     306.1      28.96
     310.1      29.36
     314.1      29.44
     318.1      29.88
     322.1      29.87
     326.1      29.79
     330.1      29.16
     334.1      28.88
     338.1      29.66
     342.1      29.99
     346.1       30.6
     350.1       29.9
