     6.062  1.255e+09
      10.1  4.022e+08
     14.15  2.036e+08
     18.19  1.261e+08
     22.23  8.575e+07
     26.27  6.239e+07
     30.31  4.792e+07
     34.35  3.846e+07
      38.4  3.166e+07
     42.44  2.667e+07
     46.48  2.272e+07
     50.52  1.945e+07
     54.56  1.683e+07
      58.6  1.467e+07
     62.64  1.298e+07
     66.69  1.151e+07
     70.73  1.028e+07
     74.77  9.232e+06
     78.81  8.341e+06
     82.85  7.606e+06
     86.89  6.952e+06
     90.94  6.379e+06
     94.98  5.864e+06
     99.02  5.417e+06
     103.1  5.031e+06
     107.1  4.707e+06
     111.1  4.403e+06
     115.2  4.138e+06
     119.2  3.881e+06
     123.3   3.64e+06
     127.3  3.417e+06
     131.4  3.211e+06
     135.4  3.023e+06
     139.4  2.853e+06
     143.5  2.695e+06
     147.5  2.554e+06
     151.6  2.419e+06
     155.6  2.295e+06
     159.6  2.181e+06
     163.7  2.074e+06
     167.7  1.976e+06
     171.8  1.884e+06
     175.8  1.799e+06
     179.9   1.72e+06
     183.9  1.646e+06
     187.9  1.576e+06
       192  1.511e+06
       196  1.449e+06
     200.1  1.391e+06
     204.1  1.336e+06
     208.1  1.285e+06
     212.2  1.236e+06
     216.2  1.191e+06
     220.3  1.148e+06
     224.3  1.107e+06
     228.3  1.069e+06
     232.4  1.033e+06
     236.4   9.98e+05
     240.5   9.65e+05
     244.5  9.334e+05
     248.6  9.036e+05
     252.6   8.75e+05
     256.6  8.476e+05
     260.7  8.216e+05
     264.7  7.967e+05
     268.8  7.732e+05
     272.8  7.504e+05
     276.8  7.288e+05
     280.9  7.078e+05
     284.9  6.878e+05
       289  6.685e+05
       293  6.501e+05
     297.1  6.324e+05
     301.1  6.154e+05
     305.1  5.991e+05
     309.2  5.835e+05
     313.2  5.684e+05
     317.3  5.539e+05
     321.3    5.4e+05
     325.3  5.266e+05
     329.4  5.137e+05
     333.4  5.012e+05
     337.5  4.892e+05
     341.5  4.776e+05
     345.6  4.665e+05
     349.6  4.557e+05
