     6.062  6.269e+08
      10.1  1.181e+08
     14.15  4.467e+07
     18.19  2.644e+07
     22.23  1.405e+07
     26.27  9.296e+06
     30.31  7.861e+06
     34.35  7.564e+06
      38.4  6.072e+06
     42.44  5.385e+06
     46.48  3.904e+06
     50.52  2.265e+06
     54.56   1.71e+06
      58.6  1.195e+06
     62.64  1.541e+06
     66.69  7.882e+05
     70.73   7.36e+05
     74.77  6.148e+05
     78.81  5.407e+05
     82.85  7.997e+05
     86.89  5.749e+05
     90.94  5.062e+05
     94.98  3.189e+05
     99.02  3.893e+05
     103.1  4.884e+05
     107.1  7.427e+05
     111.1  5.218e+05
     115.2  6.221e+05
     119.2   3.47e+05
     123.3   2.03e+05
     127.3  1.352e+05
     131.4  7.205e+04
     135.4  5.677e+04
     139.4  9.148e+04
     143.5  4.326e+04
     147.5  1.166e+05
     151.6  2.838e+04
     155.6  3.163e+04
     159.6   3.99e+04
     163.7  2.128e+04
     167.7   2.92e+04
     171.8  1.999e+04
     175.8  4.408e+04
     179.9   4.89e+04
     183.9  3.729e+04
     187.9  1.775e+04
       192  2.147e+04
       196          0
     200.1  1.403e+04
     204.1  1.371e+04
     208.1  1.957e+04
     212.2       9541
     216.2  1.894e+04
     220.3  2.453e+04
     224.3  1.493e+04
     228.3  2.345e+04
     232.4  2.897e+04
     236.4  1.432e+04
     240.5  1.695e+04
     244.5       8399
     248.6  1.654e+04
     252.6  1.071e+04
     256.6       5475
     260.7       7733
     264.7       7537
     268.8  1.503e+04
     272.8       2576
     276.8       9855
     280.9          0
     284.9       2418
       289          0
       293          0
     297.1          0
     301.1          0
     305.1          0
     309.2          0
     313.2          0
     317.3          0
     321.3          0
     325.3          0
     329.4          0
     333.4          0
     337.5          0
     341.5          0
     345.6          0
     349.6          0
