     6.002  3.778e+08
        10   1.62e+08
        14  1.163e+08
        18  9.261e+07
     22.01  7.673e+07
     26.01  5.976e+07
     30.01  5.387e+07
     34.01  4.717e+07
     38.01  4.089e+07
     42.01  3.545e+07
     46.01  3.346e+07
     50.01  2.951e+07
     54.01  2.655e+07
     58.02  2.417e+07
     62.02   2.04e+07
     66.02  1.884e+07
     70.02  1.692e+07
     74.02  1.593e+07
     78.02  1.536e+07
     82.02  1.461e+07
     86.02  1.417e+07
     90.02  1.274e+07
     94.03  1.236e+07
     98.03  1.133e+07
       102  1.059e+07
       106  9.137e+06
       110  8.859e+06
       114  8.459e+06
       118  7.421e+06
       122  7.522e+06
       126  6.915e+06
       130  6.383e+06
       134  6.167e+06
       138  5.746e+06
       142  5.482e+06
       146  4.934e+06
       150  5.021e+06
       154  4.856e+06
       158  4.638e+06
       162  4.417e+06
       166  4.389e+06
       170  4.493e+06
       174  4.143e+06
       178  4.076e+06
     182.1  3.855e+06
     186.1  3.631e+06
     190.1  3.497e+06
     194.1  3.735e+06
     198.1  3.566e+06
     202.1  3.317e+06
     206.1   3.34e+06
     210.1  3.073e+06
     214.1  3.042e+06
     218.1  3.108e+06
     222.1  2.868e+06
     226.1  2.645e+06
     230.1  2.633e+06
     234.1  2.683e+06
     238.1  2.448e+06
     242.1  2.494e+06
     246.1   2.63e+06
     250.1  2.505e+06
     254.1  1.993e+06
     258.1  1.508e+06
     262.1  1.021e+06
     266.1  8.938e+05
     270.1  8.446e+05
     274.1  7.947e+05
     278.1  7.929e+05
     282.1  7.764e+05
     286.1  6.191e+05
     290.1  5.408e+05
     294.1  4.575e+05
     298.1  3.876e+05
     302.1  3.287e+05
     306.1  3.222e+05
     310.1  2.804e+05
     314.1  2.288e+05
     318.1  2.485e+05
     322.1  1.732e+05
     326.1  1.375e+05
     330.1  1.072e+05
     334.1  1.016e+05
     338.1  9.693e+04
     342.1  6.418e+04
     346.1   5.82e+04
     350.1  3.456e+04
