     6.002  5.273e+08
        10  2.534e+08
        14  1.772e+08
        18  1.402e+08
     22.01  1.173e+08
     26.01  9.975e+07
     30.01  8.758e+07
     34.01  7.811e+07
     38.01   7.03e+07
     42.01  6.367e+07
     46.01  5.843e+07
     50.01  5.381e+07
     54.01  4.978e+07
     58.02  4.625e+07
     62.02  4.292e+07
     66.02      4e+07
     70.02  3.737e+07
     74.02  3.505e+07
     78.02  3.303e+07
     82.02  3.124e+07
     86.02  2.965e+07
     90.02  2.815e+07
     94.03  2.681e+07
     98.03  2.554e+07
       102  2.437e+07
       106  2.322e+07
       110  2.218e+07
       114  2.121e+07
       118  2.028e+07
       122  1.944e+07
       126  1.865e+07
       130  1.789e+07
       134  1.719e+07
       138  1.653e+07
       142  1.591e+07
       146  1.531e+07
       150  1.476e+07
       154  1.424e+07
       158  1.376e+07
       162   1.33e+07
       166  1.287e+07
       170  1.247e+07
       174  1.209e+07
       178  1.173e+07
     182.1  1.138e+07
     186.1  1.105e+07
     190.1  1.073e+07
     194.1  1.044e+07
     198.1  1.017e+07
     202.1  9.895e+06
     206.1   9.64e+06
     210.1   9.39e+06
     214.1  9.153e+06
     218.1  8.931e+06
     222.1  8.713e+06
     226.1  8.498e+06
     230.1  8.294e+06
     234.1  8.102e+06
     238.1  7.912e+06
     242.1  7.733e+06
     246.1  7.567e+06
     250.1  7.405e+06
     254.1  7.235e+06
     258.1  7.057e+06
     262.1  6.873e+06
     266.1  6.693e+06
     270.1   6.52e+06
     274.1  6.353e+06
     278.1  6.193e+06
     282.1  6.039e+06
     286.1  5.887e+06
     290.1   5.74e+06
     294.1  5.596e+06
     298.1  5.456e+06
     302.1   5.32e+06
     306.1   5.19e+06
     310.1  5.063e+06
     314.1   4.94e+06
     318.1  4.822e+06
     322.1  4.706e+06
     326.1  4.594e+06
     330.1  4.486e+06
     334.1  4.381e+06
     338.1  4.279e+06
     342.1  4.181e+06
     346.1  4.085e+06
     350.1  3.993e+06
