    0.7783  5.273e+08
         1  2.534e+08
     1.146  1.772e+08
     1.255  1.402e+08
     1.343  1.173e+08
     1.415  9.975e+07
     1.477  8.758e+07
     1.532  7.811e+07
      1.58   7.03e+07
     1.623  6.367e+07
     1.663  5.843e+07
     1.699  5.381e+07
     1.733  4.978e+07
     1.764  4.625e+07
     1.793  4.292e+07
      1.82      4e+07
     1.845  3.737e+07
     1.869  3.505e+07
     1.892  3.303e+07
     1.914  3.124e+07
     1.935  2.965e+07
     1.954  2.815e+07
     1.973  2.681e+07
     1.991  2.554e+07
     2.009  2.437e+07
     2.025  2.322e+07
     2.042  2.218e+07
     2.057  2.121e+07
     2.072  2.028e+07
     2.086  1.944e+07
       2.1  1.865e+07
     2.114  1.789e+07
     2.127  1.719e+07
      2.14  1.653e+07
     2.152  1.591e+07
     2.164  1.531e+07
     2.176  1.476e+07
     2.188  1.424e+07
     2.199  1.376e+07
      2.21   1.33e+07
      2.22  1.287e+07
     2.231  1.247e+07
     2.241  1.209e+07
     2.251  1.173e+07
      2.26  1.138e+07
      2.27  1.105e+07
     2.279  1.073e+07
     2.288  1.044e+07
     2.297  1.017e+07
     2.305  9.895e+06
     2.314   9.64e+06
     2.322   9.39e+06
     2.331  9.153e+06
     2.339  8.931e+06
     2.346  8.713e+06
     2.354  8.498e+06
     2.362  8.294e+06
     2.369  8.102e+06
     2.377  7.912e+06
     2.384  7.733e+06
     2.391  7.567e+06
     2.398  7.405e+06
     2.405  7.235e+06
     2.412  7.057e+06
     2.418  6.873e+06
     2.425  6.693e+06
     2.431   6.52e+06
     2.438  6.353e+06
     2.444  6.193e+06
      2.45  6.039e+06
     2.456  5.887e+06
     2.463   5.74e+06
     2.468  5.596e+06
     2.474  5.456e+06
      2.48   5.32e+06
     2.486   5.19e+06
     2.491  5.063e+06
     2.497   4.94e+06
     2.503  4.822e+06
     2.508  4.706e+06
     2.513  4.594e+06
     2.519  4.486e+06
     2.524  4.381e+06
     2.529  4.279e+06
     2.534  4.181e+06
     2.539  4.085e+06
     2.544  3.993e+06
