    0.7783  3.778e+08
         1   1.62e+08
     1.146  1.163e+08
     1.255  9.261e+07
     1.343  7.673e+07
     1.415  5.976e+07
     1.477  5.387e+07
     1.532  4.717e+07
      1.58  4.089e+07
     1.623  3.545e+07
     1.663  3.346e+07
     1.699  2.951e+07
     1.733  2.655e+07
     1.764  2.417e+07
     1.793   2.04e+07
      1.82  1.884e+07
     1.845  1.692e+07
     1.869  1.593e+07
     1.892  1.536e+07
     1.914  1.461e+07
     1.935  1.417e+07
     1.954  1.274e+07
     1.973  1.236e+07
     1.991  1.133e+07
     2.009  1.059e+07
     2.025  9.137e+06
     2.042  8.859e+06
     2.057  8.459e+06
     2.072  7.421e+06
     2.086  7.522e+06
       2.1  6.915e+06
     2.114  6.383e+06
     2.127  6.167e+06
      2.14  5.746e+06
     2.152  5.482e+06
     2.164  4.934e+06
     2.176  5.021e+06
     2.188  4.856e+06
     2.199  4.638e+06
      2.21  4.417e+06
      2.22  4.389e+06
     2.231  4.493e+06
     2.241  4.143e+06
     2.251  4.076e+06
      2.26  3.855e+06
      2.27  3.631e+06
     2.279  3.497e+06
     2.288  3.735e+06
     2.297  3.566e+06
     2.305  3.317e+06
     2.314   3.34e+06
     2.322  3.073e+06
     2.331  3.042e+06
     2.339  3.108e+06
     2.346  2.868e+06
     2.354  2.645e+06
     2.362  2.633e+06
     2.369  2.683e+06
     2.377  2.448e+06
     2.384  2.494e+06
     2.391   2.63e+06
     2.398  2.505e+06
     2.405  1.993e+06
     2.412  1.508e+06
     2.418  1.021e+06
     2.425  8.938e+05
     2.431  8.446e+05
     2.438  7.947e+05
     2.444  7.929e+05
      2.45  7.764e+05
     2.456  6.191e+05
     2.463  5.408e+05
     2.468  4.575e+05
     2.474  3.876e+05
      2.48  3.287e+05
     2.486  3.222e+05
     2.491  2.804e+05
     2.497  2.288e+05
     2.503  2.485e+05
     2.508  1.732e+05
     2.513  1.375e+05
     2.519  1.072e+05
     2.524  1.016e+05
     2.529  9.693e+04
     2.534  6.418e+04
     2.539   5.82e+04
     2.544  3.456e+04
