     2.001      21.11
     6.002       21.5
        10      21.76
        14      21.95
        18      22.08
     22.01       22.3
     26.01      22.43
     30.01      22.53
     34.01      22.63
     38.01      22.84
     42.01      22.93
     46.01      22.98
     50.01      23.19
     54.01      23.29
     58.02      23.45
     62.02      23.59
     66.02      23.69
     70.02      23.79
     74.02      23.83
     78.02      23.92
     82.02      23.91
     86.02      24.04
     90.02         24
     94.03      24.17
     98.03      24.17
       102      24.19
       106      24.28
       110       24.3
       114      24.51
       118      24.44
       122      24.55
       126      24.66
       130      24.65
       134      24.79
       138      24.95
       142      25.05
       146       25.1
       150      25.13
       154      25.22
       158      25.22
       162      25.34
       166      25.36
       170      25.35
       174       25.4
       178      25.52
     182.1      25.54
     186.1       25.6
     190.1      25.59
     194.1      25.56
     198.1      25.73
     202.1      25.75
     206.1      26.03
     210.1      25.99
     214.1      26.08
     218.1      26.15
     222.1      26.21
     226.1      26.08
     230.1      26.27
     234.1      26.46
     238.1       26.4
     242.1      26.44
     246.1      26.62
     250.1      26.85
     254.1      26.81
     258.1      27.11
     262.1      27.52
     266.1      27.27
     270.1      27.65
     274.1      27.72
     278.1      27.46
     282.1      27.58
     286.1      27.64
     290.1      27.52
     294.1      27.89
     298.1      28.18
     302.1      28.38
     306.1      28.23
     310.1      28.47
     314.1       27.9
     318.1      28.47
     322.1      28.41
     326.1      28.28
     330.1      29.54
     334.1      27.81
     338.1      28.29
     342.1      27.91
     346.1      28.17
     350.1      28.14
