     6.002  6.537e+08
        10  3.496e+08
        14  2.486e+08
        18   1.97e+08
     22.01  1.622e+08
     26.01  1.396e+08
     30.01  1.214e+08
     34.01  1.062e+08
     38.01  9.388e+07
     42.01  8.394e+07
     46.01  7.618e+07
     50.01  6.982e+07
     54.01  6.393e+07
     58.02   5.91e+07
     62.02  5.477e+07
     66.02  5.115e+07
     70.02  4.799e+07
     74.02  4.505e+07
     78.02  4.246e+07
     82.02  4.014e+07
     86.02  3.805e+07
     90.02  3.607e+07
     94.03  3.436e+07
     98.03  3.271e+07
       102  3.119e+07
       106  2.988e+07
       110  2.867e+07
       114  2.751e+07
       118  2.639e+07
       122  2.532e+07
       126   2.43e+07
       130  2.328e+07
       134  2.237e+07
       138  2.149e+07
       142  2.068e+07
       146   1.99e+07
       150  1.918e+07
       154  1.853e+07
       158   1.79e+07
       162  1.729e+07
       166  1.673e+07
       170  1.616e+07
       174  1.563e+07
       178  1.511e+07
     182.1  1.461e+07
     186.1  1.414e+07
     190.1   1.37e+07
     194.1  1.328e+07
     198.1  1.288e+07
     202.1  1.249e+07
     206.1  1.212e+07
     210.1  1.178e+07
     214.1  1.143e+07
     218.1  1.111e+07
     222.1  1.081e+07
     226.1  1.052e+07
     230.1  1.024e+07
     234.1  9.967e+06
     238.1  9.712e+06
     242.1  9.464e+06
     246.1  9.221e+06
     250.1  8.982e+06
     254.1  8.745e+06
     258.1  8.513e+06
     262.1  8.282e+06
     266.1  8.059e+06
     270.1   7.84e+06
     274.1  7.628e+06
     278.1  7.423e+06
     282.1  7.225e+06
     286.1  7.032e+06
     290.1  6.847e+06
     294.1  6.667e+06
     298.1  6.495e+06
     302.1  6.329e+06
     306.1  6.169e+06
     310.1  6.014e+06
     314.1  5.864e+06
     318.1   5.72e+06
     322.1  5.583e+06
     326.1   5.45e+06
     330.1  5.321e+06
     334.1  5.196e+06
     338.1  5.074e+06
     342.1  4.958e+06
     346.1  4.845e+06
     350.1  4.735e+06
