     6.002  4.585e+08
        10  2.482e+08
        14  1.679e+08
        18  1.306e+08
     22.01  1.003e+08
     26.01  8.825e+07
     30.01    7.1e+07
     34.01  5.672e+07
     38.01  4.736e+07
     42.01  4.155e+07
     46.01  3.922e+07
     50.01  3.637e+07
     54.01  3.004e+07
     58.02  2.887e+07
     62.02  2.552e+07
     66.02  2.483e+07
     70.02   2.35e+07
     74.02  2.073e+07
     78.02  1.979e+07
     82.02  1.867e+07
     86.02  1.768e+07
     90.02  1.577e+07
     94.03    1.6e+07
     98.03  1.405e+07
       102  1.339e+07
       106  1.382e+07
       110  1.327e+07
       114  1.205e+07
       118  1.095e+07
       122  1.009e+07
       126  9.272e+06
       130  7.742e+06
       134  8.042e+06
       138  7.229e+06
       142  7.099e+06
       146  6.404e+06
       150  6.406e+06
       154  6.712e+06
       158  6.072e+06
       162  5.574e+06
       166  5.505e+06
       170  4.777e+06
       174  4.506e+06
       178  4.087e+06
     182.1  3.725e+06
     186.1  3.784e+06
     190.1  3.703e+06
     194.1  3.474e+06
     198.1  3.328e+06
     202.1  3.082e+06
     206.1  3.028e+06
     210.1  2.968e+06
     214.1  2.589e+06
     218.1  2.669e+06
     222.1  2.842e+06
     226.1  2.585e+06
     230.1  2.298e+06
     234.1  2.378e+06
     238.1  2.401e+06
     242.1  2.202e+06
     246.1   1.99e+06
     250.1  1.759e+06
     254.1   1.45e+06
     258.1  1.258e+06
     262.1  9.572e+05
     266.1  8.528e+05
     270.1  6.768e+05
     274.1  5.755e+05
     278.1  4.872e+05
     282.1  4.653e+05
     286.1  3.344e+05
     290.1  3.009e+05
     294.1  2.446e+05
     298.1  2.467e+05
     302.1   2.47e+05
     306.1  1.997e+05
     310.1  1.504e+05
     314.1  1.492e+05
     318.1  1.361e+05
     322.1  1.846e+05
     326.1  1.759e+05
     330.1  1.481e+05
     334.1  8.198e+04
     338.1  5.882e+04
     342.1  8.979e+04
     346.1  8.099e+04
     350.1  2.607e+04
