    0.7783  6.537e+08
         1  3.496e+08
     1.146  2.486e+08
     1.255   1.97e+08
     1.343  1.622e+08
     1.415  1.396e+08
     1.477  1.214e+08
     1.532  1.062e+08
      1.58  9.388e+07
     1.623  8.394e+07
     1.663  7.618e+07
     1.699  6.982e+07
     1.733  6.393e+07
     1.764   5.91e+07
     1.793  5.477e+07
      1.82  5.115e+07
     1.845  4.799e+07
     1.869  4.505e+07
     1.892  4.246e+07
     1.914  4.014e+07
     1.935  3.805e+07
     1.954  3.607e+07
     1.973  3.436e+07
     1.991  3.271e+07
     2.009  3.119e+07
     2.025  2.988e+07
     2.042  2.867e+07
     2.057  2.751e+07
     2.072  2.639e+07
     2.086  2.532e+07
       2.1   2.43e+07
     2.114  2.328e+07
     2.127  2.237e+07
      2.14  2.149e+07
     2.152  2.068e+07
     2.164   1.99e+07
     2.176  1.918e+07
     2.188  1.853e+07
     2.199   1.79e+07
      2.21  1.729e+07
      2.22  1.673e+07
     2.231  1.616e+07
     2.241  1.563e+07
     2.251  1.511e+07
      2.26  1.461e+07
      2.27  1.414e+07
     2.279   1.37e+07
     2.288  1.328e+07
     2.297  1.288e+07
     2.305  1.249e+07
     2.314  1.212e+07
     2.322  1.178e+07
     2.331  1.143e+07
     2.339  1.111e+07
     2.346  1.081e+07
     2.354  1.052e+07
     2.362  1.024e+07
     2.369  9.967e+06
     2.377  9.712e+06
     2.384  9.464e+06
     2.391  9.221e+06
     2.398  8.982e+06
     2.405  8.745e+06
     2.412  8.513e+06
     2.418  8.282e+06
     2.425  8.059e+06
     2.431   7.84e+06
     2.438  7.628e+06
     2.444  7.423e+06
      2.45  7.225e+06
     2.456  7.032e+06
     2.463  6.847e+06
     2.468  6.667e+06
     2.474  6.495e+06
      2.48  6.329e+06
     2.486  6.169e+06
     2.491  6.014e+06
     2.497  5.864e+06
     2.503   5.72e+06
     2.508  5.583e+06
     2.513   5.45e+06
     2.519  5.321e+06
     2.524  5.196e+06
     2.529  5.074e+06
     2.534  4.958e+06
     2.539  4.845e+06
     2.544  4.735e+06
