    0.7783  4.585e+08
         1  2.482e+08
     1.146  1.679e+08
     1.255  1.306e+08
     1.343  1.003e+08
     1.415  8.825e+07
     1.477    7.1e+07
     1.532  5.672e+07
      1.58  4.736e+07
     1.623  4.155e+07
     1.663  3.922e+07
     1.699  3.637e+07
     1.733  3.004e+07
     1.764  2.887e+07
     1.793  2.552e+07
      1.82  2.483e+07
     1.845   2.35e+07
     1.869  2.073e+07
     1.892  1.979e+07
     1.914  1.867e+07
     1.935  1.768e+07
     1.954  1.577e+07
     1.973    1.6e+07
     1.991  1.405e+07
     2.009  1.339e+07
     2.025  1.382e+07
     2.042  1.327e+07
     2.057  1.205e+07
     2.072  1.095e+07
     2.086  1.009e+07
       2.1  9.272e+06
     2.114  7.742e+06
     2.127  8.042e+06
      2.14  7.229e+06
     2.152  7.099e+06
     2.164  6.404e+06
     2.176  6.406e+06
     2.188  6.712e+06
     2.199  6.072e+06
      2.21  5.574e+06
      2.22  5.505e+06
     2.231  4.777e+06
     2.241  4.506e+06
     2.251  4.087e+06
      2.26  3.725e+06
      2.27  3.784e+06
     2.279  3.703e+06
     2.288  3.474e+06
     2.297  3.328e+06
     2.305  3.082e+06
     2.314  3.028e+06
     2.322  2.968e+06
     2.331  2.589e+06
     2.339  2.669e+06
     2.346  2.842e+06
     2.354  2.585e+06
     2.362  2.298e+06
     2.369  2.378e+06
     2.377  2.401e+06
     2.384  2.202e+06
     2.391   1.99e+06
     2.398  1.759e+06
     2.405   1.45e+06
     2.412  1.258e+06
     2.418  9.572e+05
     2.425  8.528e+05
     2.431  6.768e+05
     2.438  5.755e+05
     2.444  4.872e+05
      2.45  4.653e+05
     2.456  3.344e+05
     2.463  3.009e+05
     2.468  2.446e+05
     2.474  2.467e+05
      2.48   2.47e+05
     2.486  1.997e+05
     2.491  1.504e+05
     2.497  1.492e+05
     2.503  1.361e+05
     2.508  1.846e+05
     2.513  1.759e+05
     2.519  1.481e+05
     2.524  8.198e+04
     2.529  5.882e+04
     2.534  8.979e+04
     2.539  8.099e+04
     2.544  2.607e+04
