     2.001      20.97
     6.002      21.18
        10      21.33
        14      21.57
        18      21.81
     22.01      21.91
     26.01      21.95
     30.01      22.06
     34.01      22.22
     38.01      22.21
     42.01      22.22
     46.01      22.31
     50.01      22.48
     54.01      22.65
     58.02      22.79
     62.02      22.95
     66.02      23.04
     70.02      23.17
     74.02      23.24
     78.02      23.24
     82.02      23.37
     86.02      23.51
     90.02       23.6
     94.03      23.65
     98.03      23.79
       102      23.84
       106      23.85
       110      23.91
       114      24.05
       118      24.11
       122       24.2
       126      24.42
       130      24.47
       134      24.57
       138      24.58
       142      24.63
       146      24.74
       150      24.73
       154      24.79
       158      24.91
       162      24.97
       166      25.08
       170       25.3
       174      25.38
       178      25.45
     182.1       25.6
     186.1      25.55
     190.1      25.75
     194.1      25.65
     198.1       25.9
     202.1      26.04
     206.1      26.09
     210.1       26.1
     214.1      26.33
     218.1      26.44
     222.1      26.45
     226.1      26.77
     230.1      26.66
     234.1      26.83
     238.1      27.04
     242.1      27.28
     246.1      27.31
     250.1      27.55
     254.1      27.74
     258.1      27.46
     262.1      27.61
     266.1      27.76
     270.1      28.02
     274.1      28.13
     278.1      28.33
     282.1      28.62
     286.1      28.84
     290.1      28.81
     294.1      29.01
     298.1      28.68
     302.1       28.8
     306.1      28.73
     310.1      28.88
     314.1      29.19
     318.1      28.07
     322.1      28.14
     326.1      28.04
     330.1      28.25
     334.1      29.82
     338.1       30.3
     342.1      29.81
     346.1      30.71
     350.1      30.78
