     6.002  6.365e+08
        10  2.953e+08
        14  1.945e+08
        18  1.509e+08
     22.01  1.306e+08
     26.01  1.117e+08
     30.01  9.344e+07
     34.01  8.007e+07
     38.01  6.888e+07
     42.01  5.905e+07
     46.01  5.037e+07
     50.01  4.433e+07
     54.01  4.097e+07
     58.02  3.624e+07
     62.02  3.304e+07
     66.02  3.047e+07
     70.02  2.831e+07
     74.02    2.7e+07
     78.02  2.524e+07
     82.02  2.318e+07
     86.02  2.262e+07
     90.02  2.179e+07
     94.03   2.08e+07
     98.03  1.892e+07
       102    1.7e+07
       106  1.746e+07
       110  1.608e+07
       114  1.543e+07
       118  1.463e+07
       122  1.384e+07
       126   1.25e+07
       130  1.179e+07
       134  1.085e+07
       138  1.065e+07
       142  1.002e+07
       146  9.492e+06
       150  9.389e+06
       154  9.116e+06
       158  8.108e+06
       162  7.844e+06
       166  7.433e+06
       170  6.982e+06
       174  6.676e+06
       178  6.181e+06
     182.1  5.976e+06
     186.1  5.604e+06
     190.1  5.649e+06
     194.1   5.39e+06
     198.1  4.802e+06
     202.1   4.68e+06
     206.1  4.712e+06
     210.1  4.822e+06
     214.1  4.414e+06
     218.1   4.45e+06
     222.1  4.235e+06
     226.1  4.213e+06
     230.1  3.727e+06
     234.1  3.602e+06
     238.1  3.386e+06
     242.1  3.432e+06
     246.1  3.259e+06
     250.1  3.057e+06
     254.1  2.361e+06
     258.1  1.991e+06
     262.1  1.753e+06
     266.1  1.503e+06
     270.1  1.527e+06
     274.1  1.274e+06
     278.1  1.031e+06
     282.1  1.077e+06
     286.1   1.02e+06
     290.1  7.965e+05
     294.1  5.622e+05
     298.1  5.776e+05
     302.1  4.358e+05
     306.1  3.993e+05
     310.1  3.596e+05
     314.1  3.078e+05
     318.1  2.204e+05
     322.1  2.629e+05
     326.1  1.949e+05
     330.1  1.489e+05
     334.1  1.292e+05
     338.1  1.218e+05
     342.1  8.116e+04
     346.1  4.329e+04
     350.1  3.114e+04
