     6.002  5.312e+08
        10  2.524e+08
        14  1.639e+08
        18  1.226e+08
     22.01  1.018e+08
     26.01  8.067e+07
     30.01  6.726e+07
     34.01  5.854e+07
     38.01   5.19e+07
     42.01  4.386e+07
     46.01  4.007e+07
     50.01  3.725e+07
     54.01  3.166e+07
     58.02  2.922e+07
     62.02  2.587e+07
     66.02  2.425e+07
     70.02  2.252e+07
     74.02  2.107e+07
     78.02  2.019e+07
     82.02  1.814e+07
     86.02   1.79e+07
     90.02  1.644e+07
     94.03  1.524e+07
     98.03  1.429e+07
       102  1.406e+07
       106  1.276e+07
       110  1.203e+07
       114  1.148e+07
       118  1.098e+07
       122  1.066e+07
       126  1.024e+07
       130  9.879e+06
       134  9.114e+06
       138  8.326e+06
       142  8.201e+06
       146  7.965e+06
       150  7.803e+06
       154  7.075e+06
       158  6.908e+06
       162  6.654e+06
       166  6.546e+06
       170  6.449e+06
       174  5.837e+06
       178   5.55e+06
     182.1  5.568e+06
     186.1  5.237e+06
     190.1  5.049e+06
     194.1  4.768e+06
     198.1  4.546e+06
     202.1  4.662e+06
     206.1  4.574e+06
     210.1   4.33e+06
     214.1  4.263e+06
     218.1  4.552e+06
     222.1  3.935e+06
     226.1  3.974e+06
     230.1  3.648e+06
     234.1   3.57e+06
     238.1   3.45e+06
     242.1  3.279e+06
     246.1  3.021e+06
     250.1  3.062e+06
     254.1  2.494e+06
     258.1  1.928e+06
     262.1  1.621e+06
     266.1  1.427e+06
     270.1  1.366e+06
     274.1  1.161e+06
     278.1  9.217e+05
     282.1   8.61e+05
     286.1  7.706e+05
     290.1  6.711e+05
     294.1  5.876e+05
     298.1  4.961e+05
     302.1  4.584e+05
     306.1  3.664e+05
     310.1  3.496e+05
     314.1   3.19e+05
     318.1  3.055e+05
     322.1  3.398e+05
     326.1  3.589e+05
     330.1  1.922e+05
     334.1  1.274e+05
     338.1  9.799e+04
     342.1  7.088e+04
     346.1   4.58e+04
     350.1  2.957e+04
