     6.002   8.83e+08
        10  4.422e+08
        14  3.046e+08
        18  2.374e+08
     22.01  1.989e+08
     26.01  1.723e+08
     30.01  1.514e+08
     34.01  1.347e+08
     38.01  1.209e+08
     42.01  1.091e+08
     46.01  9.892e+07
     50.01   9.02e+07
     54.01  8.292e+07
     58.02  7.649e+07
     62.02  7.089e+07
     66.02  6.599e+07
     70.02  6.169e+07
     74.02  5.794e+07
     78.02  5.459e+07
     82.02  5.153e+07
     86.02  4.884e+07
     90.02  4.644e+07
     94.03  4.426e+07
     98.03  4.219e+07
       102  4.021e+07
       106   3.85e+07
       110  3.687e+07
       114  3.536e+07
       118  3.396e+07
       122  3.264e+07
       126  3.136e+07
       130  3.016e+07
       134    2.9e+07
       138  2.794e+07
       142  2.693e+07
       146  2.598e+07
       150  2.509e+07
       154  2.426e+07
       158  2.344e+07
       162  2.267e+07
       166  2.194e+07
       170  2.124e+07
       174  2.057e+07
       178  1.992e+07
     182.1  1.931e+07
     186.1  1.872e+07
     190.1  1.817e+07
     194.1  1.764e+07
     198.1  1.712e+07
     202.1  1.663e+07
     206.1  1.617e+07
     210.1  1.573e+07
     214.1  1.531e+07
     218.1  1.491e+07
     222.1  1.453e+07
     226.1  1.416e+07
     230.1   1.38e+07
     234.1  1.345e+07
     238.1  1.311e+07
     242.1  1.279e+07
     246.1  1.248e+07
     250.1  1.218e+07
     254.1  1.187e+07
     258.1  1.157e+07
     262.1  1.127e+07
     266.1  1.097e+07
     270.1  1.069e+07
     274.1  1.042e+07
     278.1  1.015e+07
     282.1   9.89e+06
     286.1  9.642e+06
     290.1  9.398e+06
     294.1  9.158e+06
     298.1  8.927e+06
     302.1  8.702e+06
     306.1  8.485e+06
     310.1  8.276e+06
     314.1  8.073e+06
     318.1  7.875e+06
     322.1  7.686e+06
     326.1  7.502e+06
     330.1  7.324e+06
     334.1  7.152e+06
     338.1  6.985e+06
     342.1  6.824e+06
     346.1  6.667e+06
     350.1  6.515e+06
