    0.7783  6.365e+08
         1  2.953e+08
     1.146  1.945e+08
     1.255  1.509e+08
     1.343  1.306e+08
     1.415  1.117e+08
     1.477  9.344e+07
     1.532  8.007e+07
      1.58  6.888e+07
     1.623  5.905e+07
     1.663  5.037e+07
     1.699  4.433e+07
     1.733  4.097e+07
     1.764  3.624e+07
     1.793  3.304e+07
      1.82  3.047e+07
     1.845  2.831e+07
     1.869    2.7e+07
     1.892  2.524e+07
     1.914  2.318e+07
     1.935  2.262e+07
     1.954  2.179e+07
     1.973   2.08e+07
     1.991  1.892e+07
     2.009    1.7e+07
     2.025  1.746e+07
     2.042  1.608e+07
     2.057  1.543e+07
     2.072  1.463e+07
     2.086  1.384e+07
       2.1   1.25e+07
     2.114  1.179e+07
     2.127  1.085e+07
      2.14  1.065e+07
     2.152  1.002e+07
     2.164  9.492e+06
     2.176  9.389e+06
     2.188  9.116e+06
     2.199  8.108e+06
      2.21  7.844e+06
      2.22  7.433e+06
     2.231  6.982e+06
     2.241  6.676e+06
     2.251  6.181e+06
      2.26  5.976e+06
      2.27  5.604e+06
     2.279  5.649e+06
     2.288   5.39e+06
     2.297  4.802e+06
     2.305   4.68e+06
     2.314  4.712e+06
     2.322  4.822e+06
     2.331  4.414e+06
     2.339   4.45e+06
     2.346  4.235e+06
     2.354  4.213e+06
     2.362  3.727e+06
     2.369  3.602e+06
     2.377  3.386e+06
     2.384  3.432e+06
     2.391  3.259e+06
     2.398  3.057e+06
     2.405  2.361e+06
     2.412  1.991e+06
     2.418  1.753e+06
     2.425  1.503e+06
     2.431  1.527e+06
     2.438  1.274e+06
     2.444  1.031e+06
      2.45  1.077e+06
     2.456   1.02e+06
     2.463  7.965e+05
     2.468  5.622e+05
     2.474  5.776e+05
      2.48  4.358e+05
     2.486  3.993e+05
     2.491  3.596e+05
     2.497  3.078e+05
     2.503  2.204e+05
     2.508  2.629e+05
     2.513  1.949e+05
     2.519  1.489e+05
     2.524  1.292e+05
     2.529  1.218e+05
     2.534  8.116e+04
     2.539  4.329e+04
     2.544  3.114e+04
