    0.7783   8.83e+08
         1  4.422e+08
     1.146  3.046e+08
     1.255  2.374e+08
     1.343  1.989e+08
     1.415  1.723e+08
     1.477  1.514e+08
     1.532  1.347e+08
      1.58  1.209e+08
     1.623  1.091e+08
     1.663  9.892e+07
     1.699   9.02e+07
     1.733  8.292e+07
     1.764  7.649e+07
     1.793  7.089e+07
      1.82  6.599e+07
     1.845  6.169e+07
     1.869  5.794e+07
     1.892  5.459e+07
     1.914  5.153e+07
     1.935  4.884e+07
     1.954  4.644e+07
     1.973  4.426e+07
     1.991  4.219e+07
     2.009  4.021e+07
     2.025   3.85e+07
     2.042  3.687e+07
     2.057  3.536e+07
     2.072  3.396e+07
     2.086  3.264e+07
       2.1  3.136e+07
     2.114  3.016e+07
     2.127    2.9e+07
      2.14  2.794e+07
     2.152  2.693e+07
     2.164  2.598e+07
     2.176  2.509e+07
     2.188  2.426e+07
     2.199  2.344e+07
      2.21  2.267e+07
      2.22  2.194e+07
     2.231  2.124e+07
     2.241  2.057e+07
     2.251  1.992e+07
      2.26  1.931e+07
      2.27  1.872e+07
     2.279  1.817e+07
     2.288  1.764e+07
     2.297  1.712e+07
     2.305  1.663e+07
     2.314  1.617e+07
     2.322  1.573e+07
     2.331  1.531e+07
     2.339  1.491e+07
     2.346  1.453e+07
     2.354  1.416e+07
     2.362   1.38e+07
     2.369  1.345e+07
     2.377  1.311e+07
     2.384  1.279e+07
     2.391  1.248e+07
     2.398  1.218e+07
     2.405  1.187e+07
     2.412  1.157e+07
     2.418  1.127e+07
     2.425  1.097e+07
     2.431  1.069e+07
     2.438  1.042e+07
     2.444  1.015e+07
      2.45   9.89e+06
     2.456  9.642e+06
     2.463  9.398e+06
     2.468  9.158e+06
     2.474  8.927e+06
      2.48  8.702e+06
     2.486  8.485e+06
     2.491  8.276e+06
     2.497  8.073e+06
     2.503  7.875e+06
     2.508  7.686e+06
     2.513  7.502e+06
     2.519  7.324e+06
     2.524  7.152e+06
     2.529  6.985e+06
     2.534  6.824e+06
     2.539  6.667e+06
     2.544  6.515e+06
