         6  1.983e+08
        10  2.917e+07
        14   1.66e+07
        18  1.076e+07
        22  1.064e+07
        26  9.385e+06
        30  9.754e+06
        34  8.608e+06
        38   6.38e+06
        42   5.18e+06
        46  4.994e+06
        50  4.107e+06
        54  3.488e+06
        58  3.719e+06
        62   3.45e+06
        66  3.764e+06
        70  4.484e+06
        74  4.692e+06
        78  5.155e+06
        82  4.235e+06
        86  3.536e+06
        90   3.28e+06
        94  2.809e+06
        98  2.622e+06
       102  2.142e+06
       106  1.748e+06
       110  1.398e+06
       114   1.17e+06
       118  9.077e+05
       122  8.754e+05
       126  7.013e+05
       130  6.563e+05
       134  7.906e+05
       138  7.658e+05
       142  6.152e+05
       146  6.021e+05
       150  3.892e+05
       154  4.123e+05
       158  4.261e+05
       162  6.162e+05
       166  5.887e+05
       170  7.069e+05
       174  7.053e+05
       178  8.503e+05
       182  6.212e+05
       186  3.769e+05
       190  2.988e+05
       194  3.286e+05
       198    2.3e+05
       202  2.477e+05
       206  2.636e+05
       210  2.493e+05
       214  2.703e+05
       218  2.626e+05
       222   2.32e+05
       226  2.141e+05
       230  1.852e+05
       234  2.044e+05
       238  2.175e+05
       242  2.123e+05
       246  1.725e+05
       250  1.143e+05
       254      1e+05
       258  7.063e+04
       262  3.353e+04
       266  3.923e+04
       270  2.872e+04
       274  2.406e+04
       278  1.338e+04
       282  1.524e+04
       286  1.578e+04
       290  1.772e+04
       294       4723
       298       5962
       302       2770
       306       2186
       310          0
       314       2034
       318          0
       322          0
       326          0
       330          0
       334          0
       338          0
       342          0
       346          0
       350          0
