         6  5.144e+08
        10  1.505e+08
        14  7.609e+07
        18  4.751e+07
        22  3.424e+07
        26  2.664e+07
        30  2.216e+07
        34  1.899e+07
        38  1.634e+07
        42  1.422e+07
        46  1.262e+07
        50  1.126e+07
        54  1.011e+07
        58  9.229e+06
        62  8.484e+06
        66  7.913e+06
        70  7.521e+06
        74  7.216e+06
        78  7.004e+06
        82  6.734e+06
        86  6.437e+06
        90  6.157e+06
        94  5.872e+06
        98  5.607e+06
       102  5.335e+06
       106  5.064e+06
       110  4.798e+06
       114  4.543e+06
       118  4.297e+06
       122  4.073e+06
       126  3.859e+06
       130  3.662e+06
       134   3.49e+06
       138  3.332e+06
       142  3.179e+06
       146  3.038e+06
       150  2.897e+06
       154  2.768e+06
       158  2.649e+06
       162  2.549e+06
       166  2.454e+06
       170  2.372e+06
       174  2.296e+06
       178  2.231e+06
       182   2.16e+06
       186  2.083e+06
       190  2.008e+06
       194  1.939e+06
       198   1.87e+06
       202  1.806e+06
       206  1.746e+06
       210  1.689e+06
       214  1.636e+06
       218  1.585e+06
       222  1.537e+06
       226   1.49e+06
       230  1.444e+06
       234  1.402e+06
       238  1.362e+06
       242  1.324e+06
       246  1.287e+06
       250  1.249e+06
       254  1.213e+06
       258  1.178e+06
       262  1.143e+06
       266  1.109e+06
       270  1.077e+06
       274  1.047e+06
       278  1.017e+06
       282  9.885e+05
       286  9.613e+05
       290  9.353e+05
       294    9.1e+05
       298  8.857e+05
       302  8.623e+05
       306  8.398e+05
       310  8.182e+05
       314  7.974e+05
       318  7.773e+05
       322   7.58e+05
       326  7.394e+05
       330  7.215e+05
       334  7.042e+05
       338  6.875e+05
       342  6.714e+05
       346  6.559e+05
       350  6.409e+05
