    0.7782  5.144e+08
         1  1.505e+08
     1.146  7.609e+07
     1.255  4.751e+07
     1.342  3.424e+07
     1.415  2.664e+07
     1.477  2.216e+07
     1.531  1.899e+07
      1.58  1.634e+07
     1.623  1.422e+07
     1.663  1.262e+07
     1.699  1.126e+07
     1.732  1.011e+07
     1.763  9.229e+06
     1.792  8.484e+06
      1.82  7.913e+06
     1.845  7.521e+06
     1.869  7.216e+06
     1.892  7.004e+06
     1.914  6.734e+06
     1.935  6.437e+06
     1.954  6.157e+06
     1.973  5.872e+06
     1.991  5.607e+06
     2.009  5.335e+06
     2.025  5.064e+06
     2.041  4.798e+06
     2.057  4.543e+06
     2.072  4.297e+06
     2.086  4.073e+06
       2.1  3.859e+06
     2.114  3.662e+06
     2.127   3.49e+06
      2.14  3.332e+06
     2.152  3.179e+06
     2.164  3.038e+06
     2.176  2.897e+06
     2.188  2.768e+06
     2.199  2.649e+06
      2.21  2.549e+06
      2.22  2.454e+06
      2.23  2.372e+06
     2.241  2.296e+06
      2.25  2.231e+06
      2.26   2.16e+06
      2.27  2.083e+06
     2.279  2.008e+06
     2.288  1.939e+06
     2.297   1.87e+06
     2.305  1.806e+06
     2.314  1.746e+06
     2.322  1.689e+06
      2.33  1.636e+06
     2.338  1.585e+06
     2.346  1.537e+06
     2.354   1.49e+06
     2.362  1.444e+06
     2.369  1.402e+06
     2.377  1.362e+06
     2.384  1.324e+06
     2.391  1.287e+06
     2.398  1.249e+06
     2.405  1.213e+06
     2.412  1.178e+06
     2.418  1.143e+06
     2.425  1.109e+06
     2.431  1.077e+06
     2.438  1.047e+06
     2.444  1.017e+06
      2.45  9.885e+05
     2.456  9.613e+05
     2.462  9.353e+05
     2.468    9.1e+05
     2.474  8.857e+05
      2.48  8.623e+05
     2.486  8.398e+05
     2.491  8.182e+05
     2.497  7.974e+05
     2.502  7.773e+05
     2.508   7.58e+05
     2.513  7.394e+05
     2.519  7.215e+05
     2.524  7.042e+05
     2.529  6.875e+05
     2.534  6.714e+05
     2.539  6.559e+05
     2.544  6.409e+05
