    0.7782  1.983e+08
         1  2.917e+07
     1.146   1.66e+07
     1.255  1.076e+07
     1.342  1.064e+07
     1.415  9.385e+06
     1.477  9.754e+06
     1.531  8.608e+06
      1.58   6.38e+06
     1.623   5.18e+06
     1.663  4.994e+06
     1.699  4.107e+06
     1.732  3.488e+06
     1.763  3.719e+06
     1.792   3.45e+06
      1.82  3.764e+06
     1.845  4.484e+06
     1.869  4.692e+06
     1.892  5.155e+06
     1.914  4.235e+06
     1.935  3.536e+06
     1.954   3.28e+06
     1.973  2.809e+06
     1.991  2.622e+06
     2.009  2.142e+06
     2.025  1.748e+06
     2.041  1.398e+06
     2.057   1.17e+06
     2.072  9.077e+05
     2.086  8.754e+05
       2.1  7.013e+05
     2.114  6.563e+05
     2.127  7.906e+05
      2.14  7.658e+05
     2.152  6.152e+05
     2.164  6.021e+05
     2.176  3.892e+05
     2.188  4.123e+05
     2.199  4.261e+05
      2.21  6.162e+05
      2.22  5.887e+05
      2.23  7.069e+05
     2.241  7.053e+05
      2.25  8.503e+05
      2.26  6.212e+05
      2.27  3.769e+05
     2.279  2.988e+05
     2.288  3.286e+05
     2.297    2.3e+05
     2.305  2.477e+05
     2.314  2.636e+05
     2.322  2.493e+05
      2.33  2.703e+05
     2.338  2.626e+05
     2.346   2.32e+05
     2.354  2.141e+05
     2.362  1.852e+05
     2.369  2.044e+05
     2.377  2.175e+05
     2.384  2.123e+05
     2.391  1.725e+05
     2.398  1.143e+05
     2.405      1e+05
     2.412  7.063e+04
     2.418  3.353e+04
     2.425  3.923e+04
     2.431  2.872e+04
     2.438  2.406e+04
     2.444  1.338e+04
      2.45  1.524e+04
     2.456  1.578e+04
     2.462  1.772e+04
     2.468       4723
     2.474       5962
      2.48       2770
     2.486       2186
     2.491          0
     2.497       2034
     2.502          0
     2.508          0
     2.513          0
     2.519          0
     2.524          0
     2.529          0
     2.534          0
     2.539          0
     2.544          0
