         2      19.17
         6      20.75
        10       21.7
        14       22.2
        18      22.58
        22      22.89
        26      23.24
        30      23.98
        34      23.75
        38      24.38
        42       24.2
        46      24.27
        50      24.46
        54      24.85
        58      24.39
        62      25.02
        66      25.52
        70      25.97
        74      26.19
        78      26.74
        82      27.61
        86      27.41
        90       27.7
        94      27.92
        98      27.84
       102      28.47
       106         29
       110       29.2
       114      29.65
       118      29.78
       122      30.11
       126      30.06
       130      29.82
       134      29.94
       138      30.24
       142      31.12
       146      31.63
       150      31.77
       154      31.85
       158      31.66
       162      31.86
       166      32.03
       170      32.03
       174      31.82
       178      31.67
       182      32.01
       186      32.38
       190      32.59
       194      32.58
       198       32.9
       202      33.02
       206      32.82
       210      32.93
       214      32.93
       218      32.82
       222      33.17
       226      33.25
       230      33.23
       234      33.02
       238      33.52
       242      33.89
       246      34.09
       250      34.08
       254      34.44
       258      34.46
       262       34.6
       266      34.71
       270       34.7
       274       34.7
       278      35.01
       282      34.79
       286      34.64
       290      35.02
       294      35.18
       298      35.25
       302      35.34
       306      35.38
       310      35.35
       314      35.49
       318      35.52
       322      35.52
       326      35.52
       330      35.52
       334      35.52
       338      35.52
       342      35.52
       346      35.52
       350      35.52
