     6.001  1.098e+09
        10  3.798e+08
        14  2.023e+08
        18  1.293e+08
        22  9.154e+07
        26  6.932e+07
        30  5.418e+07
        34  4.369e+07
        38  3.628e+07
        42  3.063e+07
     46.01  2.633e+07
     50.01  2.303e+07
     54.01  2.035e+07
     58.01  1.812e+07
     62.01  1.622e+07
     66.01  1.464e+07
     70.01  1.332e+07
     74.01  1.217e+07
     78.01  1.112e+07
     82.01  1.026e+07
     86.01  9.509e+06
     90.01  8.854e+06
     94.01  8.319e+06
     98.01  7.819e+06
       102  7.357e+06
       106  6.922e+06
       110  6.518e+06
       114  6.161e+06
       118  5.841e+06
       122  5.553e+06
       126  5.297e+06
       130   5.04e+06
       134  4.795e+06
       138  4.569e+06
       142  4.356e+06
       146  4.162e+06
       150  3.986e+06
       154  3.827e+06
       158  3.672e+06
       162  3.524e+06
       166  3.389e+06
       170   3.26e+06
       174  3.142e+06
       178  3.035e+06
       182  2.931e+06
       186  2.842e+06
       190  2.747e+06
       194  2.659e+06
       198  2.577e+06
       202  2.494e+06
       206  2.416e+06
       210  2.343e+06
       214  2.273e+06
       218  2.204e+06
       222  2.139e+06
       226  2.079e+06
       230   2.02e+06
       234  1.961e+06
       238  1.906e+06
       242  1.852e+06
       246    1.8e+06
       250  1.752e+06
       254  1.703e+06
       258  1.655e+06
       262  1.609e+06
       266  1.565e+06
       270   1.52e+06
       274  1.478e+06
       278  1.437e+06
       282  1.397e+06
       286  1.359e+06
       290  1.323e+06
       294  1.288e+06
       298  1.254e+06
       302  1.221e+06
       306   1.19e+06
       310  1.159e+06
       314   1.13e+06
       318  1.102e+06
       322  1.075e+06
       326  1.048e+06
       330  1.023e+06
       334  9.986e+05
       338   9.75e+05
       342  9.522e+05
       346  9.303e+05
       350   9.09e+05
