     6.001  7.027e+08
        10  1.404e+08
        14   6.03e+07
        18  3.553e+07
        22  2.437e+07
        26  1.881e+07
        30  1.226e+07
        34  9.412e+06
        38  8.388e+06
        42  6.567e+06
     46.01  5.851e+06
     50.01  5.682e+06
     54.01  4.897e+06
     58.01  4.186e+06
     62.01  3.322e+06
     66.01  3.173e+06
     70.01  3.095e+06
     74.01  2.678e+06
     78.01  1.934e+06
     82.01  2.299e+06
     86.01  2.182e+06
     90.01  2.132e+06
     94.01  2.565e+06
     98.01  2.196e+06
       102  1.917e+06
       106   1.59e+06
       110  1.366e+06
       114  1.431e+06
       118   1.44e+06
       122  1.442e+06
       126  1.531e+06
       130  1.111e+06
       134  9.337e+05
       138  9.064e+05
       142   7.92e+05
       146  7.988e+05
       150  8.709e+05
       154  9.302e+05
       158  7.494e+05
       162   6.87e+05
       166  7.092e+05
       170  6.467e+05
       174  7.041e+05
       178   7.63e+05
       182  6.692e+05
       186  8.494e+05
       190  6.014e+05
       194  6.061e+05
       198  6.311e+05
       202  4.699e+05
       206  4.811e+05
       210   5.07e+05
       214  4.762e+05
       218  4.042e+05
       222  3.963e+05
       226  4.234e+05
       230  3.815e+05
       234  3.143e+05
       238  3.241e+05
       242  2.513e+05
       246  2.669e+05
       250   3.14e+05
       254  1.685e+05
       258  1.761e+05
       262  1.486e+05
       266  1.272e+05
       270   6.78e+04
       274  7.629e+04
       278  5.701e+04
       282  2.879e+04
       286  4.037e+04
       290  3.526e+04
       294  4.079e+04
       298  2.556e+04
       302  1.307e+04
       306  1.149e+04
       310  1.092e+04
       314  1.579e+04
       318  1.622e+04
       322       2094
       326       1890
       330       4150
       334       1838
       338       2044
       342       1841
       346       1781
       350          0
