    0.7782  1.098e+09
         1  3.798e+08
     1.146  2.023e+08
     1.255  1.293e+08
     1.342  9.154e+07
     1.415  6.932e+07
     1.477  5.418e+07
     1.532  4.369e+07
      1.58  3.628e+07
     1.623  3.063e+07
     1.663  2.633e+07
     1.699  2.303e+07
     1.732  2.035e+07
     1.763  1.812e+07
     1.792  1.622e+07
      1.82  1.464e+07
     1.845  1.332e+07
     1.869  1.217e+07
     1.892  1.112e+07
     1.914  1.026e+07
     1.935  9.509e+06
     1.954  8.854e+06
     1.973  8.319e+06
     1.991  7.819e+06
     2.009  7.357e+06
     2.025  6.922e+06
     2.041  6.518e+06
     2.057  6.161e+06
     2.072  5.841e+06
     2.086  5.553e+06
       2.1  5.297e+06
     2.114   5.04e+06
     2.127  4.795e+06
      2.14  4.569e+06
     2.152  4.356e+06
     2.164  4.162e+06
     2.176  3.986e+06
     2.188  3.827e+06
     2.199  3.672e+06
      2.21  3.524e+06
      2.22  3.389e+06
      2.23   3.26e+06
     2.241  3.142e+06
      2.25  3.035e+06
      2.26  2.931e+06
      2.27  2.842e+06
     2.279  2.747e+06
     2.288  2.659e+06
     2.297  2.577e+06
     2.305  2.494e+06
     2.314  2.416e+06
     2.322  2.343e+06
      2.33  2.273e+06
     2.339  2.204e+06
     2.346  2.139e+06
     2.354  2.079e+06
     2.362   2.02e+06
     2.369  1.961e+06
     2.377  1.906e+06
     2.384  1.852e+06
     2.391    1.8e+06
     2.398  1.752e+06
     2.405  1.703e+06
     2.412  1.655e+06
     2.418  1.609e+06
     2.425  1.565e+06
     2.431   1.52e+06
     2.438  1.478e+06
     2.444  1.437e+06
      2.45  1.397e+06
     2.456  1.359e+06
     2.462  1.323e+06
     2.468  1.288e+06
     2.474  1.254e+06
      2.48  1.221e+06
     2.486   1.19e+06
     2.491  1.159e+06
     2.497   1.13e+06
     2.502  1.102e+06
     2.508  1.075e+06
     2.513  1.048e+06
     2.519  1.023e+06
     2.524  9.986e+05
     2.529   9.75e+05
     2.534  9.522e+05
     2.539  9.303e+05
     2.544   9.09e+05
