    0.7782  7.027e+08
         1  1.404e+08
     1.146   6.03e+07
     1.255  3.553e+07
     1.342  2.437e+07
     1.415  1.881e+07
     1.477  1.226e+07
     1.532  9.412e+06
      1.58  8.388e+06
     1.623  6.567e+06
     1.663  5.851e+06
     1.699  5.682e+06
     1.732  4.897e+06
     1.763  4.186e+06
     1.792  3.322e+06
      1.82  3.173e+06
     1.845  3.095e+06
     1.869  2.678e+06
     1.892  1.934e+06
     1.914  2.299e+06
     1.935  2.182e+06
     1.954  2.132e+06
     1.973  2.565e+06
     1.991  2.196e+06
     2.009  1.917e+06
     2.025   1.59e+06
     2.041  1.366e+06
     2.057  1.431e+06
     2.072   1.44e+06
     2.086  1.442e+06
       2.1  1.531e+06
     2.114  1.111e+06
     2.127  9.337e+05
      2.14  9.064e+05
     2.152   7.92e+05
     2.164  7.988e+05
     2.176  8.709e+05
     2.188  9.302e+05
     2.199  7.494e+05
      2.21   6.87e+05
      2.22  7.092e+05
      2.23  6.467e+05
     2.241  7.041e+05
      2.25   7.63e+05
      2.26  6.692e+05
      2.27  8.494e+05
     2.279  6.014e+05
     2.288  6.061e+05
     2.297  6.311e+05
     2.305  4.699e+05
     2.314  4.811e+05
     2.322   5.07e+05
      2.33  4.762e+05
     2.339  4.042e+05
     2.346  3.963e+05
     2.354  4.234e+05
     2.362  3.815e+05
     2.369  3.143e+05
     2.377  3.241e+05
     2.384  2.513e+05
     2.391  2.669e+05
     2.398   3.14e+05
     2.405  1.685e+05
     2.412  1.761e+05
     2.418  1.486e+05
     2.425  1.272e+05
     2.431   6.78e+04
     2.438  7.629e+04
     2.444  5.701e+04
      2.45  2.879e+04
     2.456  4.037e+04
     2.462  3.526e+04
     2.468  4.079e+04
     2.474  2.556e+04
      2.48  1.307e+04
     2.486  1.149e+04
     2.491  1.092e+04
     2.497  1.579e+04
     2.502  1.622e+04
     2.508       2094
     2.513       1890
     2.519       4150
     2.524       1838
     2.529       2044
     2.534       1841
     2.539       1781
     2.544          0
