         2      18.64
     6.001      20.48
        10      21.26
        14      21.73
        18      21.96
        22      22.06
        26      22.26
        30      22.75
        34         23
        38      23.12
        42      23.38
     46.01       23.6
     50.01      23.89
     54.01      24.14
     58.01      24.54
     62.01      24.79
     66.01      24.73
     70.01      25.15
     74.01      25.62
     78.01       25.7
     82.01      25.43
     86.01      25.72
     90.01      25.48
     94.01      25.84
     98.01      26.02
       102       26.4
       106      27.19
       110       27.4
       114      26.75
       118      27.73
       122      27.53
       126      28.29
       130      28.65
       134      28.79
       138      29.14
       142      29.24
       146      28.88
       150      28.72
       154       28.8
       158      29.43
       162       29.7
       166      30.18
       170       30.4
       174      30.52
       178      30.13
       182      30.13
       186      30.38
       190      30.66
       194      30.31
       198      31.08
       202      31.56
       206      31.19
       210      31.54
       214      31.87
       218      32.41
       222      32.07
       226      31.86
       230      32.16
       234      32.45
       238      32.78
       242      33.17
       246      32.95
       250      33.06
       254      33.42
       258      33.08
       262      33.32
       266      33.48
       270      33.51
       274      33.52
       278      34.18
       282      34.14
       286      34.17
       290      34.08
       294      34.03
       298      34.48
       302      34.66
       306      34.91
       310      34.63
       314       34.6
       318      34.98
       322      35.25
       326      35.21
       330      34.72
       334      35.02
       338       34.6
       342      34.69
       346      35.14
       350      35.52
