     6.002  8.734e+08
        10  2.684e+08
     14.01  1.558e+08
     18.01  9.894e+07
     22.01  7.268e+07
     26.01    4.9e+07
     30.01  4.299e+07
     34.01   3.28e+07
     38.02  2.702e+07
     42.02  2.361e+07
     46.02  2.066e+07
     50.02  1.808e+07
     54.02  1.656e+07
     58.02  1.388e+07
     62.02  1.143e+07
     66.03   9.53e+06
     70.03  9.147e+06
     74.03  8.728e+06
     78.03  7.551e+06
     82.03  7.165e+06
     86.03  6.245e+06
     90.04  5.787e+06
     94.04   5.03e+06
     98.04  4.236e+06
       102  3.213e+06
       106  3.129e+06
       110  2.994e+06
       114  2.638e+06
       118  2.392e+06
       122  2.361e+06
       126  2.462e+06
     130.1   2.13e+06
     134.1  1.996e+06
     138.1  1.659e+06
     142.1  1.706e+06
     146.1   1.54e+06
     150.1   1.69e+06
     154.1  1.678e+06
     158.1  1.442e+06
     162.1  1.395e+06
     166.1  1.218e+06
     170.1  1.149e+06
     174.1  1.304e+06
     178.1  9.137e+05
     182.1  1.034e+06
     186.1  1.001e+06
     190.1  7.629e+05
     194.1  7.717e+05
     198.1  1.046e+06
     202.1   6.95e+05
     206.1  7.799e+05
     210.1  6.769e+05
     214.1  7.702e+05
     218.1  6.474e+05
     222.1  6.432e+05
     226.1  5.696e+05
     230.1  5.756e+05
     234.1  5.858e+05
     238.1   4.48e+05
     242.1  3.692e+05
     246.1  3.612e+05
     250.1  2.714e+05
     254.1  3.338e+05
     258.1  3.487e+05
     262.1  2.633e+05
     266.1  1.564e+05
     270.1  1.308e+05
     274.1   1.19e+05
     278.1  9.929e+04
     282.1  6.733e+04
     286.1  4.719e+04
     290.1  3.629e+04
     294.1  5.817e+04
     298.1  5.433e+04
     302.1  4.267e+04
     306.1  1.883e+04
     310.1  1.535e+04
     314.1  1.337e+04
     318.1  1.737e+04
     322.1  1.556e+04
     326.1       7835
     330.1  1.185e+04
     334.1       3905
     338.1          0
     342.1       3605
     346.1          0
     350.1          0
