     6.002  1.162e+09
        10  4.917e+08
     14.01  3.051e+08
     18.01  2.149e+08
     22.01  1.637e+08
     26.01  1.287e+08
     30.01  1.059e+08
     34.01  8.879e+07
     38.02  7.582e+07
     42.02   6.59e+07
     46.02  5.805e+07
     50.02  5.167e+07
     54.02  4.647e+07
     58.02  4.198e+07
     62.02  3.805e+07
     66.03  3.459e+07
     70.03  3.169e+07
     74.03  2.921e+07
     78.03  2.699e+07
     82.03  2.505e+07
     86.03  2.331e+07
     90.04  2.175e+07
     94.04  2.033e+07
     98.04  1.901e+07
       102  1.778e+07
       106  1.667e+07
       110  1.568e+07
       114  1.476e+07
       118  1.392e+07
       122  1.317e+07
       126  1.249e+07
     130.1  1.185e+07
     134.1  1.126e+07
     138.1   1.07e+07
     142.1   1.02e+07
     146.1  9.723e+06
     150.1  9.295e+06
     154.1  8.899e+06
     158.1  8.521e+06
     162.1   8.17e+06
     166.1  7.835e+06
     170.1   7.52e+06
     174.1  7.234e+06
     178.1   6.95e+06
     182.1   6.69e+06
     186.1  6.446e+06
     190.1  6.206e+06
     194.1  5.982e+06
     198.1  5.783e+06
     202.1  5.581e+06
     206.1  5.395e+06
     210.1  5.215e+06
     214.1  5.049e+06
     218.1  4.888e+06
     222.1  4.735e+06
     226.1  4.587e+06
     230.1  4.448e+06
     234.1  4.316e+06
     238.1  4.186e+06
     242.1  4.059e+06
     246.1  3.939e+06
     250.1  3.822e+06
     254.1  3.712e+06
     258.1  3.608e+06
     262.1  3.506e+06
     266.1  3.405e+06
     270.1  3.308e+06
     274.1  3.215e+06
     278.1  3.125e+06
     282.1  3.038e+06
     286.1  2.955e+06
     290.1  2.874e+06
     294.1  2.798e+06
     298.1  2.724e+06
     302.1  2.653e+06
     306.1  2.584e+06
     310.1  2.518e+06
     314.1  2.454e+06
     318.1  2.393e+06
     322.1  2.334e+06
     326.1  2.277e+06
     330.1  2.222e+06
     334.1  2.169e+06
     338.1  2.117e+06
     342.1  2.068e+06
     346.1   2.02e+06
     350.1  1.974e+06
