    0.7783  1.162e+09
         1  4.917e+08
     1.146  3.051e+08
     1.255  2.149e+08
     1.343  1.637e+08
     1.415  1.287e+08
     1.477  1.059e+08
     1.532  8.879e+07
      1.58  7.582e+07
     1.623   6.59e+07
     1.663  5.805e+07
     1.699  5.167e+07
     1.733  4.647e+07
     1.764  4.198e+07
     1.793  3.805e+07
      1.82  3.459e+07
     1.845  3.169e+07
     1.869  2.921e+07
     1.892  2.699e+07
     1.914  2.505e+07
     1.935  2.331e+07
     1.954  2.175e+07
     1.973  2.033e+07
     1.991  1.901e+07
     2.009  1.778e+07
     2.025  1.667e+07
     2.042  1.568e+07
     2.057  1.476e+07
     2.072  1.392e+07
     2.087  1.317e+07
     2.101  1.249e+07
     2.114  1.185e+07
     2.127  1.126e+07
      2.14   1.07e+07
     2.152   1.02e+07
     2.165  9.723e+06
     2.176  9.295e+06
     2.188  8.899e+06
     2.199  8.521e+06
      2.21   8.17e+06
      2.22  7.835e+06
     2.231   7.52e+06
     2.241  7.234e+06
     2.251   6.95e+06
      2.26   6.69e+06
      2.27  6.446e+06
     2.279  6.206e+06
     2.288  5.982e+06
     2.297  5.783e+06
     2.306  5.581e+06
     2.314  5.395e+06
     2.322  5.215e+06
     2.331  5.049e+06
     2.339  4.888e+06
     2.347  4.735e+06
     2.354  4.587e+06
     2.362  4.448e+06
     2.369  4.316e+06
     2.377  4.186e+06
     2.384  4.059e+06
     2.391  3.939e+06
     2.398  3.822e+06
     2.405  3.712e+06
     2.412  3.608e+06
     2.418  3.506e+06
     2.425  3.405e+06
     2.432  3.308e+06
     2.438  3.215e+06
     2.444  3.125e+06
      2.45  3.038e+06
     2.457  2.955e+06
     2.463  2.874e+06
     2.469  2.798e+06
     2.474  2.724e+06
      2.48  2.653e+06
     2.486  2.584e+06
     2.492  2.518e+06
     2.497  2.454e+06
     2.503  2.393e+06
     2.508  2.334e+06
     2.513  2.277e+06
     2.519  2.222e+06
     2.524  2.169e+06
     2.529  2.117e+06
     2.534  2.068e+06
     2.539   2.02e+06
     2.544  1.974e+06
