    0.7783  8.734e+08
         1  2.684e+08
     1.146  1.558e+08
     1.255  9.894e+07
     1.343  7.268e+07
     1.415    4.9e+07
     1.477  4.299e+07
     1.532   3.28e+07
      1.58  2.702e+07
     1.623  2.361e+07
     1.663  2.066e+07
     1.699  1.808e+07
     1.733  1.656e+07
     1.764  1.388e+07
     1.793  1.143e+07
      1.82   9.53e+06
     1.845  9.147e+06
     1.869  8.728e+06
     1.892  7.551e+06
     1.914  7.165e+06
     1.935  6.245e+06
     1.954  5.787e+06
     1.973   5.03e+06
     1.991  4.236e+06
     2.009  3.213e+06
     2.025  3.129e+06
     2.042  2.994e+06
     2.057  2.638e+06
     2.072  2.392e+06
     2.087  2.361e+06
     2.101  2.462e+06
     2.114   2.13e+06
     2.127  1.996e+06
      2.14  1.659e+06
     2.152  1.706e+06
     2.165   1.54e+06
     2.176   1.69e+06
     2.188  1.678e+06
     2.199  1.442e+06
      2.21  1.395e+06
      2.22  1.218e+06
     2.231  1.149e+06
     2.241  1.304e+06
     2.251  9.137e+05
      2.26  1.034e+06
      2.27  1.001e+06
     2.279  7.629e+05
     2.288  7.717e+05
     2.297  1.046e+06
     2.306   6.95e+05
     2.314  7.799e+05
     2.322  6.769e+05
     2.331  7.702e+05
     2.339  6.474e+05
     2.347  6.432e+05
     2.354  5.696e+05
     2.362  5.756e+05
     2.369  5.858e+05
     2.377   4.48e+05
     2.384  3.692e+05
     2.391  3.612e+05
     2.398  2.714e+05
     2.405  3.338e+05
     2.412  3.487e+05
     2.418  2.633e+05
     2.425  1.564e+05
     2.432  1.308e+05
     2.438   1.19e+05
     2.444  9.929e+04
      2.45  6.733e+04
     2.457  4.719e+04
     2.463  3.629e+04
     2.469  5.817e+04
     2.474  5.433e+04
      2.48  4.267e+04
     2.486  1.883e+04
     2.492  1.535e+04
     2.497  1.337e+04
     2.503  1.737e+04
     2.508  1.556e+04
     2.513       7835
     2.519  1.185e+04
     2.524       3905
     2.529          0
     2.534       3605
     2.539          0
     2.544          0
