     2.001      18.68
     6.002      19.88
        10      20.26
     14.01      20.59
     18.01      20.82
     22.01      21.13
     26.01      21.35
     30.01      21.42
     34.01      21.86
     38.02      22.01
     42.02      22.21
     46.02      22.45
     50.02      22.56
     54.02      22.71
     58.02      22.93
     62.02      23.06
     66.03      23.16
     70.03      23.28
     74.03      23.48
     78.03      23.56
     82.03      23.71
     86.03       23.9
     90.04      24.08
     94.04      24.17
     98.04      24.53
       102      24.65
       106      24.72
       110      24.83
       114       25.1
       118      25.39
       122      25.45
       126      26.02
     130.1       26.2
     134.1      26.17
     138.1      26.68
     142.1      26.74
     146.1      26.89
     150.1      26.81
     154.1      27.51
     158.1      27.49
     162.1      27.47
     166.1      27.64
     170.1      27.68
     174.1      27.72
     178.1      27.93
     182.1      27.79
     186.1      28.51
     190.1      28.88
     194.1      28.63
     198.1      28.57
     202.1      28.88
     206.1      29.03
     210.1      29.78
     214.1      29.53
     218.1      29.88
     222.1      29.85
     226.1      29.93
     230.1      30.52
     234.1      31.06
     238.1      31.25
     242.1      31.61
     246.1      31.78
     250.1      32.02
     254.1      31.94
     258.1       32.3
     262.1      32.52
     266.1      32.64
     270.1      31.97
     274.1      32.24
     278.1      32.78
     282.1      33.19
     286.1      33.61
     290.1      33.41
     294.1      33.27
     298.1      33.32
     302.1      33.77
     306.1      34.08
     310.1      34.05
     314.1      34.24
     318.1      34.29
     322.1      34.23
     326.1      34.46
     330.1       34.7
     334.1      34.88
     338.1       35.1
     342.1      34.81
     346.1      35.52
     350.1      35.52
