     6.002  6.867e+08
        10  3.277e+08
        14  2.167e+08
        18   1.63e+08
     22.01  1.309e+08
     26.01  1.097e+08
     30.01  9.497e+07
     34.01  8.381e+07
     38.01  7.455e+07
     42.01  6.723e+07
     46.01  6.177e+07
     50.01  5.687e+07
     54.01  5.221e+07
     58.02  4.818e+07
     62.02  4.493e+07
     66.02  4.221e+07
     70.02  3.966e+07
     74.02  3.743e+07
     78.02  3.551e+07
     82.02   3.38e+07
     86.02  3.217e+07
     90.02  3.076e+07
     94.03  2.953e+07
     98.03  2.841e+07
       102  2.739e+07
       106  2.646e+07
       110   2.56e+07
       114  2.476e+07
       118  2.393e+07
       122  2.305e+07
       126  2.217e+07
       130  2.133e+07
       134  2.052e+07
       138  1.975e+07
       142  1.902e+07
       146  1.832e+07
       150  1.765e+07
       154  1.703e+07
       158  1.643e+07
       162  1.585e+07
       166   1.53e+07
       170  1.477e+07
       174  1.427e+07
       178  1.382e+07
     182.1   1.34e+07
     186.1  1.299e+07
     190.1   1.26e+07
     194.1  1.224e+07
     198.1  1.189e+07
     202.1  1.156e+07
     206.1  1.124e+07
     210.1  1.094e+07
     214.1  1.064e+07
     218.1  1.035e+07
     222.1  1.008e+07
     226.1  9.804e+06
     230.1  9.552e+06
     234.1  9.301e+06
     238.1  9.068e+06
     242.1  8.848e+06
     246.1  8.643e+06
     250.1  8.437e+06
     254.1  8.235e+06
     258.1  8.025e+06
     262.1  7.819e+06
     266.1  7.617e+06
     270.1  7.421e+06
     274.1  7.232e+06
     278.1  7.049e+06
     282.1  6.869e+06
     286.1  6.694e+06
     290.1  6.528e+06
     294.1  6.364e+06
     298.1  6.206e+06
     302.1  6.053e+06
     306.1  5.906e+06
     310.1  5.764e+06
     314.1  5.626e+06
     318.1  5.495e+06
     322.1  5.366e+06
     326.1  5.238e+06
     330.1  5.114e+06
     334.1  4.995e+06
     338.1  4.878e+06
     342.1  4.765e+06
     346.1  4.656e+06
     350.1   4.55e+06
