     6.002  5.244e+08
        10   2.08e+08
        14   1.28e+08
        18   9.38e+07
     22.01  7.385e+07
     26.01  6.156e+07
     30.01  5.417e+07
     34.01  4.735e+07
     38.01  3.972e+07
     42.01  3.599e+07
     46.01  3.578e+07
     50.01  3.111e+07
     54.01  2.533e+07
     58.02  2.301e+07
     62.02  2.297e+07
     66.02  2.245e+07
     70.02   1.99e+07
     74.02  1.895e+07
     78.02  1.877e+07
     82.02  1.791e+07
     86.02   1.63e+07
     90.02  1.631e+07
     94.03  1.629e+07
     98.03  1.586e+07
       102  1.534e+07
       106    1.5e+07
       110  1.469e+07
       114  1.369e+07
       118  1.242e+07
       122  1.055e+07
       126  9.214e+06
       130  8.474e+06
       134  7.816e+06
       138  7.174e+06
       142  6.795e+06
       146  6.295e+06
       150  5.728e+06
       154  5.709e+06
       158  5.224e+06
       162  4.705e+06
       166  4.306e+06
       170   4.05e+06
       174  3.991e+06
       178   4.24e+06
     182.1  4.138e+06
     186.1  3.966e+06
     190.1  3.671e+06
     194.1  3.795e+06
     198.1  3.695e+06
     202.1  3.626e+06
     206.1  3.362e+06
     210.1  3.188e+06
     214.1  3.003e+06
     218.1  2.813e+06
     222.1   2.62e+06
     226.1  2.412e+06
     230.1   2.54e+06
     234.1  2.232e+06
     238.1  2.354e+06
     242.1  2.419e+06
     246.1  2.541e+06
     250.1   2.22e+06
     254.1  2.002e+06
     258.1   1.46e+06
     262.1  1.277e+06
     266.1  1.118e+06
     270.1  1.009e+06
     274.1  9.341e+05
     278.1  8.613e+05
     282.1  7.111e+05
     286.1  6.189e+05
     290.1  6.731e+05
     294.1  4.971e+05
     298.1  4.809e+05
     302.1  4.265e+05
     306.1  4.515e+05
     310.1  3.946e+05
     314.1  3.541e+05
     318.1  3.984e+05
     322.1  2.952e+05
     326.1   1.58e+05
     330.1  1.425e+05
     334.1  1.206e+05
     338.1  5.493e+04
     342.1  4.967e+04
     346.1  3.999e+04
     350.1  2.679e+04
