    0.7783  5.244e+08
         1   2.08e+08
     1.146   1.28e+08
     1.255   9.38e+07
     1.343  7.385e+07
     1.415  6.156e+07
     1.477  5.417e+07
     1.532  4.735e+07
      1.58  3.972e+07
     1.623  3.599e+07
     1.663  3.578e+07
     1.699  3.111e+07
     1.733  2.533e+07
     1.764  2.301e+07
     1.793  2.297e+07
      1.82  2.245e+07
     1.845   1.99e+07
     1.869  1.895e+07
     1.892  1.877e+07
     1.914  1.791e+07
     1.935   1.63e+07
     1.954  1.631e+07
     1.973  1.629e+07
     1.991  1.586e+07
     2.009  1.534e+07
     2.025    1.5e+07
     2.042  1.469e+07
     2.057  1.369e+07
     2.072  1.242e+07
     2.086  1.055e+07
       2.1  9.214e+06
     2.114  8.474e+06
     2.127  7.816e+06
      2.14  7.174e+06
     2.152  6.795e+06
     2.164  6.295e+06
     2.176  5.728e+06
     2.188  5.709e+06
     2.199  5.224e+06
      2.21  4.705e+06
      2.22  4.306e+06
     2.231   4.05e+06
     2.241  3.991e+06
     2.251   4.24e+06
      2.26  4.138e+06
      2.27  3.966e+06
     2.279  3.671e+06
     2.288  3.795e+06
     2.297  3.695e+06
     2.305  3.626e+06
     2.314  3.362e+06
     2.322  3.188e+06
     2.331  3.003e+06
     2.339  2.813e+06
     2.346   2.62e+06
     2.354  2.412e+06
     2.362   2.54e+06
     2.369  2.232e+06
     2.377  2.354e+06
     2.384  2.419e+06
     2.391  2.541e+06
     2.398   2.22e+06
     2.405  2.002e+06
     2.412   1.46e+06
     2.418  1.277e+06
     2.425  1.118e+06
     2.431  1.009e+06
     2.438  9.341e+05
     2.444  8.613e+05
      2.45  7.111e+05
     2.456  6.189e+05
     2.463  6.731e+05
     2.468  4.971e+05
     2.474  4.809e+05
      2.48  4.265e+05
     2.486  4.515e+05
     2.491  3.946e+05
     2.497  3.541e+05
     2.503  3.984e+05
     2.508  2.952e+05
     2.513   1.58e+05
     2.519  1.425e+05
     2.524  1.206e+05
     2.529  5.493e+04
     2.534  4.967e+04
     2.539  3.999e+04
     2.544  2.679e+04
