    0.7783  6.867e+08
         1  3.277e+08
     1.146  2.167e+08
     1.255   1.63e+08
     1.343  1.309e+08
     1.415  1.097e+08
     1.477  9.497e+07
     1.532  8.381e+07
      1.58  7.455e+07
     1.623  6.723e+07
     1.663  6.177e+07
     1.699  5.687e+07
     1.733  5.221e+07
     1.764  4.818e+07
     1.793  4.493e+07
      1.82  4.221e+07
     1.845  3.966e+07
     1.869  3.743e+07
     1.892  3.551e+07
     1.914   3.38e+07
     1.935  3.217e+07
     1.954  3.076e+07
     1.973  2.953e+07
     1.991  2.841e+07
     2.009  2.739e+07
     2.025  2.646e+07
     2.042   2.56e+07
     2.057  2.476e+07
     2.072  2.393e+07
     2.086  2.305e+07
       2.1  2.217e+07
     2.114  2.133e+07
     2.127  2.052e+07
      2.14  1.975e+07
     2.152  1.902e+07
     2.164  1.832e+07
     2.176  1.765e+07
     2.188  1.703e+07
     2.199  1.643e+07
      2.21  1.585e+07
      2.22   1.53e+07
     2.231  1.477e+07
     2.241  1.427e+07
     2.251  1.382e+07
      2.26   1.34e+07
      2.27  1.299e+07
     2.279   1.26e+07
     2.288  1.224e+07
     2.297  1.189e+07
     2.305  1.156e+07
     2.314  1.124e+07
     2.322  1.094e+07
     2.331  1.064e+07
     2.339  1.035e+07
     2.346  1.008e+07
     2.354  9.804e+06
     2.362  9.552e+06
     2.369  9.301e+06
     2.377  9.068e+06
     2.384  8.848e+06
     2.391  8.643e+06
     2.398  8.437e+06
     2.405  8.235e+06
     2.412  8.025e+06
     2.418  7.819e+06
     2.425  7.617e+06
     2.431  7.421e+06
     2.438  7.232e+06
     2.444  7.049e+06
      2.45  6.869e+06
     2.456  6.694e+06
     2.463  6.528e+06
     2.468  6.364e+06
     2.474  6.206e+06
      2.48  6.053e+06
     2.486  5.906e+06
     2.491  5.764e+06
     2.497  5.626e+06
     2.503  5.495e+06
     2.508  5.366e+06
     2.513  5.238e+06
     2.519  5.114e+06
     2.524  4.995e+06
     2.529  4.878e+06
     2.534  4.765e+06
     2.539  4.656e+06
     2.544   4.55e+06
