     2.001      20.88
     6.002      21.26
        10       21.6
        14      21.84
        18      21.99
     22.01      22.17
     26.01      22.29
     30.01      22.43
     34.01      22.53
     38.01      22.74
     42.01      22.82
     46.01      22.92
     50.01      23.11
     54.01      23.36
     58.02      23.36
     62.02      23.39
     66.02      23.44
     70.02      23.53
     74.02      23.66
     78.02       23.7
     82.02      23.73
     86.02      23.77
     90.02      23.76
     94.03      23.76
     98.03      23.85
       102      23.95
       106      23.91
       110      23.96
       114      24.15
       118      24.24
       122      24.31
       126      24.43
       130      24.41
       134      24.57
       138      24.63
       142      24.74
       146      24.94
       150      24.94
       154      25.07
       158      25.15
       162      25.19
       166      25.32
       170      25.35
       174      25.46
       178      25.46
     182.1      25.59
     186.1      25.72
     190.1      25.76
     194.1      25.65
     198.1      25.85
     202.1      25.76
     206.1      25.84
     210.1      26.12
     214.1       26.2
     218.1       26.3
     222.1       26.4
     226.1      26.56
     230.1      26.52
     234.1      26.73
     238.1      26.88
     242.1      26.86
     246.1      26.82
     250.1      27.22
     254.1       27.3
     258.1       27.6
     262.1      27.66
     266.1      27.72
     270.1      27.59
     274.1       27.8
     278.1      27.94
     282.1      28.17
     286.1       27.8
     290.1      28.29
     294.1      28.43
     298.1      27.87
     302.1      28.01
     306.1      28.14
     310.1      28.24
     314.1       28.1
     318.1      28.57
     322.1      29.13
     326.1      28.67
     330.1      28.44
     334.1      29.14
     338.1      30.32
     342.1      29.97
     346.1       28.9
     350.1      28.41
