     6.069  6.064e+08
     10.11  1.462e+08
     14.16  6.008e+07
     18.21  3.924e+07
     22.25  2.803e+07
      26.3  1.895e+07
     30.34  1.762e+07
     34.39  9.253e+06
     38.44  4.754e+06
     42.48   2.77e+06
     46.53  2.584e+06
     50.57  2.337e+06
     54.62  1.674e+06
     58.67  1.695e+06
     62.71  1.711e+06
     66.76  1.627e+06
      70.8  9.689e+05
     74.85  8.832e+05
      78.9  7.238e+05
     82.94  7.265e+05
     86.99  6.088e+05
     91.03  6.375e+05
     95.08  6.804e+05
     99.13  6.486e+05
     103.2  5.551e+05
     107.2  5.555e+05
     111.3  8.853e+05
     115.3  7.968e+05
     119.4  8.381e+05
     123.4  7.721e+05
     127.4  6.843e+05
     131.5  5.216e+05
     135.5  4.297e+05
     139.6  2.893e+05
     143.6  3.849e+05
     147.7  4.393e+05
     151.7  3.351e+05
     155.8  2.868e+05
     159.8  2.419e+05
     163.9  1.737e+05
     167.9  1.232e+05
       172  8.969e+04
       176  8.153e+04
       180  1.035e+05
     184.1  7.225e+04
     188.1  7.174e+04
     192.2  6.772e+04
     196.2  9.664e+04
     200.3  2.142e+05
     204.3  1.224e+05
     208.4  3.057e+04
     212.4  9.648e+04
     216.5  4.721e+04
     220.5  4.911e+04
     224.6  2.764e+04
     228.6       3419
     232.6  3.187e+04
     236.7       9794
     240.7       8854
     244.8       3011
     248.8       8335
     252.9  1.399e+04
     256.9  1.068e+04
       261  1.042e+04
       265       5325
     269.1       2476
     273.1       5165
     277.1  1.058e+04
     281.2  1.217e+04
     285.2       7565
     289.3       2504
     293.3          0
     297.4          0
     301.4          0
     305.5          0
     309.5          0
     313.6          0
     317.6          0
     321.7          0
     325.7          0
     329.7          0
     333.8          0
     337.8          0
     341.9          0
     345.9          0
       350          0
