     6.069  1.109e+09
     10.11  3.868e+08
     14.16  2.053e+08
     18.21  1.326e+08
     22.25  9.498e+07
      26.3  7.175e+07
     30.34  5.739e+07
     34.39  4.611e+07
     38.44  3.743e+07
     42.48  3.084e+07
     46.53  2.594e+07
     50.57  2.217e+07
     54.62  1.914e+07
     58.67  1.674e+07
     62.71   1.48e+07
     66.76   1.32e+07
      70.8  1.181e+07
     74.85  1.063e+07
      78.9  9.612e+06
     82.94  8.745e+06
     86.99  7.989e+06
     91.03  7.336e+06
     95.08   6.77e+06
     99.13   6.27e+06
     103.2  5.822e+06
     107.2  5.425e+06
     111.3  5.095e+06
     115.3  4.793e+06
     119.4  4.525e+06
     123.4  4.279e+06
     127.4  4.051e+06
     131.5  3.834e+06
     135.5  3.631e+06
     139.6  3.437e+06
     143.6  3.265e+06
     147.7   3.11e+06
     151.7  2.962e+06
     155.8  2.823e+06
     159.8  2.693e+06
     163.9  2.568e+06
     167.9   2.45e+06
       172  2.339e+06
       176  2.236e+06
       180   2.14e+06
     184.1  2.049e+06
     188.1  1.964e+06
     192.2  1.884e+06
     196.2   1.81e+06
     200.3  1.746e+06
     204.3  1.682e+06
     208.4  1.617e+06
     212.4   1.56e+06
     216.5  1.503e+06
     220.5   1.45e+06
     224.6  1.398e+06
     228.6  1.349e+06
     232.6  1.303e+06
     236.7  1.259e+06
     240.7  1.217e+06
     244.8  1.177e+06
     248.8  1.139e+06
     252.9  1.103e+06
     256.9  1.068e+06
       261  1.036e+06
       265  1.004e+06
     269.1  9.741e+05
     273.1  9.454e+05
     277.1  9.181e+05
     281.2   8.92e+05
     285.2  8.669e+05
     289.3  8.427e+05
     293.3  8.195e+05
     297.4  7.972e+05
     301.4  7.758e+05
     305.5  7.552e+05
     309.5  7.355e+05
     313.6  7.165e+05
     317.6  6.983e+05
     321.7  6.807e+05
     325.7  6.638e+05
     329.7  6.475e+05
     333.8  6.318e+05
     337.8  6.167e+05
     341.9  6.021e+05
     345.9   5.88e+05
       350  5.744e+05
