    0.7831  1.109e+09
     1.005  3.868e+08
     1.151  2.053e+08
      1.26  1.326e+08
     1.347  9.498e+07
      1.42  7.175e+07
     1.482  5.739e+07
     1.536  4.611e+07
     1.585  3.743e+07
     1.628  3.084e+07
     1.668  2.594e+07
     1.704  2.217e+07
     1.737  1.914e+07
     1.768  1.674e+07
     1.797   1.48e+07
     1.825   1.32e+07
      1.85  1.181e+07
     1.874  1.063e+07
     1.897  9.612e+06
     1.919  8.745e+06
     1.939  7.989e+06
     1.959  7.336e+06
     1.978   6.77e+06
     1.996   6.27e+06
     2.014  5.822e+06
      2.03  5.425e+06
     2.046  5.095e+06
     2.062  4.793e+06
     2.077  4.525e+06
     2.091  4.279e+06
     2.105  4.051e+06
     2.119  3.834e+06
     2.132  3.631e+06
     2.145  3.437e+06
     2.157  3.265e+06
     2.169   3.11e+06
     2.181  2.962e+06
     2.192  2.823e+06
     2.204  2.693e+06
     2.214  2.568e+06
     2.225   2.45e+06
     2.235  2.339e+06
     2.246  2.236e+06
     2.255   2.14e+06
     2.265  2.049e+06
     2.274  1.964e+06
     2.284  1.884e+06
     2.293   1.81e+06
     2.302  1.746e+06
      2.31  1.682e+06
     2.319  1.617e+06
     2.327   1.56e+06
     2.335  1.503e+06
     2.343   1.45e+06
     2.351  1.398e+06
     2.359  1.349e+06
     2.367  1.303e+06
     2.374  1.259e+06
     2.382  1.217e+06
     2.389  1.177e+06
     2.396  1.139e+06
     2.403  1.103e+06
      2.41  1.068e+06
     2.417  1.036e+06
     2.423  1.004e+06
      2.43  9.741e+05
     2.436  9.454e+05
     2.443  9.181e+05
     2.449   8.92e+05
     2.455  8.669e+05
     2.461  8.427e+05
     2.467  8.195e+05
     2.473  7.972e+05
     2.479  7.758e+05
     2.485  7.552e+05
     2.491  7.355e+05
     2.496  7.165e+05
     2.502  6.983e+05
     2.507  6.807e+05
     2.513  6.638e+05
     2.518  6.475e+05
     2.523  6.318e+05
     2.529  6.167e+05
     2.534  6.021e+05
     2.539   5.88e+05
     2.544  5.744e+05
