    0.7831  6.064e+08
     1.005  1.462e+08
     1.151  6.008e+07
      1.26  3.924e+07
     1.347  2.803e+07
      1.42  1.895e+07
     1.482  1.762e+07
     1.536  9.253e+06
     1.585  4.754e+06
     1.628   2.77e+06
     1.668  2.584e+06
     1.704  2.337e+06
     1.737  1.674e+06
     1.768  1.695e+06
     1.797  1.711e+06
     1.825  1.627e+06
      1.85  9.689e+05
     1.874  8.832e+05
     1.897  7.238e+05
     1.919  7.265e+05
     1.939  6.088e+05
     1.959  6.375e+05
     1.978  6.804e+05
     1.996  6.486e+05
     2.014  5.551e+05
      2.03  5.555e+05
     2.046  8.853e+05
     2.062  7.968e+05
     2.077  8.381e+05
     2.091  7.721e+05
     2.105  6.843e+05
     2.119  5.216e+05
     2.132  4.297e+05
     2.145  2.893e+05
     2.157  3.849e+05
     2.169  4.393e+05
     2.181  3.351e+05
     2.192  2.868e+05
     2.204  2.419e+05
     2.214  1.737e+05
     2.225  1.232e+05
     2.235  8.969e+04
     2.246  8.153e+04
     2.255  1.035e+05
     2.265  7.225e+04
     2.274  7.174e+04
     2.284  6.772e+04
     2.293  9.664e+04
     2.302  2.142e+05
      2.31  1.224e+05
     2.319  3.057e+04
     2.327  9.648e+04
     2.335  4.721e+04
     2.343  4.911e+04
     2.351  2.764e+04
     2.359       3419
     2.367  3.187e+04
     2.374       9794
     2.382       8854
     2.389       3011
     2.396       8335
     2.403  1.399e+04
      2.41  1.068e+04
     2.417  1.042e+04
     2.423       5325
      2.43       2476
     2.436       5165
     2.443  1.058e+04
     2.449  1.217e+04
     2.455       7565
     2.461       2504
     2.467          0
     2.473          0
     2.479          0
     2.485          0
     2.491          0
     2.496          0
     2.502          0
     2.507          0
     2.513          0
     2.518          0
     2.523          0
     2.529          0
     2.534          0
     2.539          0
     2.544          0
