     2.023  5.813e+10
     6.069  1.283e+11
     10.11   1.79e+11
     14.16  2.138e+11
     18.21  2.456e+11
     22.25  2.748e+11
      26.3  2.989e+11
     30.34  3.254e+11
     34.39  3.415e+11
     38.44  3.508e+11
     42.48  3.569e+11
     46.53  3.632e+11
     50.57  3.694e+11
     54.62  3.742e+11
     58.67  3.795e+11
     62.71  3.853e+11
     66.76  3.911e+11
      70.8  3.948e+11
     74.85  3.984e+11
      78.9  4.015e+11
     82.94  4.048e+11
     86.99  4.077e+11
     91.03  4.108e+11
     95.08  4.144e+11
     99.13  4.179e+11
     103.2  4.211e+11
     107.2  4.243e+11
     111.3  4.298e+11
     115.3  4.348e+11
     119.4  4.404e+11
     123.4  4.456e+11
     127.4  4.505e+11
     131.5  4.543e+11
     135.5  4.575e+11
     139.6  4.597e+11
     143.6  4.628e+11
     147.7  4.664e+11
     151.7  4.692e+11
     155.8  4.717e+11
     159.8  4.739e+11
     163.9  4.755e+11
     167.9  4.766e+11
       172  4.775e+11
       176  4.783e+11
       180  4.793e+11
     184.1  4.801e+11
     188.1  4.808e+11
     192.2  4.816e+11
     196.2  4.826e+11
     200.3   4.85e+11
     204.3  4.864e+11
     208.4  4.868e+11
     212.4  4.879e+11
     216.5  4.885e+11
     220.5  4.891e+11
     224.6  4.895e+11
     228.6  4.895e+11
     232.6  4.899e+11
     236.7  4.901e+11
     240.7  4.902e+11
     244.8  4.902e+11
     248.8  4.903e+11
     252.9  4.905e+11
     256.9  4.907e+11
       261  4.908e+11
       265  4.909e+11
     269.1   4.91e+11
     273.1   4.91e+11
     277.1  4.912e+11
     281.2  4.914e+11
     285.2  4.915e+11
     289.3  4.916e+11
     293.3  4.916e+11
     297.4  4.916e+11
     301.4  4.916e+11
     305.5  4.916e+11
     309.5  4.916e+11
     313.6  4.916e+11
     317.6  4.916e+11
     321.7  4.916e+11
     325.7  4.916e+11
     329.7  4.916e+11
     333.8  4.916e+11
     337.8  4.916e+11
     341.9  4.916e+11
     345.9  4.916e+11
       350  4.916e+11
