     2.023  1.699e-16
     6.069  3.751e-17
     10.11  1.751e-17
     14.16  1.122e-17
     18.21  8.817e-18
     22.25  6.427e-18
      26.3  5.206e-18
     30.34  3.972e-18
     34.39  1.986e-18
     38.44  1.105e-18
     42.48  8.722e-19
     46.53  8.712e-19
     50.57  8.387e-19
     54.62  6.469e-19
     58.67  7.991e-19
     62.71  7.241e-19
     66.76  6.268e-19
      70.8  3.455e-19
     74.85  4.131e-19
      78.9  3.545e-19
     82.94  3.461e-19
     86.99  3.989e-19
     91.03  2.899e-19
     95.08  3.265e-19
     99.13  3.351e-19
     103.2  2.106e-19
     107.2  2.562e-19
     111.3  4.047e-19
     115.3  3.183e-19
     119.4  3.327e-19
     123.4  2.905e-19
     127.4  3.245e-19
     131.5  2.752e-19
     135.5  1.382e-19
     139.6  1.292e-19
     143.6  1.622e-19
     147.7  1.945e-19
     151.7  1.295e-19
     155.8   1.09e-19
     159.8  9.188e-20
     163.9  5.814e-20
     167.9  4.308e-20
       172  3.362e-20
       176  4.435e-20
       180    3.3e-20
     184.1  3.152e-20
     188.1   2.47e-20
     192.2  3.398e-20
     196.2  7.037e-20
     200.3   7.56e-20
     204.3  3.165e-20
     208.4  2.834e-20
     212.4  2.417e-20
     216.5  1.883e-20
     220.5  1.412e-20
     224.6    5.1e-21
     228.6  1.709e-20
     232.6  1.928e-20
     236.7  5.674e-21
     240.7  1.127e-21
     244.8  2.939e-21
     248.8  6.269e-21
     252.9  5.336e-21
     256.9  5.849e-21
       261  3.502e-21
       265  4.791e-21
     269.1  8.956e-22
     273.1  1.324e-20
     277.1  1.189e-20
     281.2  1.305e-20
     285.2   2.62e-21
     289.3  2.554e-21
     293.3      1e-23
     297.4      1e-23
     301.4      1e-23
     305.5      1e-23
     309.5      1e-23
     313.6      1e-23
     317.6      1e-23
     321.7      1e-23
     325.7      1e-23
     329.7      1e-23
     333.8      1e-23
     337.8      1e-23
     341.9      1e-23
     345.9      1e-23
       350      1e-23
