     2.023      17.65
     6.069      19.19
     10.11      20.02
     14.16      20.54
     18.21      20.85
     22.25      21.31
      26.3      21.69
     30.34      22.18
     34.39      22.81
     38.44      24.03
     42.48       24.7
     46.53      24.85
     50.57      25.22
     54.62      26.25
     58.67      26.22
     62.71      27.36
     66.76      27.81
      70.8      28.52
     74.85      28.79
      78.9      29.66
     82.94      29.78
     86.99      29.05
     91.03       29.1
     95.08      28.93
     99.13       29.5
     103.2       31.1
     107.2      31.43
     111.3      31.24
     115.3      31.42
     119.4      31.09
     123.4      31.63
     127.4      31.99
     131.5      32.02
     135.5      32.44
     139.6      32.78
     143.6      32.88
     147.7      32.49
     151.7      32.99
     155.8      33.51
     159.8       33.6
     163.9      33.76
     167.9      34.14
       172      34.37
       176      34.57
       180      34.52
     184.1      34.52
     188.1      34.72
     192.2       34.6
     196.2      34.62
     200.3      34.59
     204.3      34.66
     208.4      34.64
     212.4      34.65
     216.5      34.75
     220.5      34.89
     224.6      35.25
     228.6       35.2
     232.6      35.17
     236.7      35.31
     240.7      35.42
     244.8       35.4
     248.8      35.35
     252.9      35.37
     256.9      35.23
       261      35.31
       265      35.33
     269.1      35.42
     273.1      35.22
     277.1      35.21
     281.2      35.25
     285.2      35.39
     289.3      35.43
     293.3      35.52
     297.4      35.52
     301.4      35.52
     305.5      35.52
     309.5      35.52
     313.6      35.52
     317.6      35.52
     321.7      35.52
     325.7      35.52
     329.7      35.52
     333.8      35.52
     337.8      35.52
     341.9      35.52
     345.9      35.52
       350      35.52
