     2.023      17.44
     6.069      19.08
     10.11      19.91
     14.16      20.39
     18.21      20.65
     22.25         21
      26.3      21.22
     30.34      21.52
     34.39      22.27
     38.44      22.91
     42.48      23.16
     46.53      23.17
     50.57      23.21
     54.62      23.49
     58.67      23.26
     62.71      23.37
     66.76      23.52
      70.8      24.17
     74.85      23.98
      78.9      24.14
     82.94      24.17
     86.99      24.01
     91.03      24.36
     95.08      24.23
     99.13       24.2
     103.2      24.71
     107.2      24.49
     111.3         24
     115.3      24.26
     119.4      24.21
     123.4      24.36
     127.4      24.24
     131.5      24.42
     135.5      25.17
     139.6      25.24
     143.6      24.99
     147.7      24.79
     151.7      25.24
     155.8      25.42
     159.8      25.61
     163.9      26.11
     167.9      26.43
       172       26.7
       176       26.4
       180      26.72
     184.1      26.77
     188.1      27.03
     192.2      26.69
     196.2       25.9
     200.3      25.82
     204.3      26.77
     208.4      26.89
     212.4      27.06
     216.5      27.33
     220.5      27.64
     224.6      28.75
     228.6      27.43
     232.6       27.3
     236.7      28.63
     240.7      30.39
     244.8      29.35
     248.8      28.52
     252.9       28.7
     256.9       28.6
       261      29.16
       265      28.81
     269.1      30.64
     273.1      27.71
     277.1      27.83
     281.2      27.73
     285.2      29.47
     289.3       29.5
     293.3      35.52
     297.4      35.52
     301.4      35.52
     305.5      35.52
     309.5      35.52
     313.6      35.52
     317.6      35.52
     321.7      35.52
     325.7      35.52
     329.7      35.52
     333.8      35.52
     337.8      35.52
     341.9      35.52
     345.9      35.52
       350      35.52
