     6.049  3.511e+08
     10.08  7.408e+07
     14.11  3.381e+07
     18.15  1.686e+07
     22.18  1.089e+07
     26.21  5.902e+06
     30.24  3.936e+06
     34.28  1.674e+06
     38.31  1.577e+06
     42.34  1.221e+06
     46.37  7.743e+05
     50.41  5.053e+05
     54.44   3.37e+05
     58.47  5.297e+05
      62.5  5.279e+05
     66.54  8.761e+05
     70.57  3.995e+05
      74.6  2.256e+05
     78.63  1.785e+05
     82.67   1.79e+05
      86.7  2.066e+05
     90.73  2.631e+05
     94.76  2.353e+05
      98.8  5.309e+05
     102.8   2.54e+05
     106.9  2.911e+05
     110.9  1.526e+05
     114.9  1.386e+05
       119   1.01e+05
       123   1.64e+05
       127  1.154e+05
     131.1  1.858e+05
     135.1  1.452e+05
     139.1  1.288e+05
     143.2  1.108e+05
     147.2  1.837e+05
     151.2  7.723e+04
     155.3  1.205e+05
     159.3  6.697e+04
     163.3  7.434e+04
     167.4   1.66e+04
     171.4  2.778e+04
     175.4   1.69e+04
     179.4       3945
     183.5       4080
     187.5          0
     191.5       5128
     195.6       3731
     199.6          0
     203.6          0
     207.7          0
     211.7          0
     215.7          0
     219.8       2904
     223.8          0
     227.8          0
     231.9          0
     235.9          0
     239.9       2723
       244          0
       248          0
       252          0
     256.1          0
     260.1          0
     264.1          0
     268.2          0
     272.2          0
     276.2          0
     280.3          0
     284.3          0
     288.3          0
     292.4          0
     296.4          0
     300.4          0
     304.5          0
