     6.049  5.997e+08
     10.08  2.055e+08
     14.11  1.101e+08
     18.15  6.931e+07
     22.18  4.828e+07
     26.21  3.533e+07
     30.24    2.7e+07
     34.28  2.107e+07
     38.31  1.698e+07
     42.34  1.398e+07
     46.37  1.169e+07
     50.41  9.904e+06
     54.44  8.488e+06
     58.47  7.392e+06
      62.5  6.507e+06
     66.54  5.825e+06
     70.57  5.206e+06
      74.6  4.668e+06
     78.63  4.208e+06
     82.67  3.815e+06
      86.7  3.479e+06
     90.73  3.194e+06
     94.76  2.942e+06
      98.8  2.745e+06
     102.8   2.55e+06
     106.9   2.38e+06
     110.9  2.218e+06
     114.9  2.072e+06
       119  1.938e+06
       123  1.822e+06
       127  1.714e+06
     131.1   1.62e+06
     135.1  1.532e+06
     139.1   1.45e+06
     143.2  1.375e+06
     147.2   1.31e+06
     151.2  1.244e+06
     155.3  1.186e+06
     159.3  1.129e+06
     163.3  1.077e+06
     167.4  1.026e+06
     171.4  9.788e+05
     175.4  9.346e+05
     179.4  8.928e+05
     183.5  8.537e+05
     187.5   8.17e+05
     191.5  7.828e+05
     195.6  7.507e+05
     199.6  7.204e+05
     203.6  6.918e+05
     207.7   6.65e+05
     211.7  6.396e+05
     215.7  6.157e+05
     219.8  5.932e+05
     223.8  5.719e+05
     227.8  5.516e+05
     231.9  5.324e+05
     235.9  5.142e+05
     239.9   4.97e+05
       244  4.806e+05
       248   4.65e+05
       252  4.501e+05
     256.1  4.359e+05
     260.1  4.224e+05
     264.1  4.095e+05
     268.2  3.972e+05
     272.2  3.854e+05
     276.2  3.742e+05
     280.3  3.634e+05
     284.3  3.531e+05
     288.3  3.432e+05
     292.4  3.338e+05
     296.4  3.247e+05
     300.4   3.16e+05
     304.5  3.076e+05
