    0.7817  5.997e+08
     1.004  2.055e+08
      1.15  1.101e+08
     1.259  6.931e+07
     1.346  4.828e+07
     1.418  3.533e+07
     1.481    2.7e+07
     1.535  2.107e+07
     1.583  1.698e+07
     1.627  1.398e+07
     1.666  1.169e+07
     1.702  9.904e+06
     1.736  8.488e+06
     1.767  7.392e+06
     1.796  6.507e+06
     1.823  5.825e+06
     1.849  5.206e+06
     1.873  4.668e+06
     1.896  4.208e+06
     1.917  3.815e+06
     1.938  3.479e+06
     1.958  3.194e+06
     1.977  2.942e+06
     1.995  2.745e+06
     2.012   2.55e+06
     2.029   2.38e+06
     2.045  2.218e+06
      2.06  2.072e+06
     2.075  1.938e+06
      2.09  1.822e+06
     2.104  1.714e+06
     2.117   1.62e+06
     2.131  1.532e+06
     2.143   1.45e+06
     2.156  1.375e+06
     2.168   1.31e+06
      2.18  1.244e+06
     2.191  1.186e+06
     2.202  1.129e+06
     2.213  1.077e+06
     2.224  1.026e+06
     2.234  9.788e+05
     2.244  9.346e+05
     2.254  8.928e+05
     2.264  8.537e+05
     2.273   8.17e+05
     2.282  7.828e+05
     2.291  7.507e+05
       2.3  7.204e+05
     2.309  6.918e+05
     2.317   6.65e+05
     2.326  6.396e+05
     2.334  6.157e+05
     2.342  5.932e+05
      2.35  5.719e+05
     2.358  5.516e+05
     2.365  5.324e+05
     2.373  5.142e+05
      2.38   4.97e+05
     2.387  4.806e+05
     2.394   4.65e+05
     2.401  4.501e+05
     2.408  4.359e+05
     2.415  4.224e+05
     2.422  4.095e+05
     2.428  3.972e+05
     2.435  3.854e+05
     2.441  3.742e+05
     2.448  3.634e+05
     2.454  3.531e+05
      2.46  3.432e+05
     2.466  3.338e+05
     2.472  3.247e+05
     2.478   3.16e+05
     2.484  3.076e+05
