    0.7817  3.511e+08
     1.004  7.408e+07
      1.15  3.381e+07
     1.259  1.686e+07
     1.346  1.089e+07
     1.418  5.902e+06
     1.481  3.936e+06
     1.535  1.674e+06
     1.583  1.577e+06
     1.627  1.221e+06
     1.666  7.743e+05
     1.702  5.053e+05
     1.736   3.37e+05
     1.767  5.297e+05
     1.796  5.279e+05
     1.823  8.761e+05
     1.849  3.995e+05
     1.873  2.256e+05
     1.896  1.785e+05
     1.917   1.79e+05
     1.938  2.066e+05
     1.958  2.631e+05
     1.977  2.353e+05
     1.995  5.309e+05
     2.012   2.54e+05
     2.029  2.911e+05
     2.045  1.526e+05
      2.06  1.386e+05
     2.075   1.01e+05
      2.09   1.64e+05
     2.104  1.154e+05
     2.117  1.858e+05
     2.131  1.452e+05
     2.143  1.288e+05
     2.156  1.108e+05
     2.168  1.837e+05
      2.18  7.723e+04
     2.191  1.205e+05
     2.202  6.697e+04
     2.213  7.434e+04
     2.224   1.66e+04
     2.234  2.778e+04
     2.244   1.69e+04
     2.254       3945
     2.264       4080
     2.273          0
     2.282       5128
     2.291       3731
       2.3          0
     2.309          0
     2.317          0
     2.326          0
     2.334          0
     2.342       2904
      2.35          0
     2.358          0
     2.365          0
     2.373          0
      2.38       2723
     2.387          0
     2.394          0
     2.401          0
     2.408          0
     2.415          0
     2.422          0
     2.428          0
     2.435          0
     2.441          0
     2.448          0
     2.454          0
      2.46          0
     2.466          0
     2.472          0
     2.478          0
     2.484          0
