     2.016         19
     6.049      20.62
     10.08      21.36
     14.11      22.03
     18.15       22.9
     22.18      23.46
     26.21      24.41
     30.24      25.91
     34.28      27.75
     38.31      29.17
     42.34      29.61
     46.37      31.06
     50.41      32.21
     54.44      31.77
     58.47      31.88
      62.5      31.87
     66.54      32.54
     70.57      33.13
      74.6      33.34
     78.63      33.93
     82.67       33.8
      86.7      33.69
     90.73      33.59
     94.76      33.89
      98.8      34.05
     102.8      33.96
     106.9      33.95
     110.9      34.51
     114.9      34.98
       119      34.94
       123      34.73
       127      34.65
     131.1      34.63
     135.1      34.84
     139.1       34.7
     143.2      34.57
     147.2       34.9
     151.2      34.96
     155.3      34.91
     159.3      34.94
     163.3      35.08
     167.4      35.25
     171.4      35.31
     175.4      35.41
     179.4      35.43
     183.5      35.49
     187.5      35.48
     191.5      35.43
     195.6      35.52
     199.6      35.52
     203.6      35.52
     207.7      35.52
     211.7      35.52
     215.7      35.49
     219.8      35.52
     223.8      35.52
     227.8      35.52
     231.9      35.52
     235.9       35.5
     239.9      35.45
       244      35.52
       248      35.52
       252      35.52
     256.1      35.52
     260.1      35.52
     264.1      35.52
     268.2      35.52
     272.2      35.52
     276.2      35.52
     280.3      35.52
     284.3      35.52
     288.3      35.52
     292.4      35.52
     296.4      35.52
     300.4      35.52
     304.5      35.52
