     6.003  1.056e+09
        10  3.484e+08
     14.01  1.899e+08
     18.01   1.25e+08
     22.01   9.18e+07
     26.01  7.167e+07
     30.01   5.77e+07
     34.01  4.824e+07
     38.02  4.151e+07
     42.02  3.606e+07
     46.02  3.168e+07
     50.02  2.803e+07
     54.02  2.496e+07
     58.03  2.226e+07
     62.03  1.999e+07
     66.03  1.798e+07
     70.03  1.629e+07
     74.03  1.479e+07
     78.03  1.349e+07
     82.04  1.235e+07
     86.04  1.134e+07
     90.04  1.049e+07
     94.04   9.71e+06
     98.04  9.028e+06
       102  8.423e+06
       106  7.893e+06
       110  7.403e+06
       114  6.944e+06
     118.1  6.518e+06
     122.1  6.131e+06
     126.1  5.784e+06
     130.1  5.468e+06
     134.1  5.177e+06
     138.1  4.906e+06
     142.1  4.666e+06
     146.1  4.443e+06
     150.1  4.228e+06
     154.1  4.032e+06
     158.1  3.848e+06
     162.1  3.676e+06
     166.1  3.518e+06
     170.1  3.369e+06
     174.1   3.23e+06
     178.1  3.097e+06
     182.1  2.973e+06
     186.1  2.858e+06
     190.1  2.748e+06
     194.1  2.644e+06
     198.1  2.547e+06
     202.1  2.452e+06
     206.1  2.362e+06
     210.1  2.279e+06
     214.1    2.2e+06
     218.1  2.125e+06
     222.1  2.056e+06
     226.1  1.989e+06
     230.1  1.925e+06
     234.1  1.868e+06
     238.1  1.812e+06
     242.1  1.758e+06
     246.1  1.711e+06
     250.1   1.66e+06
     254.1  1.611e+06
     258.1  1.563e+06
     262.1  1.517e+06
     266.1  1.473e+06
     270.1   1.43e+06
     274.1  1.389e+06
     278.1   1.35e+06
     282.1  1.312e+06
     286.1  1.276e+06
     290.1  1.242e+06
     294.1  1.208e+06
     298.1  1.176e+06
     302.1  1.145e+06
     306.1  1.116e+06
     310.1  1.087e+06
     314.1   1.06e+06
     318.1  1.033e+06
     322.1  1.008e+06
     326.1   9.83e+05
     330.1  9.594e+05
     334.1  9.366e+05
     338.1  9.144e+05
     342.1  8.932e+05
     346.2  8.725e+05
     350.2  8.526e+05
