     6.003  5.155e+08
        10  1.126e+08
     14.01  6.318e+07
     18.01  4.152e+07
     22.01  3.277e+07
     26.01  2.591e+07
     30.01  1.903e+07
     34.01  1.734e+07
     38.02  1.618e+07
     42.02  1.282e+07
     46.02  1.079e+07
     50.02  8.872e+06
     54.02  7.234e+06
     58.03  5.374e+06
     62.03  4.622e+06
     66.03  3.396e+06
     70.03   3.17e+06
     74.03  2.459e+06
     78.03   2.12e+06
     82.04  1.727e+06
     86.04  1.561e+06
     90.04   1.68e+06
     94.04  1.369e+06
     98.04  1.356e+06
       102  1.312e+06
       106  1.396e+06
       110  1.148e+06
       114  8.695e+05
     118.1  6.527e+05
     122.1  6.214e+05
     126.1  6.583e+05
     130.1  6.485e+05
     134.1   5.96e+05
     138.1  4.923e+05
     142.1  6.518e+05
     146.1   6.01e+05
     150.1  4.128e+05
     154.1  4.557e+05
     158.1    3.8e+05
     162.1  3.762e+05
     166.1  3.879e+05
     170.1  3.614e+05
     174.1   3.38e+05
     178.1  2.658e+05
     182.1  2.901e+05
     186.1  2.809e+05
     190.1   2.62e+05
     194.1  2.126e+05
     198.1  2.447e+05
     202.1  1.569e+05
     206.1  1.299e+05
     210.1  1.726e+05
     214.1  1.726e+05
     218.1  1.678e+05
     222.1  2.071e+05
     226.1  1.627e+05
     230.1   1.39e+05
     234.1  2.534e+05
     238.1  2.095e+05
     242.1  1.794e+05
     246.1  3.006e+05
     250.1  1.396e+05
     254.1  8.308e+04
     258.1  6.859e+04
     262.1  5.397e+04
     266.1  5.678e+04
     270.1  3.391e+04
     274.1   2.49e+04
     278.1  3.047e+04
     282.1  1.682e+04
     286.1  2.766e+04
     290.1  1.699e+04
     294.1       7194
     298.1  1.432e+04
     302.1       9128
     306.1  1.798e+04
     310.1       7050
     314.1  1.517e+04
     318.1       2159
     322.1       8341
     326.1       6316
     330.1       9253
     334.1       6076
     338.1          0
     342.1       5834
     346.2          0
     350.2          0
