    0.7783  1.056e+09
         1  3.484e+08
     1.146  1.899e+08
     1.255   1.25e+08
     1.343   9.18e+07
     1.415  7.167e+07
     1.477   5.77e+07
     1.532  4.824e+07
      1.58  4.151e+07
     1.623  3.606e+07
     1.663  3.168e+07
     1.699  2.803e+07
     1.733  2.496e+07
     1.764  2.226e+07
     1.793  1.999e+07
      1.82  1.798e+07
     1.845  1.629e+07
     1.869  1.479e+07
     1.892  1.349e+07
     1.914  1.235e+07
     1.935  1.134e+07
     1.954  1.049e+07
     1.973   9.71e+06
     1.991  9.028e+06
     2.009  8.423e+06
     2.025  7.893e+06
     2.042  7.403e+06
     2.057  6.944e+06
     2.072  6.518e+06
     2.087  6.131e+06
     2.101  5.784e+06
     2.114  5.468e+06
     2.127  5.177e+06
      2.14  4.906e+06
     2.152  4.666e+06
     2.165  4.443e+06
     2.176  4.228e+06
     2.188  4.032e+06
     2.199  3.848e+06
      2.21  3.676e+06
      2.22  3.518e+06
     2.231  3.369e+06
     2.241   3.23e+06
     2.251  3.097e+06
      2.26  2.973e+06
      2.27  2.858e+06
     2.279  2.748e+06
     2.288  2.644e+06
     2.297  2.547e+06
     2.306  2.452e+06
     2.314  2.362e+06
     2.322  2.279e+06
     2.331    2.2e+06
     2.339  2.125e+06
     2.347  2.056e+06
     2.354  1.989e+06
     2.362  1.925e+06
     2.369  1.868e+06
     2.377  1.812e+06
     2.384  1.758e+06
     2.391  1.711e+06
     2.398   1.66e+06
     2.405  1.611e+06
     2.412  1.563e+06
     2.418  1.517e+06
     2.425  1.473e+06
     2.432   1.43e+06
     2.438  1.389e+06
     2.444   1.35e+06
      2.45  1.312e+06
     2.457  1.276e+06
     2.463  1.242e+06
     2.469  1.208e+06
     2.474  1.176e+06
      2.48  1.145e+06
     2.486  1.116e+06
     2.492  1.087e+06
     2.497   1.06e+06
     2.503  1.033e+06
     2.508  1.008e+06
     2.513   9.83e+05
     2.519  9.594e+05
     2.524  9.366e+05
     2.529  9.144e+05
     2.534  8.932e+05
     2.539  8.725e+05
     2.544  8.526e+05
