    0.7783  5.155e+08
         1  1.126e+08
     1.146  6.318e+07
     1.255  4.152e+07
     1.343  3.277e+07
     1.415  2.591e+07
     1.477  1.903e+07
     1.532  1.734e+07
      1.58  1.618e+07
     1.623  1.282e+07
     1.663  1.079e+07
     1.699  8.872e+06
     1.733  7.234e+06
     1.764  5.374e+06
     1.793  4.622e+06
      1.82  3.396e+06
     1.845   3.17e+06
     1.869  2.459e+06
     1.892   2.12e+06
     1.914  1.727e+06
     1.935  1.561e+06
     1.954   1.68e+06
     1.973  1.369e+06
     1.991  1.356e+06
     2.009  1.312e+06
     2.025  1.396e+06
     2.042  1.148e+06
     2.057  8.695e+05
     2.072  6.527e+05
     2.087  6.214e+05
     2.101  6.583e+05
     2.114  6.485e+05
     2.127   5.96e+05
      2.14  4.923e+05
     2.152  6.518e+05
     2.165   6.01e+05
     2.176  4.128e+05
     2.188  4.557e+05
     2.199    3.8e+05
      2.21  3.762e+05
      2.22  3.879e+05
     2.231  3.614e+05
     2.241   3.38e+05
     2.251  2.658e+05
      2.26  2.901e+05
      2.27  2.809e+05
     2.279   2.62e+05
     2.288  2.126e+05
     2.297  2.447e+05
     2.306  1.569e+05
     2.314  1.299e+05
     2.322  1.726e+05
     2.331  1.726e+05
     2.339  1.678e+05
     2.347  2.071e+05
     2.354  1.627e+05
     2.362   1.39e+05
     2.369  2.534e+05
     2.377  2.095e+05
     2.384  1.794e+05
     2.391  3.006e+05
     2.398  1.396e+05
     2.405  8.308e+04
     2.412  6.859e+04
     2.418  5.397e+04
     2.425  5.678e+04
     2.432  3.391e+04
     2.438   2.49e+04
     2.444  3.047e+04
      2.45  1.682e+04
     2.457  2.766e+04
     2.463  1.699e+04
     2.469       7194
     2.474  1.432e+04
      2.48       9128
     2.486  1.798e+04
     2.492       7050
     2.497  1.517e+04
     2.503       2159
     2.508       8341
     2.513       6316
     2.519       9253
     2.524       6076
     2.529          0
     2.534       5834
     2.539          0
     2.544          0
