     2.001      17.83
     6.003      19.75
        10      20.43
     14.01      20.87
     18.01      21.05
     22.01      21.17
     26.01      21.51
     30.01      21.87
     34.01      21.84
     38.02      21.96
     42.02      22.37
     46.02      22.79
     50.02      22.96
     54.02      23.19
     58.03      23.89
     62.03      24.15
     66.03      24.82
     70.03      24.71
     74.03      24.86
     78.03      25.75
     82.04       26.1
     86.04      25.61
     90.04      26.41
     94.04      27.08
     98.04      27.23
       102      27.02
       106      27.87
       110      28.85
       114      29.62
     118.1      29.59
     122.1       29.6
     126.1      30.06
     130.1      29.61
     134.1      30.08
     138.1      30.33
     142.1      30.31
     146.1      30.87
     150.1      30.81
     154.1      30.72
     158.1      31.01
     162.1      31.41
     166.1      31.61
     170.1       31.5
     174.1       32.1
     178.1      32.44
     182.1      32.53
     186.1      32.56
     190.1      32.71
     194.1      32.66
     198.1      32.92
     202.1      33.46
     206.1      33.39
     210.1      33.07
     214.1      33.19
     218.1      33.08
     222.1      33.16
     226.1      33.52
     230.1      33.32
     234.1      33.41
     238.1      33.48
     242.1      33.56
     246.1      33.72
     250.1      33.97
     254.1      33.95
     258.1      33.92
     262.1      34.26
     266.1      34.18
     270.1      34.43
     274.1       34.7
     278.1      34.46
     282.1      34.52
     286.1      34.67
     290.1      34.56
     294.1       34.9
     298.1      34.71
     302.1      34.45
     306.1      34.74
     310.1      34.85
     314.1      34.68
     318.1      34.74
     322.1      34.46
     326.1       34.3
     330.1      34.51
     334.1      35.16
     338.1      34.29
     342.1      34.61
     346.2      35.52
     350.2      35.52
