     6.056  6.333e+08
     10.09  2.266e+08
     14.13  1.221e+08
     18.17  8.076e+07
      22.2  5.796e+07
     26.24  4.439e+07
     30.28  3.533e+07
     34.32  2.923e+07
     38.35  2.451e+07
     42.39  2.075e+07
     46.43  1.784e+07
     50.47  1.556e+07
      54.5  1.367e+07
     58.54  1.217e+07
     62.58  1.086e+07
     66.61  9.693e+06
     70.65   8.73e+06
     74.69  7.866e+06
     78.73  7.116e+06
     82.76  6.476e+06
      86.8  5.912e+06
     90.84  5.422e+06
     94.87  4.989e+06
     98.91    4.6e+06
     102.9  4.254e+06
       107  3.951e+06
       111  3.677e+06
     115.1  3.429e+06
     119.1  3.206e+06
     123.1  3.013e+06
     127.2  2.832e+06
     131.2  2.668e+06
     135.2  2.514e+06
     139.3  2.372e+06
     143.3  2.243e+06
     147.4  2.124e+06
     151.4  2.014e+06
     155.4  1.913e+06
     159.5  1.821e+06
     163.5  1.735e+06
     167.5  1.654e+06
     171.6   1.58e+06
     175.6  1.511e+06
     179.7  1.448e+06
     183.7  1.387e+06
     187.7   1.33e+06
     191.8  1.276e+06
     195.8  1.224e+06
     199.8  1.176e+06
     203.9   1.13e+06
     207.9  1.087e+06
       212  1.047e+06
       216  1.008e+06
       220  9.722e+05
     224.1  9.378e+05
     228.1  9.057e+05
     232.1   8.75e+05
     236.2  8.461e+05
     240.2  8.185e+05
     244.3  7.926e+05
     248.3  7.683e+05
     252.3  7.443e+05
     256.4  7.211e+05
     260.4  6.989e+05
     264.4  6.778e+05
     268.5  6.574e+05
     272.5  6.381e+05
     276.5  6.195e+05
     280.6  6.017e+05
     284.6  5.846e+05
     288.7  5.683e+05
     292.7  5.526e+05
     296.7  5.376e+05
     300.8  5.231e+05
     304.8  5.093e+05
     308.8   4.96e+05
     312.9  4.832e+05
     316.9  4.709e+05
       321   4.59e+05
       325  4.476e+05
       329  4.366e+05
     333.1   4.26e+05
     337.1  4.158e+05
     341.1   4.06e+05
     345.2  3.965e+05
     349.2  3.873e+05
