     6.056  3.882e+08
     10.09  9.107e+07
     14.13  3.844e+07
     18.17  2.763e+07
      22.2  1.742e+07
     26.24  1.357e+07
     30.28  1.023e+07
     34.32  9.302e+06
     38.35  6.745e+06
     42.39  4.702e+06
     46.43  3.986e+06
     50.47  3.577e+06
      54.5  2.807e+06
     58.54  2.732e+06
     62.58  2.041e+06
     66.61  1.211e+06
     70.65  1.259e+06
     74.69  7.294e+05
     78.73  5.553e+05
     82.76  5.492e+05
      86.8  4.083e+05
     90.84  4.026e+05
     94.87  3.239e+05
     98.91  2.244e+05
     102.9  1.936e+05
       107  2.372e+05
       111  1.792e+05
     115.1  1.439e+05
     119.1  1.347e+05
     123.1  2.662e+05
     127.2  1.525e+05
     131.2   1.66e+05
     135.2  8.995e+04
     139.3  7.004e+04
     143.3  7.542e+04
     147.4  7.493e+04
     151.4   6.04e+04
     155.4  6.756e+04
     159.5   1.07e+05
     163.5  6.119e+04
     167.5   6.32e+04
     171.6  9.088e+04
     175.6  7.851e+04
     179.7  8.933e+04
     183.7  7.482e+04
     187.7  4.566e+04
     191.8  5.859e+04
     195.8  2.538e+04
     199.8  1.413e+04
     203.9  3.101e+04
     207.9  2.656e+04
       212  2.652e+04
       216  1.799e+04
       220  1.833e+04
     224.1  1.989e+04
     228.1  3.088e+04
     232.1  2.318e+04
     236.2  2.916e+04
     240.2  2.415e+04
     244.3   3.37e+04
     248.3  4.556e+04
     252.3  1.901e+04
     256.4       7977
     260.4       5059
     264.4       7550
     268.5          0
     272.5       4763
     276.5       2517
     280.6          0
     284.6          0
     288.7          0
     292.7          0
     296.7          0
     300.8          0
     304.8          0
     308.8          0
     312.9          0
     316.9          0
       321          0
       325          0
       329          0
     333.1          0
     337.1          0
     341.1          0
     345.2          0
     349.2          0
