    0.7822  6.333e+08
     1.004  2.266e+08
      1.15  1.221e+08
     1.259  8.076e+07
     1.346  5.796e+07
     1.419  4.439e+07
     1.481  3.533e+07
     1.536  2.923e+07
     1.584  2.451e+07
     1.627  2.075e+07
     1.667  1.784e+07
     1.703  1.556e+07
     1.736  1.367e+07
     1.767  1.217e+07
     1.796  1.086e+07
     1.824  9.693e+06
     1.849   8.73e+06
     1.873  7.866e+06
     1.896  7.116e+06
     1.918  6.476e+06
     1.939  5.912e+06
     1.958  5.422e+06
     1.977  4.989e+06
     1.995    4.6e+06
     2.013  4.254e+06
     2.029  3.951e+06
     2.045  3.677e+06
     2.061  3.429e+06
     2.076  3.206e+06
      2.09  3.013e+06
     2.104  2.832e+06
     2.118  2.668e+06
     2.131  2.514e+06
     2.144  2.372e+06
     2.156  2.243e+06
     2.168  2.124e+06
      2.18  2.014e+06
     2.192  1.913e+06
     2.203  1.821e+06
     2.214  1.735e+06
     2.224  1.654e+06
     2.234   1.58e+06
     2.245  1.511e+06
     2.254  1.448e+06
     2.264  1.387e+06
     2.274   1.33e+06
     2.283  1.276e+06
     2.292  1.224e+06
     2.301  1.176e+06
     2.309   1.13e+06
     2.318  1.087e+06
     2.326  1.047e+06
     2.334  1.008e+06
     2.342  9.722e+05
      2.35  9.378e+05
     2.358  9.057e+05
     2.366   8.75e+05
     2.373  8.461e+05
     2.381  8.185e+05
     2.388  7.926e+05
     2.395  7.683e+05
     2.402  7.443e+05
     2.409  7.211e+05
     2.416  6.989e+05
     2.422  6.778e+05
     2.429  6.574e+05
     2.435  6.381e+05
     2.442  6.195e+05
     2.448  6.017e+05
     2.454  5.846e+05
      2.46  5.683e+05
     2.466  5.526e+05
     2.472  5.376e+05
     2.478  5.231e+05
     2.484  5.093e+05
      2.49   4.96e+05
     2.495  4.832e+05
     2.501  4.709e+05
     2.506   4.59e+05
     2.512  4.476e+05
     2.517  4.366e+05
     2.523   4.26e+05
     2.528  4.158e+05
     2.533   4.06e+05
     2.538  3.965e+05
     2.543  3.873e+05
