    0.7822  3.882e+08
     1.004  9.107e+07
      1.15  3.844e+07
     1.259  2.763e+07
     1.346  1.742e+07
     1.419  1.357e+07
     1.481  1.023e+07
     1.536  9.302e+06
     1.584  6.745e+06
     1.627  4.702e+06
     1.667  3.986e+06
     1.703  3.577e+06
     1.736  2.807e+06
     1.767  2.732e+06
     1.796  2.041e+06
     1.824  1.211e+06
     1.849  1.259e+06
     1.873  7.294e+05
     1.896  5.553e+05
     1.918  5.492e+05
     1.939  4.083e+05
     1.958  4.026e+05
     1.977  3.239e+05
     1.995  2.244e+05
     2.013  1.936e+05
     2.029  2.372e+05
     2.045  1.792e+05
     2.061  1.439e+05
     2.076  1.347e+05
      2.09  2.662e+05
     2.104  1.525e+05
     2.118   1.66e+05
     2.131  8.995e+04
     2.144  7.004e+04
     2.156  7.542e+04
     2.168  7.493e+04
      2.18   6.04e+04
     2.192  6.756e+04
     2.203   1.07e+05
     2.214  6.119e+04
     2.224   6.32e+04
     2.234  9.088e+04
     2.245  7.851e+04
     2.254  8.933e+04
     2.264  7.482e+04
     2.274  4.566e+04
     2.283  5.859e+04
     2.292  2.538e+04
     2.301  1.413e+04
     2.309  3.101e+04
     2.318  2.656e+04
     2.326  2.652e+04
     2.334  1.799e+04
     2.342  1.833e+04
      2.35  1.989e+04
     2.358  3.088e+04
     2.366  2.318e+04
     2.373  2.916e+04
     2.381  2.415e+04
     2.388   3.37e+04
     2.395  4.556e+04
     2.402  1.901e+04
     2.409       7977
     2.416       5059
     2.422       7550
     2.429          0
     2.435       4763
     2.442       2517
     2.448          0
     2.454          0
      2.46          0
     2.466          0
     2.472          0
     2.478          0
     2.484          0
      2.49          0
     2.495          0
     2.501          0
     2.506          0
     2.512          0
     2.517          0
     2.523          0
     2.528          0
     2.533          0
     2.538          0
     2.543          0
