     2.019      18.93
     6.056      20.35
     10.09      21.22
     14.13       21.6
     18.17      21.99
      22.2      22.41
     26.24      22.65
     30.28      22.69
     34.32      22.96
     38.35      23.37
     42.39       23.9
     46.43      23.98
     50.47       24.3
      54.5      24.67
     58.54      25.61
     62.58      26.29
     66.61      26.85
     70.65      27.97
     74.69      28.91
     78.73      29.52
     82.76      29.74
      86.8      30.74
     90.84      31.01
     94.87      31.67
     98.91      32.56
     102.9      32.81
       107      33.02
       111      33.34
     115.1      33.39
     119.1      33.56
     123.1      33.87
     127.2      33.98
     131.2      34.05
     135.2      34.42
     139.3      34.43
     143.3      34.45
     147.4      34.41
     151.4      34.48
     155.4      34.48
     159.5       34.5
     163.5      34.52
     167.5      34.59
     171.6      34.28
     175.6      34.38
     179.7      34.53
     183.7      34.56
     187.7      34.73
     191.8       34.8
     195.8      35.14
     199.8      35.02
     203.9      35.02
     207.9      35.04
       212      35.24
       216      35.26
       220      35.22
     224.1      35.25
     228.1      35.18
     232.1       35.1
     236.2       35.2
     240.2      35.15
     244.3      34.99
     248.3      35.02
     252.3      35.27
     256.4       35.4
     260.4      35.35
     264.4       35.4
     268.5      35.46
     272.5      35.31
     276.5      35.47
     280.6      35.52
     284.6      35.52
     288.7      35.52
     292.7      35.52
     296.7      35.52
     300.8      35.52
     304.8      35.52
     308.8      35.52
     312.9      35.52
     316.9      35.52
       321      35.52
       325      35.52
       329      35.52
     333.1      35.52
     337.1      35.52
     341.1      35.52
     345.2      35.52
     349.2      35.52
