     6.002  1.409e+08
        10  7.048e+07
     14.01  5.152e+07
     18.01  4.133e+07
     22.01  3.598e+07
     26.01  3.347e+07
     30.01  3.124e+07
     34.01   2.89e+07
     38.02  2.669e+07
     42.02  2.438e+07
     46.02  2.222e+07
     50.02  2.025e+07
     54.02  1.856e+07
     58.02  1.725e+07
     62.02  1.598e+07
     66.03  1.504e+07
     70.03  1.424e+07
     74.03  1.348e+07
     78.03  1.277e+07
     82.03   1.22e+07
     86.03   1.17e+07
     90.04  1.116e+07
     94.04  1.067e+07
     98.04  1.021e+07
       102   9.83e+06
       106   9.71e+06
       110  9.645e+06
       114  9.306e+06
       118  8.941e+06
       122  8.565e+06
       126  8.198e+06
     130.1  7.878e+06
     134.1   7.57e+06
     138.1  7.285e+06
     142.1  7.034e+06
     146.1  6.774e+06
     150.1  6.545e+06
     154.1   6.33e+06
     158.1  6.147e+06
     162.1  5.962e+06
     166.1  5.794e+06
     170.1  5.661e+06
     174.1  5.522e+06
     178.1  5.396e+06
     182.1  5.273e+06
     186.1  5.152e+06
     190.1  5.034e+06
     194.1  4.911e+06
     198.1  4.791e+06
     202.1  4.675e+06
     206.1  4.565e+06
     210.1  4.468e+06
     214.1  4.383e+06
     218.1  4.298e+06
     222.1  4.211e+06
     226.1  4.136e+06
     230.1  4.058e+06
     234.1  3.972e+06
     238.1  3.895e+06
     242.1  3.828e+06
     246.1  3.765e+06
     250.1  3.693e+06
     254.1  3.621e+06
     258.1   3.55e+06
     262.1  3.479e+06
     266.1  3.404e+06
     270.1   3.33e+06
     274.1  3.256e+06
     278.1  3.183e+06
     282.1  3.115e+06
     286.1   3.05e+06
     290.1  2.994e+06
     294.1  2.929e+06
     298.1  2.865e+06
     302.1  2.802e+06
     306.1  2.739e+06
     310.1  2.678e+06
     314.1  2.618e+06
     318.1  2.562e+06
     322.1  2.508e+06
     326.1  2.455e+06
     330.1  2.399e+06
     334.1  2.345e+06
     338.1  2.292e+06
     342.1   2.24e+06
     346.1  2.189e+06
     350.1   2.14e+06
