     6.002  1.112e+08
        10  4.701e+07
     14.01  3.635e+07
     18.01  2.823e+07
     22.01  2.647e+07
     26.01  2.775e+07
     30.01  2.507e+07
     34.01  2.125e+07
     38.02  1.836e+07
     42.02  1.455e+07
     46.02  1.193e+07
     50.02  9.879e+06
     54.02  8.849e+06
     58.02  9.047e+06
     62.02  7.351e+06
     66.03  8.251e+06
     70.03  8.028e+06
     74.03  7.178e+06
     78.03  6.608e+06
     82.03  6.901e+06
     86.03  6.799e+06
     90.04  5.634e+06
     94.04  5.408e+06
     98.04  5.065e+06
       102  5.332e+06
       106  8.246e+06
       110   8.81e+06
       114  4.817e+06
       118  3.915e+06
       122  3.203e+06
       126  2.785e+06
     130.1  2.993e+06
     134.1  2.729e+06
     138.1  2.655e+06
     142.1  2.823e+06
     146.1  2.296e+06
     150.1  2.464e+06
     154.1  2.416e+06
     158.1   2.72e+06
     162.1  2.398e+06
     166.1  2.464e+06
     170.1  2.969e+06
     174.1  2.641e+06
     178.1  2.725e+06
     182.1  2.591e+06
     186.1  2.461e+06
     190.1  2.342e+06
     194.1  2.065e+06
     198.1  1.926e+06
     202.1  1.859e+06
     206.1  1.849e+06
     210.1  2.015e+06
     214.1    2.2e+06
     218.1  2.064e+06
     222.1  1.896e+06
     226.1  2.086e+06
     230.1  1.887e+06
     234.1  1.535e+06
     238.1  1.691e+06
     242.1  1.864e+06
     246.1  1.895e+06
     250.1  1.506e+06
     254.1  1.424e+06
     258.1  1.337e+06
     262.1  1.208e+06
     266.1  9.929e+05
     270.1  8.851e+05
     274.1   8.12e+05
     278.1  7.177e+05
     282.1  7.882e+05
     286.1  7.826e+05
     290.1  1.025e+06
     294.1   6.14e+05
     298.1  5.432e+05
     302.1  4.934e+05
     306.1  3.929e+05
     310.1  3.682e+05
     314.1  3.306e+05
     318.1  3.808e+05
     322.1  4.002e+05
     326.1   3.29e+05
     330.1  1.685e+05
     334.1  1.289e+05
     338.1  9.336e+04
     342.1  7.429e+04
     346.1  5.661e+04
     350.1  2.062e+04
