    0.7783  1.409e+08
         1  7.048e+07
     1.146  5.152e+07
     1.255  4.133e+07
     1.343  3.598e+07
     1.415  3.347e+07
     1.477  3.124e+07
     1.532   2.89e+07
      1.58  2.669e+07
     1.623  2.438e+07
     1.663  2.222e+07
     1.699  2.025e+07
     1.733  1.856e+07
     1.764  1.725e+07
     1.793  1.598e+07
      1.82  1.504e+07
     1.845  1.424e+07
     1.869  1.348e+07
     1.892  1.277e+07
     1.914   1.22e+07
     1.935   1.17e+07
     1.954  1.116e+07
     1.973  1.067e+07
     1.991  1.021e+07
     2.009   9.83e+06
     2.025   9.71e+06
     2.042  9.645e+06
     2.057  9.306e+06
     2.072  8.941e+06
     2.087  8.565e+06
     2.101  8.198e+06
     2.114  7.878e+06
     2.127   7.57e+06
      2.14  7.285e+06
     2.152  7.034e+06
     2.165  6.774e+06
     2.176  6.545e+06
     2.188   6.33e+06
     2.199  6.147e+06
      2.21  5.962e+06
      2.22  5.794e+06
     2.231  5.661e+06
     2.241  5.522e+06
     2.251  5.396e+06
      2.26  5.273e+06
      2.27  5.152e+06
     2.279  5.034e+06
     2.288  4.911e+06
     2.297  4.791e+06
     2.306  4.675e+06
     2.314  4.565e+06
     2.322  4.468e+06
     2.331  4.383e+06
     2.339  4.298e+06
     2.347  4.211e+06
     2.354  4.136e+06
     2.362  4.058e+06
     2.369  3.972e+06
     2.377  3.895e+06
     2.384  3.828e+06
     2.391  3.765e+06
     2.398  3.693e+06
     2.405  3.621e+06
     2.412   3.55e+06
     2.418  3.479e+06
     2.425  3.404e+06
     2.432   3.33e+06
     2.438  3.256e+06
     2.444  3.183e+06
      2.45  3.115e+06
     2.457   3.05e+06
     2.463  2.994e+06
     2.469  2.929e+06
     2.474  2.865e+06
      2.48  2.802e+06
     2.486  2.739e+06
     2.492  2.678e+06
     2.497  2.618e+06
     2.503  2.562e+06
     2.508  2.508e+06
     2.513  2.455e+06
     2.519  2.399e+06
     2.524  2.345e+06
     2.529  2.292e+06
     2.534   2.24e+06
     2.539  2.189e+06
     2.544   2.14e+06
