    0.7783  1.112e+08
         1  4.701e+07
     1.146  3.635e+07
     1.255  2.823e+07
     1.343  2.647e+07
     1.415  2.775e+07
     1.477  2.507e+07
     1.532  2.125e+07
      1.58  1.836e+07
     1.623  1.455e+07
     1.663  1.193e+07
     1.699  9.879e+06
     1.733  8.849e+06
     1.764  9.047e+06
     1.793  7.351e+06
      1.82  8.251e+06
     1.845  8.028e+06
     1.869  7.178e+06
     1.892  6.608e+06
     1.914  6.901e+06
     1.935  6.799e+06
     1.954  5.634e+06
     1.973  5.408e+06
     1.991  5.065e+06
     2.009  5.332e+06
     2.025  8.246e+06
     2.042   8.81e+06
     2.057  4.817e+06
     2.072  3.915e+06
     2.087  3.203e+06
     2.101  2.785e+06
     2.114  2.993e+06
     2.127  2.729e+06
      2.14  2.655e+06
     2.152  2.823e+06
     2.165  2.296e+06
     2.176  2.464e+06
     2.188  2.416e+06
     2.199   2.72e+06
      2.21  2.398e+06
      2.22  2.464e+06
     2.231  2.969e+06
     2.241  2.641e+06
     2.251  2.725e+06
      2.26  2.591e+06
      2.27  2.461e+06
     2.279  2.342e+06
     2.288  2.065e+06
     2.297  1.926e+06
     2.306  1.859e+06
     2.314  1.849e+06
     2.322  2.015e+06
     2.331    2.2e+06
     2.339  2.064e+06
     2.347  1.896e+06
     2.354  2.086e+06
     2.362  1.887e+06
     2.369  1.535e+06
     2.377  1.691e+06
     2.384  1.864e+06
     2.391  1.895e+06
     2.398  1.506e+06
     2.405  1.424e+06
     2.412  1.337e+06
     2.418  1.208e+06
     2.425  9.929e+05
     2.432  8.851e+05
     2.438   8.12e+05
     2.444  7.177e+05
      2.45  7.882e+05
     2.457  7.826e+05
     2.463  1.025e+06
     2.469   6.14e+05
     2.474  5.432e+05
      2.48  4.934e+05
     2.486  3.929e+05
     2.492  3.682e+05
     2.497  3.306e+05
     2.503  3.808e+05
     2.508  4.002e+05
     2.513   3.29e+05
     2.519  1.685e+05
     2.524  1.289e+05
     2.529  9.336e+04
     2.534  7.429e+04
     2.539  5.661e+04
     2.544  2.062e+04
