     2.001      21.28
     6.002      21.82
        10      22.14
     14.01       22.3
     18.01      22.43
     22.01      22.43
     26.01      22.49
     30.01      22.78
     34.01      23.01
     38.02       23.2
     42.02      23.39
     46.02      23.42
     50.02      23.72
     54.02      23.74
     58.02       23.7
     62.02      23.99
     66.03      23.93
     70.03      24.03
     74.03      23.95
     78.03      24.22
     82.03      24.31
     86.03      24.47
     90.04      24.57
     94.04      24.57
     98.04      24.79
       102      24.65
       106      24.75
       110      24.94
       114      24.89
       118      24.84
       122      25.11
       126      25.43
     130.1      25.34
     134.1      25.45
     138.1      25.23
     142.1      25.31
     146.1      25.48
     150.1      25.37
     154.1      25.58
     158.1      25.48
     162.1      25.65
     166.1      25.96
     170.1      25.81
     174.1      26.13
     178.1      26.01
     182.1      26.34
     186.1      26.33
     190.1      26.58
     194.1      26.89
     198.1      26.72
     202.1      26.94
     206.1      27.04
     210.1      27.09
     214.1      27.39
     218.1      27.62
     222.1      27.63
     226.1      27.82
     230.1      27.81
     234.1      27.74
     238.1      27.99
     242.1      28.33
     246.1       28.2
     250.1      28.73
     254.1      28.97
     258.1      28.91
     262.1      28.88
     266.1      29.11
     270.1      29.14
     274.1      29.58
     278.1      29.21
     282.1      29.17
     286.1       29.4
     290.1      29.22
     294.1      28.83
     298.1      28.75
     302.1      28.76
     306.1      28.16
     310.1       28.2
     314.1      27.91
     318.1      27.94
     322.1      27.68
     326.1      27.68
     330.1      28.25
     334.1      28.29
     338.1      28.78
     342.1      28.18
     346.1      28.49
     350.1      30.36
