     6.002  1.167e+09
        10  3.911e+08
        14  2.105e+08
     18.01  1.389e+08
     22.01  1.028e+08
     26.01  8.222e+07
     30.01  6.937e+07
     34.01  5.907e+07
     38.01  5.056e+07
     42.01  4.337e+07
     46.02  3.762e+07
     50.02  3.307e+07
     54.02  2.941e+07
     58.02  2.644e+07
     62.02  2.383e+07
     66.02  2.156e+07
     70.02  1.969e+07
     74.03  1.805e+07
     78.03  1.682e+07
     82.03  1.576e+07
     86.03  1.466e+07
     90.03  1.372e+07
     94.03  1.281e+07
     98.03  1.195e+07
       102  1.115e+07
       106  1.043e+07
       110   9.77e+06
       114  9.173e+06
       118  8.667e+06
       122  8.164e+06
       126  7.711e+06
       130  7.292e+06
       134  6.916e+06
       138  6.577e+06
     142.1  6.252e+06
     146.1  5.949e+06
     150.1  5.664e+06
     154.1  5.404e+06
     158.1  5.161e+06
     162.1  4.934e+06
     166.1  4.726e+06
     170.1  4.545e+06
     174.1  4.387e+06
     178.1  4.226e+06
     182.1  4.058e+06
     186.1  3.898e+06
     190.1   3.75e+06
     194.1  3.607e+06
     198.1  3.473e+06
     202.1  3.345e+06
     206.1  3.231e+06
     210.1  3.128e+06
     214.1  3.025e+06
     218.1  2.926e+06
     222.1  2.832e+06
     226.1   2.74e+06
     230.1  2.651e+06
     234.1  2.567e+06
     238.1  2.487e+06
     242.1  2.411e+06
     246.1  2.337e+06
     250.1  2.267e+06
     254.1  2.199e+06
     258.1  2.134e+06
     262.1  2.072e+06
     266.1  2.014e+06
     270.1  1.959e+06
     274.1  1.908e+06
     278.1  1.859e+06
     282.1  1.809e+06
     286.1   1.76e+06
     290.1  1.712e+06
     294.1  1.669e+06
     298.1  1.624e+06
     302.1  1.582e+06
     306.1  1.541e+06
     310.1  1.501e+06
     314.1  1.463e+06
     318.1  1.427e+06
     322.1  1.392e+06
     326.1  1.358e+06
     330.1  1.325e+06
     334.1  1.293e+06
     338.1  1.263e+06
     342.1  1.233e+06
     346.1  1.205e+06
     350.1  1.177e+06
