     6.002  7.221e+08
        10  1.325e+08
        14  6.602e+07
     18.01  4.696e+07
     22.01   3.85e+07
     26.01  3.547e+07
     30.01  3.378e+07
     34.01  2.542e+07
     38.01  1.851e+07
     42.01  1.272e+07
     46.02  1.029e+07
     50.02  9.112e+06
     54.02  8.331e+06
     58.02  7.843e+06
     62.02  6.171e+06
     66.02  5.143e+06
     70.02  5.152e+06
     74.03  4.482e+06
     78.03  6.032e+06
     82.03  6.014e+06
     86.03  3.866e+06
     90.03  4.129e+06
     94.03  3.029e+06
     98.03  2.281e+06
       102  1.708e+06
       106  1.552e+06
       110   1.41e+06
       114  1.262e+06
       118  1.712e+06
       122  9.927e+05
       126  1.019e+06
       130  9.072e+05
       134  9.939e+05
       138   1.06e+06
     142.1  8.103e+05
     146.1  7.284e+05
     150.1  5.998e+05
     154.1  6.632e+05
     158.1  5.896e+05
     162.1  5.789e+05
     166.1  6.098e+05
     170.1  8.837e+05
     174.1  1.112e+06
     178.1  7.984e+05
     182.1  4.035e+05
     186.1  3.347e+05
     190.1  3.771e+05
     194.1  2.866e+05
     198.1  2.835e+05
     202.1  2.495e+05
     206.1   4.12e+05
     210.1  5.251e+05
     214.1  3.635e+05
     218.1  3.217e+05
     222.1   3.32e+05
     226.1   2.24e+05
     230.1  1.728e+05
     234.1  2.102e+05
     238.1  1.962e+05
     242.1  1.738e+05
     246.1  1.407e+05
     250.1   1.59e+05
     254.1  1.049e+05
     258.1  9.799e+04
     262.1  9.983e+04
     266.1   1.44e+05
     270.1  1.446e+05
     274.1  2.157e+05
     278.1   2.12e+05
     282.1  8.737e+04
     286.1  4.913e+04
     290.1  5.246e+04
     294.1  1.005e+05
     298.1  1.608e+04
     302.1  1.397e+04
     306.1  1.532e+04
     310.1  1.343e+04
     314.1  1.792e+04
     318.1  1.321e+04
     322.1       2047
     326.1       8313
     330.1       7977
     334.1       6247
     338.1          0
     342.1       3952
     346.1          0
     350.1          0
