    0.7783  7.221e+08
         1  1.325e+08
     1.146  6.602e+07
     1.255  4.696e+07
     1.343   3.85e+07
     1.415  3.547e+07
     1.477  3.378e+07
     1.532  2.542e+07
      1.58  1.851e+07
     1.623  1.272e+07
     1.663  1.029e+07
     1.699  9.112e+06
     1.733  8.331e+06
     1.764  7.843e+06
     1.793  6.171e+06
      1.82  5.143e+06
     1.845  5.152e+06
     1.869  4.482e+06
     1.892  6.032e+06
     1.914  6.014e+06
     1.935  3.866e+06
     1.954  4.129e+06
     1.973  3.029e+06
     1.991  2.281e+06
     2.009  1.708e+06
     2.025  1.552e+06
     2.042   1.41e+06
     2.057  1.262e+06
     2.072  1.712e+06
     2.087  9.927e+05
     2.101  1.019e+06
     2.114  9.072e+05
     2.127  9.939e+05
      2.14   1.06e+06
     2.152  8.103e+05
     2.165  7.284e+05
     2.176  5.998e+05
     2.188  6.632e+05
     2.199  5.896e+05
      2.21  5.789e+05
      2.22  6.098e+05
     2.231  8.837e+05
     2.241  1.112e+06
     2.251  7.984e+05
      2.26  4.035e+05
      2.27  3.347e+05
     2.279  3.771e+05
     2.288  2.866e+05
     2.297  2.835e+05
     2.306  2.495e+05
     2.314   4.12e+05
     2.322  5.251e+05
     2.331  3.635e+05
     2.339  3.217e+05
     2.347   3.32e+05
     2.354   2.24e+05
     2.362  1.728e+05
     2.369  2.102e+05
     2.377  1.962e+05
     2.384  1.738e+05
     2.391  1.407e+05
     2.398   1.59e+05
     2.405  1.049e+05
     2.412  9.799e+04
     2.418  9.983e+04
     2.425   1.44e+05
     2.432  1.446e+05
     2.438  2.157e+05
     2.444   2.12e+05
      2.45  8.737e+04
     2.457  4.913e+04
     2.463  5.246e+04
     2.469  1.005e+05
     2.474  1.608e+04
      2.48  1.397e+04
     2.486  1.532e+04
     2.492  1.343e+04
     2.497  1.792e+04
     2.503  1.321e+04
     2.508       2047
     2.513       8313
     2.519       7977
     2.524       6247
     2.529          0
     2.534       3952
     2.539          0
     2.544          0
