    0.7783  1.167e+09
         1  3.911e+08
     1.146  2.105e+08
     1.255  1.389e+08
     1.343  1.028e+08
     1.415  8.222e+07
     1.477  6.937e+07
     1.532  5.907e+07
      1.58  5.056e+07
     1.623  4.337e+07
     1.663  3.762e+07
     1.699  3.307e+07
     1.733  2.941e+07
     1.764  2.644e+07
     1.793  2.383e+07
      1.82  2.156e+07
     1.845  1.969e+07
     1.869  1.805e+07
     1.892  1.682e+07
     1.914  1.576e+07
     1.935  1.466e+07
     1.954  1.372e+07
     1.973  1.281e+07
     1.991  1.195e+07
     2.009  1.115e+07
     2.025  1.043e+07
     2.042   9.77e+06
     2.057  9.173e+06
     2.072  8.667e+06
     2.087  8.164e+06
     2.101  7.711e+06
     2.114  7.292e+06
     2.127  6.916e+06
      2.14  6.577e+06
     2.152  6.252e+06
     2.165  5.949e+06
     2.176  5.664e+06
     2.188  5.404e+06
     2.199  5.161e+06
      2.21  4.934e+06
      2.22  4.726e+06
     2.231  4.545e+06
     2.241  4.387e+06
     2.251  4.226e+06
      2.26  4.058e+06
      2.27  3.898e+06
     2.279   3.75e+06
     2.288  3.607e+06
     2.297  3.473e+06
     2.306  3.345e+06
     2.314  3.231e+06
     2.322  3.128e+06
     2.331  3.025e+06
     2.339  2.926e+06
     2.347  2.832e+06
     2.354   2.74e+06
     2.362  2.651e+06
     2.369  2.567e+06
     2.377  2.487e+06
     2.384  2.411e+06
     2.391  2.337e+06
     2.398  2.267e+06
     2.405  2.199e+06
     2.412  2.134e+06
     2.418  2.072e+06
     2.425  2.014e+06
     2.432  1.959e+06
     2.438  1.908e+06
     2.444  1.859e+06
      2.45  1.809e+06
     2.457   1.76e+06
     2.463  1.712e+06
     2.469  1.669e+06
     2.474  1.624e+06
      2.48  1.582e+06
     2.486  1.541e+06
     2.492  1.501e+06
     2.497  1.463e+06
     2.503  1.427e+06
     2.508  1.392e+06
     2.513  1.358e+06
     2.519  1.325e+06
     2.524  1.293e+06
     2.529  1.263e+06
     2.534  1.233e+06
     2.539  1.205e+06
     2.544  1.177e+06
