     2.001      18.35
     6.002      19.81
        10      20.47
        14      20.78
     18.01      20.87
     22.01      20.92
     26.01      20.77
     30.01      21.19
     34.01      21.64
     38.01      22.07
     42.01      22.46
     46.02      22.63
     50.02      22.68
     54.02      22.91
     58.02      23.56
     62.02      24.65
     66.02      25.61
     70.02      25.56
     74.03      25.37
     78.03      25.62
     82.03      25.84
     86.03      26.03
     90.03      26.55
     94.03      26.85
     98.03      27.16
       102      27.81
       106      27.22
       110      27.68
       114      27.54
       118      27.98
       122      28.29
       126      28.74
       130      28.78
       134      29.33
       138      29.17
     142.1      29.65
     146.1      30.07
     150.1      30.26
     154.1      30.51
     158.1      30.84
     162.1      30.99
     166.1      30.79
     170.1       30.9
     174.1      31.19
     178.1      31.22
     182.1      31.79
     186.1      32.19
     190.1       32.3
     194.1      32.91
     198.1      32.69
     202.1      32.42
     206.1      32.34
     210.1      32.62
     214.1      32.75
     218.1      32.91
     222.1      33.15
     226.1      33.37
     230.1      33.48
     234.1      33.19
     238.1      33.33
     242.1      33.51
     246.1      33.55
     250.1      33.74
     254.1       33.8
     258.1      33.67
     262.1      33.53
     266.1      32.89
     270.1      32.58
     274.1      33.21
     278.1      33.36
     282.1      33.54
     286.1      34.03
     290.1      33.82
     294.1      34.38
     298.1      34.58
     302.1      34.58
     306.1      34.61
     310.1      34.33
     314.1      34.15
     318.1      34.74
     322.1      34.73
     326.1      34.43
     330.1      34.76
     334.1      34.98
     338.1      35.04
     342.1      34.94
     346.1      35.52
     350.1      35.52
