     6.055  4.895e+08
     10.09  1.364e+08
     14.13  6.417e+07
     18.16  3.804e+07
      22.2  2.502e+07
     26.24  1.763e+07
     30.27  1.314e+07
     34.31  1.022e+07
     38.35  8.139e+06
     42.38  6.619e+06
     46.42  5.479e+06
     50.46  4.609e+06
     54.49  3.943e+06
     58.53  3.405e+06
     62.57  2.968e+06
      66.6  2.609e+06
     70.64  2.311e+06
     74.68  2.064e+06
     78.71  1.854e+06
     82.75  1.673e+06
     86.79  1.517e+06
     90.82  1.383e+06
     94.86  1.265e+06
      98.9  1.162e+06
     102.9  1.071e+06
       107  9.899e+05
       111   9.18e+05
       115  8.536e+05
     119.1  7.957e+05
     123.1  7.435e+05
     127.2  6.963e+05
     131.2  6.535e+05
     135.2  6.145e+05
     139.3  5.789e+05
     143.3  5.463e+05
     147.3  5.164e+05
     151.4  4.888e+05
     155.4  4.634e+05
     159.4    4.4e+05
     163.5  4.182e+05
     167.5  3.981e+05
     171.6  3.794e+05
     175.6  3.619e+05
     179.6  3.457e+05
     183.7  3.305e+05
     187.7  3.163e+05
     191.7  3.029e+05
     195.8  2.904e+05
     199.8  2.787e+05
     203.8  2.677e+05
     207.9  2.573e+05
     211.9  2.475e+05
       216  2.382e+05
       220  2.295e+05
       224  2.212e+05
     228.1  2.134e+05
