     6.055  2.007e+08
     10.09  1.871e+07
     14.13  6.367e+06
     18.16  4.457e+06
      22.2  1.857e+06
     26.24  8.319e+05
     30.27  6.999e+05
     34.31  6.813e+05
     38.35  3.141e+05
     42.38  1.415e+05
     46.42  4.908e+04
     50.46  3.016e+04
     54.49  1.105e+05
     58.53  3.925e+04
     62.57  1.199e+04
      66.6          0
     70.64          0
     74.68  2.946e+04
     78.71       9424
     82.75          0
     86.79          0
     90.82          0
     94.86          0
      98.9          0
     102.9          0
       107          0
       111          0
       115          0
     119.1          0
     123.1          0
     127.2          0
     131.2          0
     135.2          0
     139.3          0
     143.3          0
     147.3          0
     151.4          0
     155.4          0
     159.4          0
     163.5          0
     167.5          0
     171.6          0
     175.6          0
     179.6          0
     183.7          0
     187.7          0
     191.7          0
     195.8          0
     199.8          0
     203.8          0
     207.9          0
     211.9          0
       216          0
       220          0
       224          0
     228.1          0
