    0.7821  2.007e+08
     1.004  1.871e+07
      1.15  6.367e+06
     1.259  4.457e+06
     1.346  1.857e+06
     1.419  8.319e+05
     1.481  6.999e+05
     1.535  6.813e+05
     1.584  3.141e+05
     1.627  1.415e+05
     1.667  4.908e+04
     1.703  3.016e+04
     1.736  1.105e+05
     1.767  3.925e+04
     1.796  1.199e+04
     1.824          0
     1.849          0
     1.873  2.946e+04
     1.896       9424
     1.918          0
     1.938          0
     1.958          0
     1.977          0
     1.995          0
     2.013          0
     2.029          0
     2.045          0
     2.061          0
     2.076          0
      2.09          0
     2.104          0
     2.118          0
     2.131          0
     2.144          0
     2.156          0
     2.168          0
      2.18          0
     2.191          0
     2.203          0
     2.213          0
     2.224          0
     2.234          0
     2.245          0
     2.254          0
     2.264          0
     2.273          0
     2.283          0
     2.292          0
     2.301          0
     2.309          0
     2.318          0
     2.326          0
     2.334          0
     2.342          0
      2.35          0
     2.358          0
