    0.7821  4.895e+08
     1.004  1.364e+08
      1.15  6.417e+07
     1.259  3.804e+07
     1.346  2.502e+07
     1.419  1.763e+07
     1.481  1.314e+07
     1.535  1.022e+07
     1.584  8.139e+06
     1.627  6.619e+06
     1.667  5.479e+06
     1.703  4.609e+06
     1.736  3.943e+06
     1.767  3.405e+06
     1.796  2.968e+06
     1.824  2.609e+06
     1.849  2.311e+06
     1.873  2.064e+06
     1.896  1.854e+06
     1.918  1.673e+06
     1.938  1.517e+06
     1.958  1.383e+06
     1.977  1.265e+06
     1.995  1.162e+06
     2.013  1.071e+06
     2.029  9.899e+05
     2.045   9.18e+05
     2.061  8.536e+05
     2.076  7.957e+05
      2.09  7.435e+05
     2.104  6.963e+05
     2.118  6.535e+05
     2.131  6.145e+05
     2.144  5.789e+05
     2.156  5.463e+05
     2.168  5.164e+05
      2.18  4.888e+05
     2.191  4.634e+05
     2.203    4.4e+05
     2.213  4.182e+05
     2.224  3.981e+05
     2.234  3.794e+05
     2.245  3.619e+05
     2.254  3.457e+05
     2.264  3.305e+05
     2.273  3.163e+05
     2.283  3.029e+05
     2.292  2.904e+05
     2.301  2.787e+05
     2.309  2.677e+05
     2.318  2.573e+05
     2.326  2.475e+05
     2.334  2.382e+05
     2.342  2.295e+05
      2.35  2.212e+05
     2.358  2.134e+05
