     2.018      18.09
     6.055      21.18
     10.09      24.01
     14.13      26.42
     18.16      28.44
      22.2      30.91
     26.24      32.43
     30.27       31.8
     34.31      33.09
     38.35      34.18
     42.38      34.51
     46.42      35.26
     50.46      35.32
     54.49      35.21
     58.53       35.3
     62.57      35.44
      66.6      35.52
     70.64      35.35
     74.68       35.4
     78.71      35.47
     82.75      35.52
     86.79      35.52
     90.82      35.52
     94.86      35.52
      98.9      35.52
     102.9      35.52
       107      35.52
       111      35.52
       115      35.52
     119.1      35.52
     123.1      35.52
     127.2      35.52
     131.2      35.52
     135.2      35.52
     139.3      35.52
     143.3      35.52
     147.3      35.52
     151.4      35.52
     155.4      35.52
     159.4      35.52
     163.5      35.52
     167.5      35.52
     171.6      35.52
     175.6      35.52
     179.6      35.52
     183.7      35.52
     187.7      35.52
     191.7      35.52
     195.8      35.52
     199.8      35.52
     203.8      35.52
     207.9      35.52
     211.9      35.52
       216      35.52
       220      35.52
       224      35.52
     228.1      35.52
