     6.061  1.015e+09
      10.1  3.133e+08
     14.14  1.624e+08
     18.18  1.006e+08
     22.22  6.843e+07
     26.26  4.943e+07
      30.3  3.744e+07
     34.34  2.935e+07
     38.39  2.352e+07
     42.43  1.937e+07
     46.47  1.618e+07
     50.51  1.375e+07
     54.55  1.183e+07
     58.59  1.028e+07
     62.63  8.988e+06
     66.67  7.923e+06
     70.71  7.027e+06
     74.75  6.279e+06
     78.79   5.64e+06
     82.83  5.105e+06
     86.87  4.635e+06
     90.91  4.232e+06
     94.95  3.878e+06
     98.99  3.568e+06
       103  3.295e+06
     107.1  3.052e+06
     111.1  2.837e+06
     115.2  2.645e+06
     119.2  2.471e+06
     123.2  2.316e+06
     127.3  2.177e+06
     131.3   2.05e+06
     135.4  1.929e+06
     139.4   1.82e+06
     143.4  1.719e+06
     147.5  1.627e+06
     151.5   1.54e+06
     155.6  1.461e+06
     159.6  1.387e+06
     163.6  1.319e+06
     167.7  1.256e+06
     171.7  1.197e+06
     175.8  1.142e+06
     179.8  1.091e+06
     183.8  1.044e+06
     187.9   9.99e+05
     191.9  9.569e+05
       196  9.176e+05
       200  8.807e+05
       204  8.458e+05
     208.1  8.131e+05
     212.1  7.821e+05
     216.2  7.529e+05
     220.2  7.253e+05
     224.3  6.991e+05
     228.3  6.744e+05
     232.3  6.509e+05
     236.4  6.287e+05
     240.4  6.075e+05
     244.5  5.875e+05
     248.5  5.684e+05
     252.5  5.502e+05
     256.6  5.329e+05
     260.6  5.164e+05
     264.7  5.007e+05
     268.7  4.856e+05
     272.7  4.713e+05
     276.8  4.576e+05
     280.8  4.444e+05
     284.9  4.318e+05
     288.9  4.197e+05
     292.9  4.081e+05
       297   3.97e+05
       301  3.864e+05
     305.1  3.761e+05
     309.1  3.663e+05
     313.1  3.569e+05
