     6.061  4.922e+08
      10.1   7.95e+07
     14.14  4.173e+07
     18.18  2.114e+07
     22.22  1.118e+07
     26.26  6.248e+06
      30.3  4.255e+06
     34.34  2.925e+06
     38.39  1.554e+06
     42.43   1.71e+06
     46.47  9.707e+05
     50.51  9.857e+05
     54.55  7.805e+05
     58.59  5.172e+05
     62.63  2.841e+05
     66.67  1.988e+05
     70.71  7.275e+04
     74.75  9.986e+04
     78.79   5.16e+04
     82.83  1.498e+05
     86.87  5.302e+04
     90.91  8.988e+04
     94.95  7.569e+04
     98.99  7.372e+04
       103  9.048e+04
     107.1  6.719e+04
     111.1  9.672e+04
     115.2  1.007e+05
     119.2  7.917e+04
     123.2  1.046e+05
     127.3  1.309e+05
     131.3  1.146e+05
     135.4  1.541e+04
     139.4  4.585e+04
     143.4  2.908e+04
     147.5  3.777e+04
     151.5       4815
     155.6  1.798e+04
     159.6       4340
     163.6          0
     167.7  1.215e+04
     171.7          0
     175.8  1.201e+04
     179.8       3764
     183.8  1.136e+04
     187.9       3596
     191.9          0
       196       3454
       200       3415
       204          0
     208.1       3205
     212.1          0
     216.2          0
     220.2          0
     224.3          0
     228.3          0
     232.3          0
     236.4          0
     240.4          0
     244.5          0
     248.5          0
     252.5          0
     256.6       2670
     260.6          0
     264.7       2524
     268.7          0
     272.7          0
     276.8       2449
     280.8          0
     284.9          0
     288.9          0
     292.9          0
       297          0
       301          0
     305.1          0
     309.1          0
     313.1          0
