    0.7825  4.922e+08
     1.004   7.95e+07
     1.151  4.173e+07
      1.26  2.114e+07
     1.347  1.118e+07
     1.419  6.248e+06
     1.482  4.255e+06
     1.536  2.925e+06
     1.584  1.554e+06
     1.628   1.71e+06
     1.667  9.707e+05
     1.703  9.857e+05
     1.737  7.805e+05
     1.768  5.172e+05
     1.797  2.841e+05
     1.824  1.988e+05
     1.849  7.275e+04
     1.874  9.986e+04
     1.896   5.16e+04
     1.918  1.498e+05
     1.939  5.302e+04
     1.959  8.988e+04
     1.978  7.569e+04
     1.996  7.372e+04
     2.013  9.048e+04
      2.03  6.719e+04
     2.046  9.672e+04
     2.061  1.007e+05
     2.076  7.917e+04
     2.091  1.046e+05
     2.105  1.309e+05
     2.118  1.146e+05
     2.131  1.541e+04
     2.144  4.585e+04
     2.157  2.908e+04
     2.169  3.777e+04
      2.18       4815
     2.192  1.798e+04
     2.203       4340
     2.214          0
     2.224  1.215e+04
     2.235          0
     2.245  1.201e+04
     2.255       3764
     2.264  1.136e+04
     2.274       3596
     2.283          0
     2.292       3454
     2.301       3415
      2.31          0
     2.318       3205
     2.327          0
     2.335          0
     2.343          0
     2.351          0
     2.358          0
     2.366          0
     2.374          0
     2.381          0
     2.388          0
     2.395          0
     2.402          0
     2.409       2670
     2.416          0
     2.423       2524
     2.429          0
     2.436          0
     2.442       2449
     2.448          0
     2.455          0
     2.461          0
     2.467          0
     2.473          0
     2.479          0
     2.484          0
      2.49          0
     2.496          0
