    0.7825  1.015e+09
     1.004  3.133e+08
     1.151  1.624e+08
      1.26  1.006e+08
     1.347  6.843e+07
     1.419  4.943e+07
     1.482  3.744e+07
     1.536  2.935e+07
     1.584  2.352e+07
     1.628  1.937e+07
     1.667  1.618e+07
     1.703  1.375e+07
     1.737  1.183e+07
     1.768  1.028e+07
     1.797  8.988e+06
     1.824  7.923e+06
     1.849  7.027e+06
     1.874  6.279e+06
     1.896   5.64e+06
     1.918  5.105e+06
     1.939  4.635e+06
     1.959  4.232e+06
     1.978  3.878e+06
     1.996  3.568e+06
     2.013  3.295e+06
      2.03  3.052e+06
     2.046  2.837e+06
     2.061  2.645e+06
     2.076  2.471e+06
     2.091  2.316e+06
     2.105  2.177e+06
     2.118   2.05e+06
     2.131  1.929e+06
     2.144   1.82e+06
     2.157  1.719e+06
     2.169  1.627e+06
      2.18   1.54e+06
     2.192  1.461e+06
     2.203  1.387e+06
     2.214  1.319e+06
     2.224  1.256e+06
     2.235  1.197e+06
     2.245  1.142e+06
     2.255  1.091e+06
     2.264  1.044e+06
     2.274   9.99e+05
     2.283  9.569e+05
     2.292  9.176e+05
     2.301  8.807e+05
      2.31  8.458e+05
     2.318  8.131e+05
     2.327  7.821e+05
     2.335  7.529e+05
     2.343  7.253e+05
     2.351  6.991e+05
     2.358  6.744e+05
     2.366  6.509e+05
     2.374  6.287e+05
     2.381  6.075e+05
     2.388  5.875e+05
     2.395  5.684e+05
     2.402  5.502e+05
     2.409  5.329e+05
     2.416  5.164e+05
     2.423  5.007e+05
     2.429  4.856e+05
     2.436  4.713e+05
     2.442  4.576e+05
     2.448  4.444e+05
     2.455  4.318e+05
     2.461  4.197e+05
     2.467  4.081e+05
     2.473   3.97e+05
     2.479  3.864e+05
     2.484  3.761e+05
      2.49  3.663e+05
     2.496  3.569e+05
