      2.02      17.89
     6.061      19.99
      10.1      20.89
     14.14      21.69
     18.18      22.42
     22.22      22.92
     26.26      23.61
      30.3      24.65
     34.34      26.19
     38.39      27.99
     42.43      28.89
     46.47      30.56
     50.51      31.55
     54.55       31.8
     58.59      32.63
     62.63      33.06
     66.67      33.63
     70.71      34.44
     74.75      34.53
     78.79      34.44
     82.83      34.26
     86.87      34.58
     90.91      34.12
     94.95      34.75
     98.99      34.79
       103      34.51
     107.1      34.53
     111.1      34.31
     115.2      34.32
     119.2      34.53
     123.2      34.33
     127.3      34.41
     131.3      34.79
     135.4         35
     139.4      34.91
     143.4      35.04
     147.5      35.26
     151.5      35.29
     155.6      35.31
     159.6      35.48
     163.6      35.43
     167.7      35.48
     171.7      35.44
     175.8      35.37
     179.8      35.39
     183.8      35.41
     187.9      35.51
     191.9       35.5
       196      35.45
       200      35.49
       204      35.51
     208.1      35.48
     212.1      35.52
     216.2      35.52
     220.2      35.52
     224.3      35.52
     228.3      35.52
     232.3      35.52
     236.4      35.52
     240.4      35.52
     244.5      35.52
     248.5      35.52
     252.5      35.47
     256.6      35.43
     260.6      35.47
     264.7      35.42
     268.7      35.52
     272.7      35.43
     276.8       35.5
     280.8      35.52
     284.9      35.52
     288.9      35.52
     292.9      35.52
       297      35.52
       301      35.52
     305.1      35.52
     309.1      35.52
     313.1      35.52
