     6.057  4.551e+08
      10.1  1.159e+08
     14.13  4.862e+07
     18.17  1.909e+07
     22.21  1.158e+07
     26.25   9.16e+06
     30.29  6.455e+06
     34.32  5.426e+06
     38.36  4.243e+06
      42.4  3.573e+06
     46.44  1.961e+06
     50.48  1.824e+06
     54.52  1.491e+06
     58.55  1.413e+06
     62.59  1.137e+06
     66.63   1.16e+06
     70.67  5.364e+05
     74.71  3.215e+05
     78.74  3.993e+05
     82.78  4.097e+05
     86.82  3.548e+05
     90.86  2.856e+05
      94.9   2.31e+05
     98.94  2.407e+05
       103  1.829e+05
       107   1.56e+05
     111.1  2.094e+05
     115.1  2.352e+05
     119.1  2.372e+05
     123.2  2.147e+05
     127.2  1.056e+05
     131.2  9.361e+04
     135.3   1.76e+05
     139.3  1.974e+05
     143.4  2.323e+05
     147.4  1.061e+05
     151.4  8.295e+04
     155.5  3.591e+04
     159.5   3.48e+04
     163.5  5.929e+04
     167.6  5.001e+04
     171.6  2.451e+04
     175.7   1.97e+04
     179.7       8005
     183.7  2.013e+04
     187.8  1.823e+04
     191.8  5.018e+04
     195.9  1.004e+05
     199.9  3.417e+04
     203.9  1.406e+04
       208          0
       212   1.95e+04
       216       6324
     220.1       6476
     224.1  1.546e+04
     228.2       8937
     232.2       3038
     236.2       5722
     240.3  1.136e+04
     244.3       2725
     248.3  1.117e+04
     252.4  2.745e+04
     256.4  3.495e+04
     260.5  1.486e+04
     264.5       2707
     268.5       5206
     272.6          0
     276.6          0
     280.7          0
     284.7          0
     288.7          0
     292.8       4869
     296.8          0
     300.8       2434
     304.9          0
     308.9       2320
       313          0
       317       2107
       321          0
     325.1          0
     329.1          0
     333.2          0
     337.2          0
     341.2          0
     345.3          0
     349.3          0
