     2.019      18.69
     6.057      20.14
      10.1      20.49
     14.13      21.21
     18.17      21.88
     22.21      22.66
     26.25       23.4
     30.29      23.45
     34.32      24.06
     38.36      24.64
      42.4       25.9
     46.44      26.76
     50.48      27.47
     54.52      28.13
     58.55      28.63
     62.59      29.69
     66.63      30.09
     70.67      31.05
     74.71      31.59
     78.74      31.78
     82.78      31.85
     86.82      33.05
     90.86      33.46
      94.9      33.35
     98.94      33.35
       103      33.31
       107      33.51
     111.1      33.63
     115.1      33.49
     119.1      33.65
     123.2      33.92
     127.2      34.18
     131.2      34.08
     135.3      33.73
     139.3       33.9
     143.4      34.07
     147.4      34.34
     151.4      34.64
     155.5      34.91
     159.5      34.82
     163.5      34.79
     167.6      34.97
     171.6      35.12
     175.7      35.18
     179.7      35.24
     183.7      35.25
     187.8      35.17
     191.8      35.16
     195.9      35.16
     199.9      35.25
     203.9      35.42
       208       35.4
       212      35.32
       216      35.39
     220.1      35.28
     224.1      35.32
     228.2       35.4
     232.2       35.4
     236.2      35.38
     240.3      35.32
     244.3      35.41
     248.3       35.2
     252.4      35.25
     256.4      35.18
     260.5      35.23
     264.5      35.37
     268.5      35.46
     272.6      35.52
     276.6      35.52
     280.7      35.52
     284.7      35.52
     288.7      35.42
     292.8      35.27
     296.8      35.34
     300.8      35.49
     304.9      35.39
     308.9      35.38
       313      35.45
       317      35.32
       321       35.5
     325.1      35.52
     329.1      35.52
     333.2      35.52
     337.2      35.52
     341.2      35.52
     345.3      35.52
     349.3      35.52
