     2.019  5.893e-16
     6.057  2.566e-17
      10.1  1.652e-17
     14.13  7.768e-18
     18.17  4.686e-18
     22.21    2.8e-18
     26.25  2.278e-18
     30.29  1.752e-18
     34.32  1.422e-18
     38.36  1.178e-18
      42.4  9.076e-19
     46.44  5.442e-19
     50.48  5.677e-19
     54.52  4.879e-19
     58.55  3.672e-19
     62.59   3.82e-19
     66.63  2.458e-19
     70.67  1.442e-19
     74.71  1.221e-19
     78.74   1.06e-19
     82.78  1.274e-19
     86.82  8.445e-20
     90.86  7.658e-20
      94.9  7.234e-20
     98.94  6.245e-20
       103  6.004e-20
       107  6.317e-20
     111.1   6.82e-20
     115.1  6.988e-20
     119.1  7.722e-20
     123.2  4.959e-20
     127.2  2.975e-20
     131.2  3.551e-20
     135.3  6.861e-20
     139.3  6.717e-20
     143.4  5.236e-20
     147.4  3.243e-20
     151.4  1.736e-20
     155.5  1.183e-20
     159.5  1.649e-20
     163.5  1.575e-20
     167.6  1.198e-20
     171.6  8.007e-21
     175.7   6.16e-21
     179.7  5.366e-21
     183.7  4.555e-21
     187.8  1.024e-20
     191.8  2.211e-20
     195.9   2.45e-20
     199.9  6.906e-21
     203.9  9.065e-22
       208  3.924e-21
       212  3.685e-21
       216  3.189e-21
     220.1  5.401e-21
     224.1  3.738e-21
     228.2   1.93e-21
     232.2  1.926e-21
     236.2  1.602e-21
     240.3  3.606e-21
     244.3  1.825e-21
     248.3  9.443e-21
     252.4  1.558e-20
     256.4  1.251e-20
     260.5  8.996e-21
     264.5  3.171e-21
     268.5  1.516e-21
     272.6      1e-23
     276.6      1e-23
     280.7      1e-23
     284.7      1e-23
     288.7  1.549e-21
     292.8  6.619e-21
     296.8  3.086e-21
     300.8  2.343e-22
     304.9  2.953e-21
     308.9  3.333e-21
       313  5.033e-22
       317  3.642e-21
       321  1.467e-23
     325.1      1e-23
     329.1      1e-23
     333.2      1e-23
     337.2      1e-23
     341.2      1e-23
     345.3      1e-23
     349.3      1e-23
