     6.058  8.564e+08
      10.1  2.759e+08
     14.13  1.449e+08
     18.17  9.711e+07
     22.21  7.337e+07
     26.25  5.901e+07
     30.29  4.856e+07
     34.33  4.043e+07
     38.36  3.437e+07
      42.4  2.954e+07
     46.44    2.6e+07
     50.48  2.324e+07
     54.52  2.072e+07
     58.56  1.864e+07
     62.59  1.677e+07
     66.63  1.517e+07
     70.67  1.381e+07
     74.71  1.258e+07
     78.75  1.154e+07
     82.79  1.056e+07
     86.82  9.711e+06
     90.86  8.963e+06
      94.9  8.301e+06
     98.94  7.704e+06
       103  7.159e+06
       107  6.688e+06
     111.1  6.264e+06
     115.1  5.877e+06
     119.1  5.543e+06
     123.2  5.225e+06
     127.2  4.933e+06
     131.2  4.654e+06
     135.3  4.399e+06
     139.3  4.163e+06
     143.4  3.947e+06
     147.4   3.75e+06
     151.4  3.568e+06
     155.5  3.405e+06
     159.5  3.262e+06
     163.6  3.116e+06
     167.6  2.975e+06
     171.6  2.843e+06
     175.7  2.717e+06
     179.7  2.599e+06
     183.7  2.489e+06
     187.8  2.386e+06
     191.8  2.288e+06
     195.9  2.196e+06
     199.9   2.11e+06
     203.9  2.028e+06
       208  1.951e+06
       212  1.877e+06
     216.1  1.808e+06
     220.1  1.743e+06
     224.1  1.681e+06
     228.2  1.623e+06
     232.2  1.567e+06
     236.2  1.514e+06
     240.3  1.463e+06
     244.3  1.415e+06
     248.4   1.37e+06
     252.4  1.326e+06
     256.4  1.285e+06
     260.5  1.245e+06
     264.5  1.207e+06
     268.6  1.171e+06
     272.6  1.136e+06
     276.6  1.103e+06
     280.7  1.072e+06
     284.7  1.041e+06
     288.7  1.012e+06
     292.8  9.845e+05
     296.8  9.577e+05
     300.9   9.32e+05
     304.9  9.073e+05
     308.9  8.836e+05
       313  8.609e+05
       317  8.389e+05
       321  8.179e+05
     325.1  7.976e+05
     329.1  7.783e+05
     333.2  7.596e+05
     337.2  7.414e+05
     341.2   7.24e+05
     345.3   7.07e+05
     349.3  6.907e+05
