     6.058  4.873e+08
      10.1  8.235e+07
     14.13  4.014e+07
     18.17  3.567e+07
     22.21  3.116e+07
     26.25  2.637e+07
     30.29  1.964e+07
     34.33  1.387e+07
     38.36  1.152e+07
      42.4  8.987e+06
     46.44  9.122e+06
     50.48  8.697e+06
     54.52  6.195e+06
     58.56  5.667e+06
     62.59    4.1e+06
     66.63  3.538e+06
     70.67  3.257e+06
     74.71   2.49e+06
     78.75  2.377e+06
     82.79  1.563e+06
     86.82  1.382e+06
     90.86  1.293e+06
      94.9  1.173e+06
     98.94  9.932e+05
       103  7.458e+05
       107  9.229e+05
     111.1  8.461e+05
     115.1   7.52e+05
     119.1  9.428e+05
     123.2  6.985e+05
     127.2  6.286e+05
     131.2  3.961e+05
     135.3  3.779e+05
     139.3  3.213e+05
     143.4  3.372e+05
     147.4  3.551e+05
     151.4   3.33e+05
     155.5  4.381e+05
     159.5  5.782e+05
     163.6  3.034e+05
     167.6  1.831e+05
     171.6  1.638e+05
     175.7   1.18e+05
     179.7  7.992e+04
     183.7   9.85e+04
     187.8  8.386e+04
     191.8  7.505e+04
     195.9  4.831e+04
     199.9  6.037e+04
     203.9  5.666e+04
       208  2.763e+04
       212  1.441e+04
     216.1  4.625e+04
     220.1  2.459e+04
     224.1  3.387e+04
     228.2  1.941e+04
     232.2  2.315e+04
     236.2       8827
     240.3  1.552e+04
     244.3       9643
     248.4   2.41e+04
     252.4       2574
     256.4  1.043e+04
     260.5       2805
     264.5          0
     268.6       2346
     272.6       2323
     276.6       2300
     280.7       8513
     284.7          0
     288.7          0
     292.8  1.004e+04
     296.8          0
     300.9       2226
     304.9          0
     308.9          0
       313       2132
       317          0
       321       2237
     325.1          0
     329.1  1.093e+04
     333.2       6253
     337.2       1900
     341.2       3998
     345.3          0
     349.3       1808
