    0.7823  4.873e+08
     1.004  8.235e+07
      1.15  4.014e+07
     1.259  3.567e+07
     1.347  3.116e+07
     1.419  2.637e+07
     1.481  1.964e+07
     1.536  1.387e+07
     1.584  1.152e+07
     1.627  8.987e+06
     1.667  9.122e+06
     1.703  8.697e+06
     1.737  6.195e+06
     1.768  5.667e+06
     1.797    4.1e+06
     1.824  3.538e+06
     1.849  3.257e+06
     1.873   2.49e+06
     1.896  2.377e+06
     1.918  1.563e+06
     1.939  1.382e+06
     1.958  1.293e+06
     1.977  1.173e+06
     1.995  9.932e+05
     2.013  7.458e+05
     2.029  9.229e+05
     2.046  8.461e+05
     2.061   7.52e+05
     2.076  9.428e+05
     2.091  6.985e+05
     2.105  6.286e+05
     2.118  3.961e+05
     2.131  3.779e+05
     2.144  3.213e+05
     2.156  3.372e+05
     2.168  3.551e+05
      2.18   3.33e+05
     2.192  4.381e+05
     2.203  5.782e+05
     2.214  3.034e+05
     2.224  1.831e+05
     2.235  1.638e+05
     2.245   1.18e+05
     2.255  7.992e+04
     2.264   9.85e+04
     2.274  8.386e+04
     2.283  7.505e+04
     2.292  4.831e+04
     2.301  6.037e+04
     2.309  5.666e+04
     2.318  2.763e+04
     2.326  1.441e+04
     2.335  4.625e+04
     2.343  2.459e+04
      2.35  3.387e+04
     2.358  1.941e+04
     2.366  2.315e+04
     2.373       8827
     2.381  1.552e+04
     2.388       9643
     2.395   2.41e+04
     2.402       2574
     2.409  1.043e+04
     2.416       2805
     2.422          0
     2.429       2346
     2.436       2323
     2.442       2300
     2.448       8513
     2.454          0
     2.461          0
     2.467  1.004e+04
     2.472          0
     2.478       2226
     2.484          0
      2.49          0
     2.496       2132
     2.501          0
     2.507       2237
     2.512          0
     2.517  1.093e+04
     2.523       6253
     2.528       1900
     2.533       3998
     2.538          0
     2.543       1808
