    0.7823  8.564e+08
     1.004  2.759e+08
      1.15  1.449e+08
     1.259  9.711e+07
     1.347  7.337e+07
     1.419  5.901e+07
     1.481  4.856e+07
     1.536  4.043e+07
     1.584  3.437e+07
     1.627  2.954e+07
     1.667    2.6e+07
     1.703  2.324e+07
     1.737  2.072e+07
     1.768  1.864e+07
     1.797  1.677e+07
     1.824  1.517e+07
     1.849  1.381e+07
     1.873  1.258e+07
     1.896  1.154e+07
     1.918  1.056e+07
     1.939  9.711e+06
     1.958  8.963e+06
     1.977  8.301e+06
     1.995  7.704e+06
     2.013  7.159e+06
     2.029  6.688e+06
     2.046  6.264e+06
     2.061  5.877e+06
     2.076  5.543e+06
     2.091  5.225e+06
     2.105  4.933e+06
     2.118  4.654e+06
     2.131  4.399e+06
     2.144  4.163e+06
     2.156  3.947e+06
     2.168   3.75e+06
      2.18  3.568e+06
     2.192  3.405e+06
     2.203  3.262e+06
     2.214  3.116e+06
     2.224  2.975e+06
     2.235  2.843e+06
     2.245  2.717e+06
     2.255  2.599e+06
     2.264  2.489e+06
     2.274  2.386e+06
     2.283  2.288e+06
     2.292  2.196e+06
     2.301   2.11e+06
     2.309  2.028e+06
     2.318  1.951e+06
     2.326  1.877e+06
     2.335  1.808e+06
     2.343  1.743e+06
      2.35  1.681e+06
     2.358  1.623e+06
     2.366  1.567e+06
     2.373  1.514e+06
     2.381  1.463e+06
     2.388  1.415e+06
     2.395   1.37e+06
     2.402  1.326e+06
     2.409  1.285e+06
     2.416  1.245e+06
     2.422  1.207e+06
     2.429  1.171e+06
     2.436  1.136e+06
     2.442  1.103e+06
     2.448  1.072e+06
     2.454  1.041e+06
     2.461  1.012e+06
     2.467  9.845e+05
     2.472  9.577e+05
     2.478   9.32e+05
     2.484  9.073e+05
      2.49  8.836e+05
     2.496  8.609e+05
     2.501  8.389e+05
     2.507  8.179e+05
     2.512  7.976e+05
     2.517  7.783e+05
     2.523  7.596e+05
     2.528  7.414e+05
     2.533   7.24e+05
     2.538   7.07e+05
     2.543  6.907e+05
