     2.019      18.52
     6.058      19.98
      10.1      20.53
     14.13      20.67
     18.17      20.77
     22.21      21.05
     26.25      21.55
     30.29      21.97
     34.33       22.2
     38.36      22.45
      42.4       22.6
     46.44      22.82
     50.48      22.98
     54.52      23.35
     58.56      23.73
     62.59      24.15
     66.63      24.82
     70.67       25.8
     74.71       26.2
     78.75      27.03
     82.79      27.71
     86.82      28.91
     90.86      28.96
      94.9      29.39
     98.94      29.51
       103      29.97
       107      30.16
     111.1      30.34
     115.1      30.29
     119.1      30.76
     123.2      31.31
     127.2      31.61
     131.2      32.05
     135.3      32.45
     139.3      32.52
     143.4      32.98
     147.4      32.91
     151.4       33.2
     155.5      33.13
     159.5       33.2
     163.6      33.73
     167.6      34.05
     171.6      34.03
     175.7      34.38
     179.7      34.42
     183.7      34.19
     187.8      34.48
     191.8      34.72
     195.9      34.63
     199.9      34.62
     203.9      34.74
       208      35.09
       212      34.93
     216.1      34.98
     220.1      35.03
     224.1      35.02
     228.2      35.15
     232.2      35.27
     236.2      35.26
     240.3      35.35
     244.3      35.17
     248.4      35.27
     252.4      35.33
     256.4      35.38
     260.5      35.47
     264.5      35.49
     268.6      35.47
     272.6      35.39
     276.6      35.36
     280.7      35.26
     284.7       35.5
     288.7      35.25
     292.8      35.24
     296.8      35.37
     300.9      35.43
     304.9      35.51
     308.9      35.39
       313       35.5
       317      35.36
       321      35.49
     325.1      35.09
     329.1      34.65
     333.2      34.64
     337.2      34.51
     341.2      35.27
     345.3      34.85
     349.3      34.64
