     6.007  6.283e+08
     10.01  2.271e+08
     14.02    1.1e+08
     18.02  6.571e+07
     22.02  4.404e+07
     26.03   3.18e+07
     30.03  2.415e+07
     34.04  1.901e+07
     38.04  1.542e+07
     42.05  1.282e+07
     46.05   1.08e+07
     50.06  9.378e+06
     54.06    8.1e+06
     58.07  7.041e+06
     62.07  6.197e+06
     66.07  5.486e+06
     70.08  4.892e+06
     74.08  4.385e+06
     78.09  3.959e+06
     82.09  3.581e+06
      86.1  3.254e+06
      90.1  2.971e+06
     94.11  2.723e+06
     98.11  2.505e+06
     102.1  2.314e+06
     106.1  2.142e+06
     110.1  1.987e+06
     114.1  1.852e+06
     118.1  1.732e+06
     122.1  1.624e+06
     126.1  1.525e+06
     130.1  1.434e+06
     134.2  1.351e+06
     138.2  1.274e+06
     142.2  1.203e+06
     146.2  1.137e+06
     150.2  1.078e+06
     154.2  1.023e+06
     158.2  9.724e+05
     162.2  9.257e+05
     166.2  8.814e+05
     170.2  8.401e+05
     174.2  8.018e+05
     178.2  7.662e+05
     182.2  7.329e+05
     186.2  7.015e+05
     190.2  6.722e+05
     194.2  6.445e+05
     198.2  6.184e+05
     202.2  5.939e+05
     206.2  5.709e+05
     210.2  5.491e+05
     214.2  5.286e+05
     218.2  5.092e+05
     222.3   4.91e+05
     226.3  4.736e+05
     230.3  4.571e+05
     234.3  4.415e+05
     238.3  4.266e+05
     242.3  4.125e+05
     246.3  3.991e+05
     250.3  3.864e+05
     254.3  3.742e+05
     258.3  3.626e+05
     262.3  3.515e+05
     266.3  3.409e+05
     270.3  3.308e+05
     274.3  3.212e+05
     278.3  3.119e+05
     282.3  3.031e+05
     286.3  2.946e+05
     290.3  2.865e+05
     294.3  2.787e+05
     298.3  2.712e+05
     302.3   2.64e+05
     306.3  2.571e+05
