     6.007  3.985e+08
     10.01   9.34e+07
     14.02  1.635e+07
     18.02  8.721e+06
     22.02  5.506e+06
     26.03  3.993e+06
     30.03  2.956e+06
     34.04   2.23e+06
     38.04  1.884e+06
     42.05  1.733e+06
     46.05  1.226e+06
     50.06  1.874e+06
     54.06  7.347e+05
     58.07  4.166e+05
     62.07  4.917e+05
     66.07  3.206e+05
     70.08  2.884e+05
     74.08   1.93e+05
     78.09  2.317e+05
     82.09  8.395e+04
      86.1  6.617e+04
      90.1  7.074e+04
     94.11  4.531e+04
     98.11  5.328e+04
     102.1  6.612e+04
     106.1  4.154e+04
     110.1  1.485e+04
     114.1  5.511e+04
     118.1  8.255e+04
     122.1  7.903e+04
     126.1  7.305e+04
     130.1  4.674e+04
     134.2  4.102e+04
     138.2  2.713e+04
     142.2  1.456e+04
     146.2          0
     150.2   2.01e+04
     154.2  1.402e+04
     158.2  3.065e+04
     162.2  2.708e+04
     166.2       4862
     170.2       4363
     174.2       7985
     178.2       8872
     182.2       8226
     186.2       3896
     190.2       3753
     194.2          0
     198.2          0
     202.2          0
     206.2          0
     210.2          0
     214.2          0
     218.2          0
     222.3       2954
     226.3          0
     230.3          0
     234.3          0
     238.3          0
     242.3          0
     246.3          0
     250.3          0
     254.3          0
     258.3          0
     262.3          0
     266.3          0
     270.3          0
     274.3          0
     278.3          0
     282.3          0
     286.3          0
     290.3          0
     294.3          0
     298.3          0
     302.3          0
     306.3          0
