    0.7786  3.985e+08
         1   9.34e+07
     1.147  1.635e+07
     1.256  8.721e+06
     1.343  5.506e+06
     1.415  3.993e+06
     1.478  2.956e+06
     1.532   2.23e+06
      1.58  1.884e+06
     1.624  1.733e+06
     1.663  1.226e+06
     1.699  1.874e+06
     1.733  7.347e+05
     1.764  4.166e+05
     1.793  4.917e+05
      1.82  3.206e+05
     1.846  2.884e+05
      1.87   1.93e+05
     1.893  2.317e+05
     1.914  8.395e+04
     1.935  6.617e+04
     1.955  7.074e+04
     1.974  4.531e+04
     1.992  5.328e+04
     2.009  6.612e+04
     2.026  4.154e+04
     2.042  1.485e+04
     2.057  5.511e+04
     2.072  8.255e+04
     2.087  7.903e+04
     2.101  7.305e+04
     2.114  4.674e+04
     2.128  4.102e+04
      2.14  2.713e+04
     2.153  1.456e+04
     2.165          0
     2.177   2.01e+04
     2.188  1.402e+04
     2.199  3.065e+04
      2.21  2.708e+04
     2.221       4862
     2.231       4363
     2.241       7985
     2.251       8872
     2.261       8226
      2.27       3896
     2.279       3753
     2.288          0
     2.297          0
     2.306          0
     2.314          0
     2.323          0
     2.331          0
     2.339          0
     2.347       2954
     2.355          0
     2.362          0
      2.37          0
     2.377          0
     2.384          0
     2.391          0
     2.398          0
     2.405          0
     2.412          0
     2.419          0
     2.425          0
     2.432          0
     2.438          0
     2.445          0
     2.451          0
     2.457          0
     2.463          0
     2.469          0
     2.475          0
      2.48          0
     2.486          0
