    0.7786  6.283e+08
         1  2.271e+08
     1.147    1.1e+08
     1.256  6.571e+07
     1.343  4.404e+07
     1.415   3.18e+07
     1.478  2.415e+07
     1.532  1.901e+07
      1.58  1.542e+07
     1.624  1.282e+07
     1.663   1.08e+07
     1.699  9.378e+06
     1.733    8.1e+06
     1.764  7.041e+06
     1.793  6.197e+06
      1.82  5.486e+06
     1.846  4.892e+06
      1.87  4.385e+06
     1.893  3.959e+06
     1.914  3.581e+06
     1.935  3.254e+06
     1.955  2.971e+06
     1.974  2.723e+06
     1.992  2.505e+06
     2.009  2.314e+06
     2.026  2.142e+06
     2.042  1.987e+06
     2.057  1.852e+06
     2.072  1.732e+06
     2.087  1.624e+06
     2.101  1.525e+06
     2.114  1.434e+06
     2.128  1.351e+06
      2.14  1.274e+06
     2.153  1.203e+06
     2.165  1.137e+06
     2.177  1.078e+06
     2.188  1.023e+06
     2.199  9.724e+05
      2.21  9.257e+05
     2.221  8.814e+05
     2.231  8.401e+05
     2.241  8.018e+05
     2.251  7.662e+05
     2.261  7.329e+05
      2.27  7.015e+05
     2.279  6.722e+05
     2.288  6.445e+05
     2.297  6.184e+05
     2.306  5.939e+05
     2.314  5.709e+05
     2.323  5.491e+05
     2.331  5.286e+05
     2.339  5.092e+05
     2.347   4.91e+05
     2.355  4.736e+05
     2.362  4.571e+05
      2.37  4.415e+05
     2.377  4.266e+05
     2.384  4.125e+05
     2.391  3.991e+05
     2.398  3.864e+05
     2.405  3.742e+05
     2.412  3.626e+05
     2.419  3.515e+05
     2.425  3.409e+05
     2.432  3.308e+05
     2.438  3.212e+05
     2.445  3.119e+05
     2.451  3.031e+05
     2.457  2.946e+05
     2.463  2.865e+05
     2.469  2.787e+05
     2.475  2.712e+05
      2.48   2.64e+05
     2.486  2.571e+05
