     2.002      16.82
     6.007      19.15
     10.01       20.7
     14.02      21.92
     18.02      22.65
     22.02      23.47
     26.03      25.21
     30.03      28.04
     34.04      27.91
     38.04      28.86
     42.05      30.24
     46.05      30.64
     50.06      30.72
     54.06      32.36
     58.07      32.74
     62.07       33.1
     66.07      33.34
     70.08      33.43
     74.08      34.15
     78.09      34.83
     82.09      34.75
      86.1      34.93
      90.1      34.95
     94.11      35.04
     98.11      34.89
     102.1      35.06
     106.1      35.22
     110.1      35.15
     114.1      35.07
     118.1         35
     122.1       35.1
     126.1      35.11
     130.1      35.15
     134.2      35.13
     138.2      35.26
     142.2      35.44
     146.2      35.41
     150.2      35.31
     154.2      35.22
     158.2      35.24
     162.2      35.31
     166.2      35.45
     170.2      35.45
     174.2      35.36
     178.2      35.36
     182.2      35.42
     186.2       35.5
     190.2      35.46
     194.2      35.52
     198.2      35.52
     202.2      35.52
     206.2      35.52
     210.2      35.52
     214.2      35.52
     218.2      35.49
     222.3      35.52
     226.3      35.52
     230.3      35.52
     234.3      35.52
     238.3      35.52
     242.3      35.52
     246.3      35.52
     250.3      35.52
     254.3      35.52
     258.3      35.52
     262.3      35.52
     266.3      35.52
     270.3      35.52
     274.3      35.52
     278.3      35.52
     282.3      35.52
     286.3      35.52
     290.3      35.52
     294.3      35.52
     298.3      35.52
     302.3      35.52
     306.3      35.52
