     6.003  5.477e+08
        10  1.174e+08
     14.01  6.113e+07
     18.01  3.157e+07
     22.01  1.935e+07
     26.01   1.29e+07
     30.01  8.308e+06
     34.01   6.89e+06
     38.02  5.864e+06
     42.02  4.454e+06
     46.02  4.128e+06
     50.02  3.811e+06
     54.02  2.899e+06
     58.03  2.183e+06
     62.03  1.588e+06
     66.03   1.41e+06
     70.03  9.942e+05
     74.03  1.057e+06
     78.03  1.042e+06
     82.04  9.104e+05
     86.04  9.355e+05
     90.04  6.224e+05
     94.04  6.445e+05
     98.04  5.545e+05
       102  4.846e+05
       106   4.38e+05
       110  4.418e+05
       114  4.433e+05
     118.1  5.919e+05
     122.1  4.668e+05
     126.1  3.677e+05
     130.1  2.827e+05
     134.1  3.873e+05
     138.1  2.417e+05
     142.1   1.33e+05
     146.1   1.47e+05
     150.1  1.425e+05
     154.1  8.334e+04
     158.1  9.799e+04
     162.1  9.634e+04
     166.1  6.645e+04
     170.1  4.675e+04
     174.1  3.979e+04
     178.1  6.212e+04
     182.1  1.031e+05
     186.1  3.475e+04
     190.1  2.971e+04
     194.1  2.639e+04
     198.1  1.027e+04
     202.1  2.793e+04
     206.1  1.472e+04
     210.1  1.062e+04
     214.1  2.348e+04
     218.1  1.582e+04
     222.1  1.007e+04
     226.1       6315
     230.1  2.682e+04
     234.1       5884
     238.1  1.434e+04
     242.1  1.743e+04
     246.1  2.334e+04
     250.1  1.703e+04
     254.1  1.623e+04
     258.1  1.108e+04
     262.1          0
     266.1       8343
     270.1       5292
     274.1       2440
     278.1          0
     282.1          0
     286.1          0
     290.1          0
     294.1          0
     298.1          0
     302.1       4488
     306.1          0
     310.1          0
     314.1          0
     318.1          0
     322.1          0
     326.1          0
     330.1          0
     334.1          0
     338.1          0
     342.1          0
     346.2          0
     350.2          0
