     6.003  9.116e+08
        10   3.16e+08
     14.01  1.744e+08
     18.01  1.119e+08
     22.01  7.859e+07
     26.01  5.852e+07
     30.01   4.52e+07
     34.01  3.622e+07
     38.02  2.985e+07
     42.02  2.502e+07
     46.02   2.14e+07
     50.02  1.859e+07
     54.02  1.627e+07
     58.03  1.433e+07
     62.03  1.268e+07
     66.03  1.132e+07
     70.03  1.014e+07
     74.03  9.159e+06
     78.03  8.327e+06
     82.04  7.604e+06
     86.04  6.984e+06
     90.04  6.419e+06
     94.04  5.928e+06
     98.04  5.489e+06
       102  5.097e+06
       106  4.745e+06
       110  4.433e+06
       114  4.153e+06
     118.1  3.911e+06
     122.1  3.686e+06
     126.1  3.475e+06
     130.1  3.279e+06
     134.1  3.106e+06
     138.1   2.94e+06
     142.1  2.782e+06
     146.1  2.637e+06
     150.1  2.504e+06
     154.1  2.379e+06
     158.1  2.263e+06
     162.1  2.156e+06
     166.1  2.056e+06
     170.1  1.961e+06
     174.1  1.873e+06
     178.1  1.791e+06
     182.1  1.717e+06
     186.1  1.645e+06
     190.1  1.577e+06
     194.1  1.513e+06
     198.1  1.452e+06
     202.1  1.396e+06
     206.1  1.342e+06
     210.1  1.291e+06
     214.1  1.244e+06
     218.1  1.199e+06
     222.1  1.156e+06
     226.1  1.115e+06
     230.1  1.078e+06
     234.1  1.041e+06
     238.1  1.006e+06
     242.1  9.737e+05
     246.1  9.428e+05
     250.1  9.132e+05
     254.1  8.849e+05
     258.1  8.579e+05
     262.1  8.317e+05
     266.1  8.069e+05
     270.1  7.832e+05
     274.1  7.604e+05
     278.1  7.385e+05
     282.1  7.175e+05
     286.1  6.975e+05
     290.1  6.782e+05
     294.1  6.598e+05
     298.1  6.421e+05
     302.1  6.252e+05
     306.1  6.088e+05
     310.1  5.931e+05
     314.1   5.78e+05
     318.1  5.635e+05
     322.1  5.495e+05
     326.1   5.36e+05
     330.1   5.23e+05
     334.1  5.105e+05
     338.1  4.984e+05
     342.1  4.867e+05
     346.2  4.755e+05
     350.2  4.646e+05
