    0.7783  5.477e+08
         1  1.174e+08
     1.146  6.113e+07
     1.255  3.157e+07
     1.343  1.935e+07
     1.415   1.29e+07
     1.477  8.308e+06
     1.532   6.89e+06
      1.58  5.864e+06
     1.623  4.454e+06
     1.663  4.128e+06
     1.699  3.811e+06
     1.733  2.899e+06
     1.764  2.183e+06
     1.793  1.588e+06
      1.82   1.41e+06
     1.845  9.942e+05
     1.869  1.057e+06
     1.892  1.042e+06
     1.914  9.104e+05
     1.935  9.355e+05
     1.954  6.224e+05
     1.973  6.445e+05
     1.991  5.545e+05
     2.009  4.846e+05
     2.025   4.38e+05
     2.042  4.418e+05
     2.057  4.433e+05
     2.072  5.919e+05
     2.087  4.668e+05
     2.101  3.677e+05
     2.114  2.827e+05
     2.127  3.873e+05
      2.14  2.417e+05
     2.152   1.33e+05
     2.165   1.47e+05
     2.176  1.425e+05
     2.188  8.334e+04
     2.199  9.799e+04
      2.21  9.634e+04
      2.22  6.645e+04
     2.231  4.675e+04
     2.241  3.979e+04
     2.251  6.212e+04
      2.26  1.031e+05
      2.27  3.475e+04
     2.279  2.971e+04
     2.288  2.639e+04
     2.297  1.027e+04
     2.306  2.793e+04
     2.314  1.472e+04
     2.322  1.062e+04
     2.331  2.348e+04
     2.339  1.582e+04
     2.347  1.007e+04
     2.354       6315
     2.362  2.682e+04
     2.369       5884
     2.377  1.434e+04
     2.384  1.743e+04
     2.391  2.334e+04
     2.398  1.703e+04
     2.405  1.623e+04
     2.412  1.108e+04
     2.418          0
     2.425       8343
     2.432       5292
     2.438       2440
     2.444          0
      2.45          0
     2.457          0
     2.463          0
     2.469          0
     2.474          0
      2.48       4488
     2.486          0
     2.492          0
     2.497          0
     2.503          0
     2.508          0
     2.513          0
     2.519          0
     2.524          0
     2.529          0
     2.534          0
     2.539          0
     2.544          0
