    0.7783  9.116e+08
         1   3.16e+08
     1.146  1.744e+08
     1.255  1.119e+08
     1.343  7.859e+07
     1.415  5.852e+07
     1.477   4.52e+07
     1.532  3.622e+07
      1.58  2.985e+07
     1.623  2.502e+07
     1.663   2.14e+07
     1.699  1.859e+07
     1.733  1.627e+07
     1.764  1.433e+07
     1.793  1.268e+07
      1.82  1.132e+07
     1.845  1.014e+07
     1.869  9.159e+06
     1.892  8.327e+06
     1.914  7.604e+06
     1.935  6.984e+06
     1.954  6.419e+06
     1.973  5.928e+06
     1.991  5.489e+06
     2.009  5.097e+06
     2.025  4.745e+06
     2.042  4.433e+06
     2.057  4.153e+06
     2.072  3.911e+06
     2.087  3.686e+06
     2.101  3.475e+06
     2.114  3.279e+06
     2.127  3.106e+06
      2.14   2.94e+06
     2.152  2.782e+06
     2.165  2.637e+06
     2.176  2.504e+06
     2.188  2.379e+06
     2.199  2.263e+06
      2.21  2.156e+06
      2.22  2.056e+06
     2.231  1.961e+06
     2.241  1.873e+06
     2.251  1.791e+06
      2.26  1.717e+06
      2.27  1.645e+06
     2.279  1.577e+06
     2.288  1.513e+06
     2.297  1.452e+06
     2.306  1.396e+06
     2.314  1.342e+06
     2.322  1.291e+06
     2.331  1.244e+06
     2.339  1.199e+06
     2.347  1.156e+06
     2.354  1.115e+06
     2.362  1.078e+06
     2.369  1.041e+06
     2.377  1.006e+06
     2.384  9.737e+05
     2.391  9.428e+05
     2.398  9.132e+05
     2.405  8.849e+05
     2.412  8.579e+05
     2.418  8.317e+05
     2.425  8.069e+05
     2.432  7.832e+05
     2.438  7.604e+05
     2.444  7.385e+05
      2.45  7.175e+05
     2.457  6.975e+05
     2.463  6.782e+05
     2.469  6.598e+05
     2.474  6.421e+05
      2.48  6.252e+05
     2.486  6.088e+05
     2.492  5.931e+05
     2.497   5.78e+05
     2.503  5.635e+05
     2.508  5.495e+05
     2.513   5.36e+05
     2.519   5.23e+05
     2.524  5.105e+05
     2.529  4.984e+05
     2.534  4.867e+05
     2.539  4.755e+05
     2.544  4.646e+05
