     2.001       18.4
     6.003      19.95
        10      20.66
     14.01      21.07
     18.01      21.53
     22.01      21.94
     26.01      22.48
     30.01      23.14
     34.01      23.31
     38.02      23.72
     42.02       23.9
     46.02      24.38
     50.02      24.66
     54.02      24.87
     58.03      26.29
     62.03      27.23
     66.03      28.68
     70.03      28.55
     74.03      27.86
     78.03      29.65
     82.04       29.9
     86.04      29.88
     90.04      30.76
     94.04      31.14
     98.04      31.06
       102      31.87
       106      31.99
       110      32.12
       114      31.77
     118.1      31.76
     122.1      32.31
     126.1      32.54
     130.1      32.64
     134.1      32.96
     138.1      33.35
     142.1      33.61
     146.1      33.99
     150.1      33.96
     154.1      34.12
     158.1      34.05
     162.1       34.6
     166.1      34.85
     170.1      34.87
     174.1      34.64
     178.1      34.95
     182.1      34.98
     186.1      34.94
     190.1      35.08
     194.1      35.13
     198.1       35.1
     202.1      35.21
     206.1      35.25
     210.1      35.16
     214.1      35.23
     218.1      35.31
     222.1      35.37
     226.1      35.19
     230.1      35.23
     234.1       35.3
     238.1      35.15
     242.1      35.24
     246.1      35.13
     250.1      35.21
     254.1      35.16
     258.1      35.31
     262.1      35.39
     266.1      35.32
     270.1      35.37
     274.1      35.51
     278.1      35.52
     282.1      35.52
     286.1      35.52
     290.1      35.52
     294.1       35.5
     298.1      35.25
     302.1      35.43
     306.1      35.52
     310.1      35.52
     314.1      35.52
     318.1      35.52
     322.1      35.52
     326.1      35.52
     330.1      35.52
     334.1      35.52
     338.1      35.52
     342.1      35.52
     346.2      35.52
     350.2      35.52
