     6.002  8.607e+08
        10  3.662e+08
     14.01  2.325e+08
     18.01   1.66e+08
     22.01   1.26e+08
     26.01  1.006e+08
     30.01  8.364e+07
     34.01  7.104e+07
     38.02  6.092e+07
     42.02  5.363e+07
     46.02  4.792e+07
     50.02  4.323e+07
     54.02  3.885e+07
     58.02  3.487e+07
     62.02  3.156e+07
     66.03  2.868e+07
     70.03  2.618e+07
     74.03  2.405e+07
     78.03  2.221e+07
     82.03  2.056e+07
     86.03  1.912e+07
     90.04  1.782e+07
     94.04  1.665e+07
     98.04  1.562e+07
       102  1.472e+07
       106  1.389e+07
       110  1.313e+07
       114  1.242e+07
       118  1.178e+07
       122  1.121e+07
       126  1.067e+07
     130.1  1.018e+07
     134.1   9.72e+06
     138.1   9.29e+06
     142.1  8.886e+06
     146.1  8.503e+06
     150.1  8.148e+06
     154.1  7.809e+06
     158.1  7.492e+06
     162.1  7.191e+06
     166.1  6.911e+06
     170.1   6.65e+06
     174.1  6.408e+06
     178.1  6.175e+06
     182.1  5.959e+06
     186.1   5.76e+06
     190.1  5.573e+06
     194.1  5.401e+06
     198.1  5.225e+06
     202.1  5.055e+06
     206.1  4.904e+06
     210.1  4.752e+06
     214.1  4.607e+06
     218.1  4.473e+06
     222.1  4.349e+06
     226.1  4.231e+06
     230.1  4.111e+06
     234.1  3.996e+06
     238.1  3.887e+06
     242.1  3.781e+06
     246.1   3.68e+06
     250.1  3.579e+06
     254.1  3.479e+06
     258.1  3.382e+06
     262.1  3.289e+06
     266.1  3.199e+06
     270.1   3.11e+06
     274.1  3.024e+06
     278.1  2.942e+06
     282.1  2.862e+06
     286.1  2.786e+06
     290.1  2.712e+06
     294.1  2.641e+06
     298.1  2.572e+06
     302.1  2.506e+06
     306.1  2.443e+06
     310.1  2.381e+06
     314.1  2.322e+06
     318.1  2.265e+06
     322.1   2.21e+06
     326.1  2.156e+06
     330.1  2.105e+06
     334.1  2.055e+06
     338.1  2.007e+06
     342.1  1.961e+06
     346.1  1.915e+06
     350.1  1.872e+06
