     6.002  6.408e+08
        10  2.013e+08
     14.01  1.256e+08
     18.01  8.048e+07
     22.01  5.489e+07
     26.01  4.269e+07
     30.01  3.682e+07
     34.01  2.989e+07
     38.02  2.282e+07
     42.02  2.253e+07
     46.02  2.075e+07
     50.02  1.854e+07
     54.02  1.365e+07
     58.02   9.94e+06
     62.02  9.161e+06
     66.03  7.798e+06
     70.03  6.816e+06
     74.03   6.41e+06
     78.03  6.115e+06
     82.03   5.28e+06
     86.03   5.04e+06
     90.04  4.566e+06
     94.04   4.06e+06
     98.04  3.938e+06
       102  4.151e+06
       106  3.813e+06
       110  3.331e+06
       114  3.125e+06
       118  2.927e+06
       122  3.081e+06
       126  2.665e+06
     130.1  2.726e+06
     134.1   2.49e+06
     138.1  2.299e+06
     142.1  2.114e+06
     146.1  1.889e+06
     150.1  1.847e+06
     154.1   1.63e+06
     158.1  1.536e+06
     162.1  1.403e+06
     166.1  1.381e+06
     170.1  1.357e+06
     174.1  1.389e+06
     178.1  1.233e+06
     182.1  1.255e+06
     186.1  1.316e+06
     190.1  1.334e+06
     194.1  1.386e+06
     198.1  1.058e+06
     202.1  9.405e+05
     206.1  1.142e+06
     210.1  9.138e+05
     214.1   8.72e+05
     218.1  9.646e+05
     222.1  1.028e+06
     226.1  1.019e+06
     230.1  7.842e+05
     234.1  7.547e+05
     238.1  7.348e+05
     242.1  6.997e+05
     246.1   6.63e+05
     250.1  5.241e+05
     254.1  4.183e+05
     258.1  3.506e+05
     262.1  3.325e+05
     266.1  2.722e+05
     270.1  1.982e+05
     274.1  1.658e+05
     278.1  1.761e+05
     282.1  1.447e+05
     286.1  1.415e+05
     290.1  1.062e+05
     294.1  8.507e+04
     298.1  8.417e+04
     302.1  8.483e+04
     306.1  6.489e+04
     310.1  6.979e+04
     314.1  4.888e+04
     318.1  5.141e+04
     322.1  5.102e+04
     326.1  3.579e+04
     330.1  3.631e+04
     334.1  3.475e+04
     338.1   2.08e+04
     342.1  1.385e+04
     346.1       1771
     350.1       1979
