    0.7783  8.607e+08
         1  3.662e+08
     1.146  2.325e+08
     1.255   1.66e+08
     1.343   1.26e+08
     1.415  1.006e+08
     1.477  8.364e+07
     1.532  7.104e+07
      1.58  6.092e+07
     1.623  5.363e+07
     1.663  4.792e+07
     1.699  4.323e+07
     1.733  3.885e+07
     1.764  3.487e+07
     1.793  3.156e+07
      1.82  2.868e+07
     1.845  2.618e+07
     1.869  2.405e+07
     1.892  2.221e+07
     1.914  2.056e+07
     1.935  1.912e+07
     1.954  1.782e+07
     1.973  1.665e+07
     1.991  1.562e+07
     2.009  1.472e+07
     2.025  1.389e+07
     2.042  1.313e+07
     2.057  1.242e+07
     2.072  1.178e+07
     2.087  1.121e+07
     2.101  1.067e+07
     2.114  1.018e+07
     2.127   9.72e+06
      2.14   9.29e+06
     2.152  8.886e+06
     2.165  8.503e+06
     2.176  8.148e+06
     2.188  7.809e+06
     2.199  7.492e+06
      2.21  7.191e+06
      2.22  6.911e+06
     2.231   6.65e+06
     2.241  6.408e+06
     2.251  6.175e+06
      2.26  5.959e+06
      2.27   5.76e+06
     2.279  5.573e+06
     2.288  5.401e+06
     2.297  5.225e+06
     2.306  5.055e+06
     2.314  4.904e+06
     2.322  4.752e+06
     2.331  4.607e+06
     2.339  4.473e+06
     2.347  4.349e+06
     2.354  4.231e+06
     2.362  4.111e+06
     2.369  3.996e+06
     2.377  3.887e+06
     2.384  3.781e+06
     2.391   3.68e+06
     2.398  3.579e+06
     2.405  3.479e+06
     2.412  3.382e+06
     2.418  3.289e+06
     2.425  3.199e+06
     2.432   3.11e+06
     2.438  3.024e+06
     2.444  2.942e+06
      2.45  2.862e+06
     2.457  2.786e+06
     2.463  2.712e+06
     2.469  2.641e+06
     2.474  2.572e+06
      2.48  2.506e+06
     2.486  2.443e+06
     2.492  2.381e+06
     2.497  2.322e+06
     2.503  2.265e+06
     2.508   2.21e+06
     2.513  2.156e+06
     2.519  2.105e+06
     2.524  2.055e+06
     2.529  2.007e+06
     2.534  1.961e+06
     2.539  1.915e+06
     2.544  1.872e+06
