    0.7783  6.408e+08
         1  2.013e+08
     1.146  1.256e+08
     1.255  8.048e+07
     1.343  5.489e+07
     1.415  4.269e+07
     1.477  3.682e+07
     1.532  2.989e+07
      1.58  2.282e+07
     1.623  2.253e+07
     1.663  2.075e+07
     1.699  1.854e+07
     1.733  1.365e+07
     1.764   9.94e+06
     1.793  9.161e+06
      1.82  7.798e+06
     1.845  6.816e+06
     1.869   6.41e+06
     1.892  6.115e+06
     1.914   5.28e+06
     1.935   5.04e+06
     1.954  4.566e+06
     1.973   4.06e+06
     1.991  3.938e+06
     2.009  4.151e+06
     2.025  3.813e+06
     2.042  3.331e+06
     2.057  3.125e+06
     2.072  2.927e+06
     2.087  3.081e+06
     2.101  2.665e+06
     2.114  2.726e+06
     2.127   2.49e+06
      2.14  2.299e+06
     2.152  2.114e+06
     2.165  1.889e+06
     2.176  1.847e+06
     2.188   1.63e+06
     2.199  1.536e+06
      2.21  1.403e+06
      2.22  1.381e+06
     2.231  1.357e+06
     2.241  1.389e+06
     2.251  1.233e+06
      2.26  1.255e+06
      2.27  1.316e+06
     2.279  1.334e+06
     2.288  1.386e+06
     2.297  1.058e+06
     2.306  9.405e+05
     2.314  1.142e+06
     2.322  9.138e+05
     2.331   8.72e+05
     2.339  9.646e+05
     2.347  1.028e+06
     2.354  1.019e+06
     2.362  7.842e+05
     2.369  7.547e+05
     2.377  7.348e+05
     2.384  6.997e+05
     2.391   6.63e+05
     2.398  5.241e+05
     2.405  4.183e+05
     2.412  3.506e+05
     2.418  3.325e+05
     2.425  2.722e+05
     2.432  1.982e+05
     2.438  1.658e+05
     2.444  1.761e+05
      2.45  1.447e+05
     2.457  1.415e+05
     2.463  1.062e+05
     2.469  8.507e+04
     2.474  8.417e+04
      2.48  8.483e+04
     2.486  6.489e+04
     2.492  6.979e+04
     2.497  4.888e+04
     2.503  5.141e+04
     2.508  5.102e+04
     2.513  3.579e+04
     2.519  3.631e+04
     2.524  3.475e+04
     2.529   2.08e+04
     2.534  1.385e+04
     2.539       1771
     2.544       1979
