     2.001      19.48
     6.002      20.33
        10      20.74
     14.01      20.99
     18.01      21.28
     22.01      21.55
     26.01      21.59
     30.01      21.73
     34.01       22.1
     38.02      22.29
     42.02      22.41
     46.02      22.63
     50.02      22.83
     54.02      23.18
     58.02      23.35
     62.02      23.45
     66.03      23.61
     70.03      23.73
     74.03      23.86
     78.03      24.01
     82.03      24.04
     86.03      24.26
     90.04      24.46
     94.04      24.61
     98.04      24.48
       102      24.67
       106       24.9
       110         25
       114      25.19
       118      25.29
       122       25.2
       126      25.62
     130.1       25.8
     134.1      26.11
     138.1      26.42
     142.1      26.83
     146.1      26.57
     150.1      26.59
     154.1      26.84
     158.1      27.19
     162.1      27.17
     166.1      27.37
     170.1      27.46
     174.1      27.42
     178.1      27.85
     182.1      27.88
     186.1      28.05
     190.1      27.83
     194.1      28.21
     198.1      28.47
     202.1      28.65
     206.1      28.38
     210.1      28.96
     214.1      29.16
     218.1      29.03
     222.1      29.38
     226.1      29.52
     230.1       29.8
     234.1      29.95
     238.1      29.96
     242.1      30.26
     246.1      30.35
     250.1      30.32
     254.1      30.34
     258.1      30.28
     262.1      30.31
     266.1      30.55
     270.1      31.38
     274.1      31.14
     278.1      30.51
     282.1      30.89
     286.1      31.05
     290.1      31.63
     294.1      31.29
     298.1      31.23
     302.1       31.7
     306.1      31.11
     310.1      31.68
     314.1      31.84
     318.1       31.9
     322.1      32.31
     326.1      31.44
     330.1      31.69
     334.1      30.99
     338.1      31.47
     342.1      32.71
     346.1      34.82
     350.1      35.28
