     6.002  7.488e+08
        10  3.197e+08
        14  1.718e+08
        18  1.137e+08
     22.01   8.43e+07
     26.01  6.294e+07
     30.01  5.044e+07
     34.01  4.289e+07
     38.01  3.679e+07
     42.01  3.308e+07
     46.01  3.033e+07
     50.01  2.855e+07
     54.01  2.777e+07
     58.02  2.607e+07
     62.02  2.451e+07
     66.02  2.202e+07
     70.02   1.99e+07
     74.02  1.899e+07
     78.02  1.628e+07
     82.02  1.474e+07
     86.02   1.46e+07
     90.02  1.314e+07
     94.03  1.209e+07
     98.03  1.216e+07
       102  1.197e+07
       106    1.1e+07
       110  9.737e+06
       114  9.923e+06
       118  9.637e+06
       122  9.272e+06
       126  8.903e+06
       130  7.985e+06
       134  8.099e+06
       138  6.885e+06
       142  6.501e+06
       146  6.822e+06
       150  6.473e+06
       154  5.666e+06
       158  5.817e+06
       162  5.537e+06
       166  5.486e+06
       170  5.114e+06
       174  5.002e+06
       178  4.654e+06
     182.1  4.455e+06
     186.1  4.413e+06
     190.1  4.087e+06
     194.1  3.831e+06
     198.1  3.422e+06
     202.1  3.363e+06
     206.1  3.164e+06
     210.1  2.948e+06
     214.1  2.739e+06
     218.1  2.849e+06
     222.1  2.681e+06
     226.1  2.414e+06
     230.1  2.567e+06
     234.1  2.566e+06
     238.1  2.186e+06
     242.1  2.186e+06
     246.1  1.972e+06
     250.1  2.214e+06
     254.1  1.699e+06
     258.1  1.386e+06
     262.1   1.08e+06
     266.1   9.28e+05
     270.1  7.769e+05
     274.1  8.146e+05
     278.1  6.852e+05
     282.1  6.583e+05
     286.1  4.996e+05
     290.1  5.066e+05
     294.1  4.172e+05
     298.1  3.883e+05
     302.1  3.139e+05
     306.1  2.267e+05
     310.1  2.347e+05
     314.1  2.085e+05
     318.1  1.556e+05
     322.1  1.267e+05
     326.1  1.135e+05
     330.1  9.554e+04
     334.1  7.488e+04
     338.1  6.963e+04
     342.1  5.884e+04
     346.1  2.471e+04
     350.1  1.761e+04
