     6.002  9.144e+08
        10  4.684e+08
        14  3.036e+08
        18  2.205e+08
     22.01  1.715e+08
     26.01  1.383e+08
     30.01   1.15e+08
     34.01   9.81e+07
     38.01  8.523e+07
     42.01  7.532e+07
     46.01  6.751e+07
     50.01  6.129e+07
     54.01  5.633e+07
     58.02  5.216e+07
     62.02   4.86e+07
     66.02  4.538e+07
     70.02  4.247e+07
     74.02  3.994e+07
     78.02  3.751e+07
     82.02  3.529e+07
     86.02  3.337e+07
     90.02  3.157e+07
     94.03  2.991e+07
     98.03  2.846e+07
       102  2.717e+07
       106  2.595e+07
       110  2.477e+07
       114  2.373e+07
       118  2.277e+07
       122  2.189e+07
       126  2.107e+07
       130  2.026e+07
       134  1.953e+07
       138   1.88e+07
       142  1.811e+07
       146  1.749e+07
       150   1.69e+07
       154  1.632e+07
       158  1.579e+07
       162  1.528e+07
       166  1.481e+07
       170  1.435e+07
       174  1.392e+07
       178  1.351e+07
     182.1  1.311e+07
     186.1  1.273e+07
     190.1  1.237e+07
     194.1  1.202e+07
     198.1  1.167e+07
     202.1  1.134e+07
     206.1  1.102e+07
     210.1  1.072e+07
     214.1  1.042e+07
     218.1  1.014e+07
     222.1  9.872e+06
     226.1  9.608e+06
     230.1  9.364e+06
     234.1  9.131e+06
     238.1  8.898e+06
     242.1  8.676e+06
     246.1  8.458e+06
     250.1  8.258e+06
     254.1  8.051e+06
     258.1  7.845e+06
     262.1  7.638e+06
     266.1  7.436e+06
     270.1  7.239e+06
     274.1  7.052e+06
     278.1  6.868e+06
     282.1  6.692e+06
     286.1  6.519e+06
     290.1  6.353e+06
     294.1  6.192e+06
     298.1  6.036e+06
     302.1  5.884e+06
     306.1  5.736e+06
     310.1  5.594e+06
     314.1  5.457e+06
     318.1  5.324e+06
     322.1  5.195e+06
     326.1   5.07e+06
     330.1  4.949e+06
     334.1  4.833e+06
     338.1   4.72e+06
     342.1  4.611e+06
     346.1  4.505e+06
     350.1  4.402e+06
