    0.7783  9.144e+08
         1  4.684e+08
     1.146  3.036e+08
     1.255  2.205e+08
     1.343  1.715e+08
     1.415  1.383e+08
     1.477   1.15e+08
     1.532   9.81e+07
      1.58  8.523e+07
     1.623  7.532e+07
     1.663  6.751e+07
     1.699  6.129e+07
     1.733  5.633e+07
     1.764  5.216e+07
     1.793   4.86e+07
      1.82  4.538e+07
     1.845  4.247e+07
     1.869  3.994e+07
     1.892  3.751e+07
     1.914  3.529e+07
     1.935  3.337e+07
     1.954  3.157e+07
     1.973  2.991e+07
     1.991  2.846e+07
     2.009  2.717e+07
     2.025  2.595e+07
     2.042  2.477e+07
     2.057  2.373e+07
     2.072  2.277e+07
     2.086  2.189e+07
       2.1  2.107e+07
     2.114  2.026e+07
     2.127  1.953e+07
      2.14   1.88e+07
     2.152  1.811e+07
     2.164  1.749e+07
     2.176   1.69e+07
     2.188  1.632e+07
     2.199  1.579e+07
      2.21  1.528e+07
      2.22  1.481e+07
     2.231  1.435e+07
     2.241  1.392e+07
     2.251  1.351e+07
      2.26  1.311e+07
      2.27  1.273e+07
     2.279  1.237e+07
     2.288  1.202e+07
     2.297  1.167e+07
     2.305  1.134e+07
     2.314  1.102e+07
     2.322  1.072e+07
     2.331  1.042e+07
     2.339  1.014e+07
     2.346  9.872e+06
     2.354  9.608e+06
     2.362  9.364e+06
     2.369  9.131e+06
     2.377  8.898e+06
     2.384  8.676e+06
     2.391  8.458e+06
     2.398  8.258e+06
     2.405  8.051e+06
     2.412  7.845e+06
     2.418  7.638e+06
     2.425  7.436e+06
     2.431  7.239e+06
     2.438  7.052e+06
     2.444  6.868e+06
      2.45  6.692e+06
     2.456  6.519e+06
     2.463  6.353e+06
     2.468  6.192e+06
     2.474  6.036e+06
      2.48  5.884e+06
     2.486  5.736e+06
     2.491  5.594e+06
     2.497  5.457e+06
     2.503  5.324e+06
     2.508  5.195e+06
     2.513   5.07e+06
     2.519  4.949e+06
     2.524  4.833e+06
     2.529   4.72e+06
     2.534  4.611e+06
     2.539  4.505e+06
     2.544  4.402e+06
