    0.7783  7.488e+08
         1  3.197e+08
     1.146  1.718e+08
     1.255  1.137e+08
     1.343   8.43e+07
     1.415  6.294e+07
     1.477  5.044e+07
     1.532  4.289e+07
      1.58  3.679e+07
     1.623  3.308e+07
     1.663  3.033e+07
     1.699  2.855e+07
     1.733  2.777e+07
     1.764  2.607e+07
     1.793  2.451e+07
      1.82  2.202e+07
     1.845   1.99e+07
     1.869  1.899e+07
     1.892  1.628e+07
     1.914  1.474e+07
     1.935   1.46e+07
     1.954  1.314e+07
     1.973  1.209e+07
     1.991  1.216e+07
     2.009  1.197e+07
     2.025    1.1e+07
     2.042  9.737e+06
     2.057  9.923e+06
     2.072  9.637e+06
     2.086  9.272e+06
       2.1  8.903e+06
     2.114  7.985e+06
     2.127  8.099e+06
      2.14  6.885e+06
     2.152  6.501e+06
     2.164  6.822e+06
     2.176  6.473e+06
     2.188  5.666e+06
     2.199  5.817e+06
      2.21  5.537e+06
      2.22  5.486e+06
     2.231  5.114e+06
     2.241  5.002e+06
     2.251  4.654e+06
      2.26  4.455e+06
      2.27  4.413e+06
     2.279  4.087e+06
     2.288  3.831e+06
     2.297  3.422e+06
     2.305  3.363e+06
     2.314  3.164e+06
     2.322  2.948e+06
     2.331  2.739e+06
     2.339  2.849e+06
     2.346  2.681e+06
     2.354  2.414e+06
     2.362  2.567e+06
     2.369  2.566e+06
     2.377  2.186e+06
     2.384  2.186e+06
     2.391  1.972e+06
     2.398  2.214e+06
     2.405  1.699e+06
     2.412  1.386e+06
     2.418   1.08e+06
     2.425   9.28e+05
     2.431  7.769e+05
     2.438  8.146e+05
     2.444  6.852e+05
      2.45  6.583e+05
     2.456  4.996e+05
     2.463  5.066e+05
     2.468  4.172e+05
     2.474  3.883e+05
      2.48  3.139e+05
     2.486  2.267e+05
     2.491  2.347e+05
     2.497  2.085e+05
     2.503  1.556e+05
     2.508  1.267e+05
     2.513  1.135e+05
     2.519  9.554e+04
     2.524  7.488e+04
     2.529  6.963e+04
     2.534  5.884e+04
     2.539  2.471e+04
     2.544  1.761e+04
