     2.001      20.48
     6.002      20.75
        10      21.22
        14      21.62
        18      21.86
     22.01      22.09
     26.01      22.29
     30.01       22.4
     34.01      22.42
     38.01      22.63
     42.01      22.79
     46.01       22.8
     50.01      22.91
     54.01         23
     58.02      23.04
     62.02      22.98
     66.02      23.09
     70.02      23.18
     74.02      23.34
     78.02      23.51
     82.02       23.7
     86.02      23.71
     90.02      23.92
     94.03      24.06
     98.03      24.07
       102      24.06
       106      24.21
       110      24.28
       114      24.36
       118       24.5
       122      24.56
       126       24.7
       130      24.76
       134      24.82
       138      24.98
       142      25.06
       146      25.23
       150      25.22
       154      25.42
       158      25.39
       162      25.36
       166      25.49
       170      25.72
       174      25.78
       178      25.86
     182.1      25.82
     186.1      25.84
     190.1      25.89
     194.1      25.94
     198.1      26.07
     202.1      26.05
     206.1      26.24
     210.1      26.21
     214.1      26.48
     218.1      26.57
     222.1      26.98
     226.1      26.99
     230.1      26.81
     234.1      26.95
     238.1      27.14
     242.1      27.18
     246.1      27.34
     250.1      27.53
     254.1      27.65
     258.1      27.94
     262.1      28.01
     266.1       28.2
     270.1      27.87
     274.1      27.66
     278.1      28.37
     282.1      28.68
     286.1      28.82
     290.1      28.43
     294.1      28.93
     298.1      28.91
     302.1       29.1
     306.1      28.62
     310.1      28.85
     314.1      29.11
     318.1      30.11
     322.1      30.02
     326.1      28.61
     330.1      28.94
     334.1      28.55
     338.1      28.93
     342.1      28.87
     346.1      30.05
     350.1      32.57
