     6.063  8.865e+08
     10.11  2.814e+08
     14.15  1.486e+08
     18.19  9.602e+07
     22.23  6.699e+07
     26.27  4.991e+07
     30.32  3.851e+07
     34.36  3.049e+07
      38.4  2.471e+07
     42.44  2.042e+07
     46.48  1.722e+07
     50.53  1.469e+07
     54.57  1.264e+07
     58.61  1.102e+07
     62.65  9.693e+06
     66.69  8.596e+06
     70.74  7.679e+06
     74.78  6.907e+06
     78.82  6.243e+06
     82.86  5.671e+06
      86.9  5.174e+06
     90.95  4.727e+06
     94.99  4.343e+06
     99.03  4.006e+06
     103.1  3.706e+06
     107.1  3.443e+06
     111.2  3.201e+06
     115.2  2.989e+06
     119.2  2.792e+06
     123.3  2.616e+06
     127.3  2.452e+06
     131.4  2.304e+06
     135.4  2.172e+06
     139.5   2.05e+06
     143.5  1.937e+06
     147.5  1.835e+06
     151.6   1.74e+06
     155.6  1.654e+06
     159.7  1.572e+06
     163.7  1.497e+06
     167.7  1.426e+06
     171.8   1.36e+06
     175.8  1.297e+06
     179.9   1.24e+06
     183.9  1.186e+06
       188  1.136e+06
       192  1.088e+06
       196  1.043e+06
     200.1  1.002e+06
     204.1  9.619e+05
     208.2  9.245e+05
     212.2  8.894e+05
     216.3  8.562e+05
     220.3  8.248e+05
     224.3  7.951e+05
     228.4  7.671e+05
     232.4  7.406e+05
     236.5  7.157e+05
     240.5  6.919e+05
     244.5  6.691e+05
     248.6  6.477e+05
     252.6  6.271e+05
     256.7  6.073e+05
     260.7  5.886e+05
     264.8  5.706e+05
     268.8  5.536e+05
     272.8  5.372e+05
     276.9  5.215e+05
     280.9  5.065e+05
       285  4.921e+05
       289  4.784e+05
     293.1  4.652e+05
     297.1  4.525e+05
     301.1  4.404e+05
     305.2  4.287e+05
     309.2  4.175e+05
     313.3  4.067e+05
     317.3  3.964e+05
     321.3  3.864e+05
     325.4  3.768e+05
     329.4  3.676e+05
     333.5  3.586e+05
     337.5  3.501e+05
     341.6  3.418e+05
     345.6  3.338e+05
     349.6  3.261e+05
