     6.063  4.132e+08
     10.11  7.966e+07
     14.15  4.246e+07
     18.19  2.838e+07
     22.23  1.538e+07
     26.27   1.11e+07
     30.32  6.945e+06
     34.36  4.286e+06
      38.4  2.942e+06
     42.44   2.13e+06
     46.48  1.959e+06
     50.53  1.395e+06
     54.57  8.563e+05
     58.61  8.478e+05
     62.65  7.406e+05
     66.69  6.346e+05
     70.74  5.676e+05
     74.78  5.327e+05
     78.82  4.213e+05
     82.86  3.826e+05
      86.9   3.22e+05
     90.95  1.388e+05
     94.99  2.128e+05
     99.03  2.135e+05
     103.1  1.851e+05
     107.1  2.237e+05
     111.2  1.132e+05
     115.2  1.775e+05
     119.2   8.19e+04
     123.3  1.019e+05
     127.3   3.94e+04
     131.4  4.328e+04
     135.4  8.767e+04
     139.5  6.695e+04
     143.5  4.039e+04
     147.5  8.629e+04
     151.6  5.302e+04
     155.6  7.844e+04
     159.7  3.994e+04
     163.7  5.171e+04
     167.7  2.874e+04
     171.8  1.207e+04
     175.8       4178
     179.9       7973
     183.9  1.319e+04
       188  2.116e+04
       192       8106
       196          0
     200.1  1.133e+04
     204.1          0
     208.2          0
     212.2       3585
     216.3          0
     220.3          0
     224.3          0
     228.4       6247
     232.4       3542
     236.5  1.176e+04
     240.5       8892
     244.5       2991
     248.6       9498
     252.6       3899
     256.7          0
     260.7       2545
     264.8          0
     268.8       4978
     272.8          0
     276.9          0
     280.9          0
       285          0
       289          0
     293.1          0
     297.1          0
     301.1          0
     305.2          0
     309.2          0
     313.3          0
     317.3          0
     321.3          0
     325.4          0
     329.4          0
     333.5          0
     337.5          0
     341.6          0
     345.6          0
     349.6          0
