    0.7827  8.865e+08
     1.005  2.814e+08
     1.151  1.486e+08
      1.26  9.602e+07
     1.347  6.699e+07
      1.42  4.991e+07
     1.482  3.851e+07
     1.536  3.049e+07
     1.584  2.471e+07
     1.628  2.042e+07
     1.667  1.722e+07
     1.704  1.469e+07
     1.737  1.264e+07
     1.768  1.102e+07
     1.797  9.693e+06
     1.824  8.596e+06
      1.85  7.679e+06
     1.874  6.907e+06
     1.897  6.243e+06
     1.918  5.671e+06
     1.939  5.174e+06
     1.959  4.727e+06
     1.978  4.343e+06
     1.996  4.006e+06
     2.013  3.706e+06
      2.03  3.443e+06
     2.046  3.201e+06
     2.061  2.989e+06
     2.076  2.792e+06
     2.091  2.616e+06
     2.105  2.452e+06
     2.118  2.304e+06
     2.132  2.172e+06
     2.144   2.05e+06
     2.157  1.937e+06
     2.169  1.835e+06
     2.181   1.74e+06
     2.192  1.654e+06
     2.203  1.572e+06
     2.214  1.497e+06
     2.225  1.426e+06
     2.235   1.36e+06
     2.245  1.297e+06
     2.255   1.24e+06
     2.265  1.186e+06
     2.274  1.136e+06
     2.283  1.088e+06
     2.292  1.043e+06
     2.301  1.002e+06
      2.31  9.619e+05
     2.318  9.245e+05
     2.327  8.894e+05
     2.335  8.562e+05
     2.343  8.248e+05
     2.351  7.951e+05
     2.359  7.671e+05
     2.366  7.406e+05
     2.374  7.157e+05
     2.381  6.919e+05
     2.388  6.691e+05
     2.395  6.477e+05
     2.402  6.271e+05
     2.409  6.073e+05
     2.416  5.886e+05
     2.423  5.706e+05
     2.429  5.536e+05
     2.436  5.372e+05
     2.442  5.215e+05
     2.449  5.065e+05
     2.455  4.921e+05
     2.461  4.784e+05
     2.467  4.652e+05
     2.473  4.525e+05
     2.479  4.404e+05
     2.485  4.287e+05
      2.49  4.175e+05
     2.496  4.067e+05
     2.501  3.964e+05
     2.507  3.864e+05
     2.512  3.768e+05
     2.518  3.676e+05
     2.523  3.586e+05
     2.528  3.501e+05
     2.533  3.418e+05
     2.539  3.338e+05
     2.544  3.261e+05
