    0.7827  4.132e+08
     1.005  7.966e+07
     1.151  4.246e+07
      1.26  2.838e+07
     1.347  1.538e+07
      1.42   1.11e+07
     1.482  6.945e+06
     1.536  4.286e+06
     1.584  2.942e+06
     1.628   2.13e+06
     1.667  1.959e+06
     1.704  1.395e+06
     1.737  8.563e+05
     1.768  8.478e+05
     1.797  7.406e+05
     1.824  6.346e+05
      1.85  5.676e+05
     1.874  5.327e+05
     1.897  4.213e+05
     1.918  3.826e+05
     1.939   3.22e+05
     1.959  1.388e+05
     1.978  2.128e+05
     1.996  2.135e+05
     2.013  1.851e+05
      2.03  2.237e+05
     2.046  1.132e+05
     2.061  1.775e+05
     2.076   8.19e+04
     2.091  1.019e+05
     2.105   3.94e+04
     2.118  4.328e+04
     2.132  8.767e+04
     2.144  6.695e+04
     2.157  4.039e+04
     2.169  8.629e+04
     2.181  5.302e+04
     2.192  7.844e+04
     2.203  3.994e+04
     2.214  5.171e+04
     2.225  2.874e+04
     2.235  1.207e+04
     2.245       4178
     2.255       7973
     2.265  1.319e+04
     2.274  2.116e+04
     2.283       8106
     2.292          0
     2.301  1.133e+04
      2.31          0
     2.318          0
     2.327       3585
     2.335          0
     2.343          0
     2.351          0
     2.359       6247
     2.366       3542
     2.374  1.176e+04
     2.381       8892
     2.388       2991
     2.395       9498
     2.402       3899
     2.409          0
     2.416       2545
     2.423          0
     2.429       4978
     2.436          0
     2.442          0
     2.449          0
     2.455          0
     2.461          0
     2.467          0
     2.473          0
     2.479          0
     2.485          0
      2.49          0
     2.496          0
     2.501          0
     2.507          0
     2.512          0
     2.518          0
     2.523          0
     2.528          0
     2.533          0
     2.539          0
     2.544          0
