     2.021      17.81
     6.063      19.62
     10.11      20.51
     14.15      20.86
     18.19      21.23
     22.23      21.72
     26.27      22.34
     30.32      23.09
     34.36      24.01
      38.4      25.07
     42.44      25.67
     46.48      26.67
     50.53      28.41
     54.57      28.31
     58.61       28.9
     62.65      29.05
     66.69      29.78
     70.74      29.53
     74.78      29.62
     78.82      30.93
     82.86      31.57
      86.9      32.35
     90.95      32.92
     94.99      33.44
     99.03      33.58
     103.1      33.39
     107.1      33.94
     111.2      33.89
     115.2      34.04
     119.2      34.29
     123.3      34.63
     127.3      34.87
     131.4      34.62
     135.4      34.49
     139.5      34.78
     143.5      34.63
     147.5      34.63
     151.6       34.9
     155.6      34.96
     159.7      34.92
     163.7      34.94
     167.7      35.13
     171.8      35.37
     175.8      35.43
     179.9      35.32
     183.9      35.26
       188      35.21
       192      35.45
       196      35.46
     200.1      35.45
     204.1      35.52
     208.2      35.49
     212.2      35.46
     216.3      35.52
     220.3      35.52
     224.3      35.47
     228.4      35.44
     232.4      35.38
     236.5      35.39
     240.5       35.4
     244.5      35.44
     248.6      35.39
     252.6      35.49
     256.7       35.5
     260.7      35.44
     264.8      35.41
     268.8      35.44
     272.8      35.52
     276.9      35.52
     280.9      35.52
       285      35.52
       289      35.52
     293.1      35.52
     297.1      35.52
     301.1      35.52
     305.2      35.52
     309.2      35.52
     313.3      35.52
     317.3      35.52
     321.3      35.52
     325.4      35.52
     329.4      35.52
     333.5      35.52
     337.5      35.52
     341.6      35.52
     345.6      35.52
     349.6      35.52
