     6.002  7.548e+08
        10  3.547e+08
        14  2.238e+08
        18  1.556e+08
     22.01  1.271e+08
     26.01  1.004e+08
     30.01  8.494e+07
     34.01  7.194e+07
     38.01  6.366e+07
     42.01  5.513e+07
     46.01  5.036e+07
     50.01  4.098e+07
     54.01  3.686e+07
     58.02  3.342e+07
     62.02  2.973e+07
     66.02   2.69e+07
     70.02  2.385e+07
     74.02  2.249e+07
     78.02  2.015e+07
     82.02   1.76e+07
     86.02  1.595e+07
     90.02  1.411e+07
     94.03  1.359e+07
     98.03  1.363e+07
       102  1.297e+07
       106   1.11e+07
       110  1.034e+07
       114  9.934e+06
       118  9.301e+06
       122  8.505e+06
       126  8.307e+06
       130  8.715e+06
       134  7.637e+06
       138   7.21e+06
       142  6.945e+06
       146   6.78e+06
       150  6.483e+06
       154  6.118e+06
       158  5.837e+06
       162  5.579e+06
       166  5.471e+06
       170  5.248e+06
       174   4.93e+06
       178  4.677e+06
     182.1  4.614e+06
     186.1  4.544e+06
     190.1  4.555e+06
     194.1   4.32e+06
     198.1  4.448e+06
     202.1  4.465e+06
     206.1  4.232e+06
     210.1  4.181e+06
     214.1  4.041e+06
     218.1  4.009e+06
     222.1  4.073e+06
     226.1  4.006e+06
     230.1  3.918e+06
     234.1  3.922e+06
     238.1  3.292e+06
     242.1  3.174e+06
     246.1  3.092e+06
     250.1  3.061e+06
     254.1  2.722e+06
     258.1  2.269e+06
     262.1  1.976e+06
     266.1  1.792e+06
     270.1  1.621e+06
     274.1  1.411e+06
     278.1  1.141e+06
     282.1   1.06e+06
     286.1  7.811e+05
     290.1  7.071e+05
     294.1  7.062e+05
     298.1  6.132e+05
     302.1  5.327e+05
     306.1  4.182e+05
     310.1  3.916e+05
     314.1  3.299e+05
     318.1  3.079e+05
     322.1  2.315e+05
     326.1  1.553e+05
     330.1  1.365e+05
     334.1  1.023e+05
     338.1  8.185e+04
     342.1  5.526e+04
     346.1  3.779e+04
     350.1  1.596e+04
