     6.002  9.666e+08
        10  5.077e+08
        14  3.499e+08
        18  2.649e+08
     22.01  2.153e+08
     26.01  1.802e+08
     30.01  1.549e+08
     34.01  1.355e+08
     38.01  1.204e+08
     42.01   1.08e+08
     46.01    9.8e+07
     50.01  8.889e+07
     54.01   8.12e+07
     58.02  7.461e+07
     62.02  6.883e+07
     66.02  6.375e+07
     70.02   5.92e+07
     74.02  5.523e+07
     78.02  5.164e+07
     82.02  4.832e+07
     86.02  4.531e+07
     90.02  4.254e+07
     94.03  4.007e+07
     98.03  3.792e+07
       102  3.596e+07
       106  3.409e+07
       110  3.236e+07
       114  3.079e+07
       118  2.933e+07
       122  2.796e+07
       126  2.672e+07
       130  2.561e+07
       134  2.454e+07
       138  2.353e+07
       142   2.26e+07
       146  2.173e+07
       150  2.092e+07
       154  2.015e+07
       158  1.943e+07
       162  1.874e+07
       166   1.81e+07
       170   1.75e+07
       174  1.692e+07
       178  1.637e+07
     182.1  1.585e+07
     186.1  1.537e+07
     190.1  1.491e+07
     194.1  1.447e+07
     198.1  1.407e+07
     202.1  1.369e+07
     206.1  1.332e+07
     210.1  1.297e+07
     214.1  1.264e+07
     218.1  1.232e+07
     222.1  1.203e+07
     226.1  1.174e+07
     230.1  1.147e+07
     234.1  1.121e+07
     238.1  1.095e+07
     242.1  1.069e+07
     246.1  1.044e+07
     250.1  1.021e+07
     254.1   9.97e+06
     258.1  9.731e+06
     262.1  9.494e+06
     266.1  9.263e+06
     270.1  9.036e+06
     274.1  8.814e+06
     278.1  8.593e+06
     282.1  8.379e+06
     286.1  8.167e+06
     290.1  7.961e+06
     294.1  7.763e+06
     298.1  7.572e+06
     302.1  7.385e+06
     306.1  7.203e+06
     310.1  7.027e+06
     314.1  6.857e+06
     318.1  6.692e+06
     322.1  6.531e+06
     326.1  6.375e+06
     330.1  6.224e+06
     334.1  6.077e+06
     338.1  5.935e+06
     342.1  5.798e+06
     346.1  5.664e+06
     350.1  5.535e+06
