    0.7783  7.548e+08
         1  3.547e+08
     1.146  2.238e+08
     1.255  1.556e+08
     1.343  1.271e+08
     1.415  1.004e+08
     1.477  8.494e+07
     1.532  7.194e+07
      1.58  6.366e+07
     1.623  5.513e+07
     1.663  5.036e+07
     1.699  4.098e+07
     1.733  3.686e+07
     1.764  3.342e+07
     1.793  2.973e+07
      1.82   2.69e+07
     1.845  2.385e+07
     1.869  2.249e+07
     1.892  2.015e+07
     1.914   1.76e+07
     1.935  1.595e+07
     1.954  1.411e+07
     1.973  1.359e+07
     1.991  1.363e+07
     2.009  1.297e+07
     2.025   1.11e+07
     2.042  1.034e+07
     2.057  9.934e+06
     2.072  9.301e+06
     2.086  8.505e+06
       2.1  8.307e+06
     2.114  8.715e+06
     2.127  7.637e+06
      2.14   7.21e+06
     2.152  6.945e+06
     2.164   6.78e+06
     2.176  6.483e+06
     2.188  6.118e+06
     2.199  5.837e+06
      2.21  5.579e+06
      2.22  5.471e+06
     2.231  5.248e+06
     2.241   4.93e+06
     2.251  4.677e+06
      2.26  4.614e+06
      2.27  4.544e+06
     2.279  4.555e+06
     2.288   4.32e+06
     2.297  4.448e+06
     2.305  4.465e+06
     2.314  4.232e+06
     2.322  4.181e+06
     2.331  4.041e+06
     2.339  4.009e+06
     2.346  4.073e+06
     2.354  4.006e+06
     2.362  3.918e+06
     2.369  3.922e+06
     2.377  3.292e+06
     2.384  3.174e+06
     2.391  3.092e+06
     2.398  3.061e+06
     2.405  2.722e+06
     2.412  2.269e+06
     2.418  1.976e+06
     2.425  1.792e+06
     2.431  1.621e+06
     2.438  1.411e+06
     2.444  1.141e+06
      2.45   1.06e+06
     2.456  7.811e+05
     2.463  7.071e+05
     2.468  7.062e+05
     2.474  6.132e+05
      2.48  5.327e+05
     2.486  4.182e+05
     2.491  3.916e+05
     2.497  3.299e+05
     2.503  3.079e+05
     2.508  2.315e+05
     2.513  1.553e+05
     2.519  1.365e+05
     2.524  1.023e+05
     2.529  8.185e+04
     2.534  5.526e+04
     2.539  3.779e+04
     2.544  1.596e+04
