    0.7783  9.666e+08
         1  5.077e+08
     1.146  3.499e+08
     1.255  2.649e+08
     1.343  2.153e+08
     1.415  1.802e+08
     1.477  1.549e+08
     1.532  1.355e+08
      1.58  1.204e+08
     1.623   1.08e+08
     1.663    9.8e+07
     1.699  8.889e+07
     1.733   8.12e+07
     1.764  7.461e+07
     1.793  6.883e+07
      1.82  6.375e+07
     1.845   5.92e+07
     1.869  5.523e+07
     1.892  5.164e+07
     1.914  4.832e+07
     1.935  4.531e+07
     1.954  4.254e+07
     1.973  4.007e+07
     1.991  3.792e+07
     2.009  3.596e+07
     2.025  3.409e+07
     2.042  3.236e+07
     2.057  3.079e+07
     2.072  2.933e+07
     2.086  2.796e+07
       2.1  2.672e+07
     2.114  2.561e+07
     2.127  2.454e+07
      2.14  2.353e+07
     2.152   2.26e+07
     2.164  2.173e+07
     2.176  2.092e+07
     2.188  2.015e+07
     2.199  1.943e+07
      2.21  1.874e+07
      2.22   1.81e+07
     2.231   1.75e+07
     2.241  1.692e+07
     2.251  1.637e+07
      2.26  1.585e+07
      2.27  1.537e+07
     2.279  1.491e+07
     2.288  1.447e+07
     2.297  1.407e+07
     2.305  1.369e+07
     2.314  1.332e+07
     2.322  1.297e+07
     2.331  1.264e+07
     2.339  1.232e+07
     2.346  1.203e+07
     2.354  1.174e+07
     2.362  1.147e+07
     2.369  1.121e+07
     2.377  1.095e+07
     2.384  1.069e+07
     2.391  1.044e+07
     2.398  1.021e+07
     2.405   9.97e+06
     2.412  9.731e+06
     2.418  9.494e+06
     2.425  9.263e+06
     2.431  9.036e+06
     2.438  8.814e+06
     2.444  8.593e+06
      2.45  8.379e+06
     2.456  8.167e+06
     2.463  7.961e+06
     2.468  7.763e+06
     2.474  7.572e+06
      2.48  7.385e+06
     2.486  7.203e+06
     2.491  7.027e+06
     2.497  6.857e+06
     2.503  6.692e+06
     2.508  6.531e+06
     2.513  6.375e+06
     2.519  6.224e+06
     2.524  6.077e+06
     2.529  5.935e+06
     2.534  5.798e+06
     2.539  5.664e+06
     2.544  5.535e+06
