     2.001      20.12
     6.002      20.81
        10      21.09
        14      21.49
        18      21.77
     22.01       21.9
     26.01         22
     30.01      22.23
     34.01      22.49
     38.01      22.59
     42.01      22.72
     46.01      22.87
     50.01      22.87
     54.01      22.96
     58.02      23.05
     62.02      23.27
     66.02      23.35
     70.02      23.27
     74.02      23.25
     78.02      23.51
     82.02      23.68
     86.02      23.79
     90.02      23.83
     94.03      23.89
     98.03      23.95
       102      23.95
       106      24.17
       110      24.23
       114      24.31
       118      24.42
       122      24.55
       126      24.49
       130      24.64
       134      24.79
       138      24.88
       142      24.87
       146      24.91
       150      24.95
       154      25.07
       158      25.21
       162      25.09
       166      25.24
       170      25.27
       174      25.38
       178      25.47
     182.1      25.55
     186.1      25.54
     190.1      25.52
     194.1      25.49
     198.1      25.56
     202.1      25.67
     206.1      25.78
     210.1      25.76
     214.1      25.76
     218.1      25.92
     222.1      25.85
     226.1      25.93
     230.1      25.97
     234.1      26.23
     238.1      26.15
     242.1      26.17
     246.1      26.33
     250.1      26.58
     254.1      26.43
     258.1      26.54
     262.1      26.56
     266.1      26.52
     270.1      26.41
     274.1      26.55
     278.1      26.54
     282.1      26.58
     286.1      27.18
     290.1      26.83
     294.1      26.64
     298.1      26.72
     302.1      26.88
     306.1      26.75
     310.1      26.67
     314.1      26.84
     318.1      27.06
     322.1      27.18
     326.1      27.94
     330.1      27.78
     334.1      28.18
     338.1      27.62
     342.1      27.96
     346.1      28.64
     350.1      31.98
