         6  1.781e+08
        10  4.711e+07
        14  2.903e+07
        18  2.171e+07
        22  1.931e+07
        26    1.7e+07
        30  1.665e+07
        34  1.581e+07
        38  1.211e+07
        42  1.017e+07
        46  1.024e+07
        50  1.053e+07
        54  7.937e+06
        58  6.554e+06
        62  5.188e+06
        66  4.293e+06
     70.01  3.184e+06
     74.01  2.976e+06
     78.01  2.923e+06
     82.01   2.27e+06
     86.01  2.343e+06
     90.01  1.585e+06
     94.01   1.15e+06
     98.01  1.181e+06
       102  9.796e+05
       106  9.771e+05
       110  8.818e+05
       114  7.719e+05
       118  1.034e+06
       122  9.905e+05
       126  5.573e+05
       130  4.053e+05
       134  3.844e+05
       138    3.4e+05
       142  2.427e+05
       146  2.512e+05
       150  1.845e+05
       154  1.733e+05
       158  2.009e+05
       162  1.734e+05
       166  1.181e+05
       170  1.277e+05
       174   1.69e+05
       178  1.639e+05
       182  1.162e+05
       186  1.238e+05
       190  1.048e+05
       194   1.21e+05
       198   1.63e+05
       202  1.453e+05
       206  1.507e+05
       210  1.611e+05
       214  1.124e+05
       218   1.27e+05
       222  1.066e+05
       226  8.455e+04
       230  2.303e+05
       234  9.079e+04
       238  1.113e+05
       242  4.208e+04
       246   4.03e+04
       250  5.136e+04
       254  5.181e+04
       258  5.304e+04
       262  4.683e+04
       266  2.426e+04
       270  5.522e+04
       274  4.874e+04
       278   4.81e+04
       282  2.344e+04
       286  5.302e+04
       290  3.157e+04
       294  1.485e+04
       298  1.831e+04
       302  2.514e+04
       306   1.69e+04
       310  2.779e+04
       314       4590
       318       7007
       322       4055
       326       1953
       330       2049
       334       3920
       338          0
       342       1926
       346          0
       350          0
