         6  4.519e+08
        10  1.483e+08
        14  8.205e+07
        18  5.565e+07
        22  4.257e+07
        26  3.476e+07
        30  2.995e+07
        34  2.664e+07
        38  2.359e+07
        42  2.104e+07
        46  1.917e+07
        50  1.779e+07
        54  1.633e+07
        58  1.498e+07
        62  1.372e+07
        66  1.258e+07
     70.01  1.151e+07
     74.01  1.058e+07
     78.01  9.799e+06
     82.01  9.065e+06
     86.01   8.44e+06
     90.01  7.831e+06
     94.01  7.263e+06
     98.01  6.767e+06
       102  6.313e+06
       106   5.91e+06
       110  5.545e+06
       114   5.21e+06
       118  4.927e+06
       122  4.669e+06
       126  4.408e+06
       130  4.162e+06
       134  3.936e+06
       138  3.728e+06
       142  3.531e+06
       146  3.352e+06
       150  3.183e+06
       154  3.027e+06
       158  2.883e+06
       162   2.75e+06
       166  2.623e+06
       170  2.505e+06
       174  2.398e+06
       178  2.298e+06
       182  2.202e+06
       186  2.112e+06
       190  2.028e+06
       194  1.949e+06
       198  1.877e+06
       202  1.809e+06
       206  1.744e+06
       210  1.684e+06
       214  1.625e+06
       218   1.57e+06
       222  1.517e+06
       226  1.467e+06
       230  1.424e+06
       234  1.378e+06
       238  1.336e+06
       242  1.293e+06
       246  1.252e+06
       250  1.214e+06
       254  1.177e+06
       258  1.142e+06
       262  1.109e+06
       266  1.076e+06
       270  1.046e+06
       274  1.017e+06
       278  9.889e+05
       282  9.615e+05
       286  9.361e+05
       290  9.112e+05
       294  8.868e+05
       298  8.635e+05
       302  8.412e+05
       306  8.197e+05
       310  7.993e+05
       314   7.79e+05
       318  7.596e+05
       322  7.408e+05
       326  7.227e+05
       330  7.052e+05
       334  6.884e+05
       338  6.721e+05
       342  6.565e+05
       346  6.413e+05
       350  6.266e+05
