    0.7782  4.519e+08
         1  1.483e+08
     1.146  8.205e+07
     1.255  5.565e+07
     1.342  4.257e+07
     1.415  3.476e+07
     1.477  2.995e+07
     1.532  2.664e+07
      1.58  2.359e+07
     1.623  2.104e+07
     1.663  1.917e+07
     1.699  1.779e+07
     1.732  1.633e+07
     1.763  1.498e+07
     1.792  1.372e+07
      1.82  1.258e+07
     1.845  1.151e+07
     1.869  1.058e+07
     1.892  9.799e+06
     1.914  9.065e+06
     1.935   8.44e+06
     1.954  7.831e+06
     1.973  7.263e+06
     1.991  6.767e+06
     2.009  6.313e+06
     2.025   5.91e+06
     2.041  5.545e+06
     2.057   5.21e+06
     2.072  4.927e+06
     2.086  4.669e+06
       2.1  4.408e+06
     2.114  4.162e+06
     2.127  3.936e+06
      2.14  3.728e+06
     2.152  3.531e+06
     2.164  3.352e+06
     2.176  3.183e+06
     2.188  3.027e+06
     2.199  2.883e+06
      2.21   2.75e+06
      2.22  2.623e+06
      2.23  2.505e+06
     2.241  2.398e+06
      2.25  2.298e+06
      2.26  2.202e+06
      2.27  2.112e+06
     2.279  2.028e+06
     2.288  1.949e+06
     2.297  1.877e+06
     2.305  1.809e+06
     2.314  1.744e+06
     2.322  1.684e+06
      2.33  1.625e+06
     2.338   1.57e+06
     2.346  1.517e+06
     2.354  1.467e+06
     2.362  1.424e+06
     2.369  1.378e+06
     2.377  1.336e+06
     2.384  1.293e+06
     2.391  1.252e+06
     2.398  1.214e+06
     2.405  1.177e+06
     2.412  1.142e+06
     2.418  1.109e+06
     2.425  1.076e+06
     2.431  1.046e+06
     2.438  1.017e+06
     2.444  9.889e+05
      2.45  9.615e+05
     2.456  9.361e+05
     2.462  9.112e+05
     2.468  8.868e+05
     2.474  8.635e+05
      2.48  8.412e+05
     2.486  8.197e+05
     2.491  7.993e+05
     2.497   7.79e+05
     2.502  7.596e+05
     2.508  7.408e+05
     2.513  7.227e+05
     2.519  7.052e+05
     2.524  6.884e+05
     2.529  6.721e+05
     2.534  6.565e+05
     2.539  6.413e+05
     2.544  6.266e+05
