    0.7782  1.781e+08
         1  4.711e+07
     1.146  2.903e+07
     1.255  2.171e+07
     1.342  1.931e+07
     1.415    1.7e+07
     1.477  1.665e+07
     1.532  1.581e+07
      1.58  1.211e+07
     1.623  1.017e+07
     1.663  1.024e+07
     1.699  1.053e+07
     1.732  7.937e+06
     1.763  6.554e+06
     1.792  5.188e+06
      1.82  4.293e+06
     1.845  3.184e+06
     1.869  2.976e+06
     1.892  2.923e+06
     1.914   2.27e+06
     1.935  2.343e+06
     1.954  1.585e+06
     1.973   1.15e+06
     1.991  1.181e+06
     2.009  9.796e+05
     2.025  9.771e+05
     2.041  8.818e+05
     2.057  7.719e+05
     2.072  1.034e+06
     2.086  9.905e+05
       2.1  5.573e+05
     2.114  4.053e+05
     2.127  3.844e+05
      2.14    3.4e+05
     2.152  2.427e+05
     2.164  2.512e+05
     2.176  1.845e+05
     2.188  1.733e+05
     2.199  2.009e+05
      2.21  1.734e+05
      2.22  1.181e+05
      2.23  1.277e+05
     2.241   1.69e+05
      2.25  1.639e+05
      2.26  1.162e+05
      2.27  1.238e+05
     2.279  1.048e+05
     2.288   1.21e+05
     2.297   1.63e+05
     2.305  1.453e+05
     2.314  1.507e+05
     2.322  1.611e+05
      2.33  1.124e+05
     2.338   1.27e+05
     2.346  1.066e+05
     2.354  8.455e+04
     2.362  2.303e+05
     2.369  9.079e+04
     2.377  1.113e+05
     2.384  4.208e+04
     2.391   4.03e+04
     2.398  5.136e+04
     2.405  5.181e+04
     2.412  5.304e+04
     2.418  4.683e+04
     2.425  2.426e+04
     2.431  5.522e+04
     2.438  4.874e+04
     2.444   4.81e+04
      2.45  2.344e+04
     2.456  5.302e+04
     2.462  3.157e+04
     2.468  1.485e+04
     2.474  1.831e+04
      2.48  2.514e+04
     2.486   1.69e+04
     2.491  2.779e+04
     2.497       4590
     2.502       7007
     2.508       4055
     2.513       1953
     2.519       2049
     2.524       3920
     2.529          0
     2.534       1926
     2.539          0
     2.544          0
