         2       18.7
         6      20.34
        10       20.9
        14      21.45
        18      21.53
        22      21.76
        26      21.86
        30      22.01
        34      22.15
        38      22.46
        42       22.8
        46      23.22
        50      23.12
        54      23.82
        58      24.59
        62      24.76
        66      25.33
     70.01      25.57
     74.01      25.71
     78.01      26.02
     82.01      26.48
     86.01      27.29
     90.01      28.46
     94.01      29.42
     98.01      29.83
       102      30.38
       106      30.57
       110      31.24
       114      31.58
       118      31.52
       122      31.86
       126      32.36
       130      32.39
       134      32.82
       138      32.79
       142      32.66
       146      32.97
       150      33.61
       154      33.26
       158      33.41
       162      33.58
       166       33.8
       170      33.77
       174      33.64
       178      34.03
       182       34.1
       186      34.02
       190      34.17
       194      34.07
       198      34.08
       202      34.09
       206      34.08
       210      34.11
       214      34.12
       218      33.99
       222      34.25
       226      34.48
       230      34.35
       234      34.25
       238      34.46
       242      34.76
       246      34.68
       250      34.59
       254       34.5
       258      34.48
       262       34.6
       266      34.39
       270      34.32
       274       34.4
       278      34.57
       282      34.22
       286      34.35
       290      34.83
       294      34.65
       298      34.54
       302      34.61
       306      34.52
       310       34.7
       314      34.99
       318      34.84
       322      35.26
       326      35.22
       330      34.81
       334      34.94
       338      35.29
       342      34.94
       346      35.52
       350      35.52
