     6.002  8.659e+08
        10  4.339e+08
        14  3.124e+08
        18  2.484e+08
     22.01  2.034e+08
     26.01  1.691e+08
     30.01  1.423e+08
     34.01  1.217e+08
     38.01  1.053e+08
     42.01  9.187e+07
     46.01  8.077e+07
     50.01  7.194e+07
     54.01  6.459e+07
     58.02  5.842e+07
     62.02  5.328e+07
     66.02  4.872e+07
     70.02  4.474e+07
     74.02  4.122e+07
     78.02  3.811e+07
     82.02   3.54e+07
     86.02  3.299e+07
     90.02  3.087e+07
     94.03  2.894e+07
     98.03  2.722e+07
       102   2.56e+07
       106  2.412e+07
       110  2.277e+07
       114  2.154e+07
       118   2.04e+07
       122  1.935e+07
       126  1.839e+07
       130   1.75e+07
       134  1.667e+07
       138  1.589e+07
       142  1.516e+07
       146  1.449e+07
       150  1.386e+07
       154  1.328e+07
       158  1.274e+07
       162  1.222e+07
       166  1.174e+07
       170  1.129e+07
       174  1.085e+07
       178  1.045e+07
     182.1  1.007e+07
     186.1  9.707e+06
     190.1   9.38e+06
     194.1  9.063e+06
     198.1  8.771e+06
     202.1  8.481e+06
     206.1  8.211e+06
     210.1  7.953e+06
     214.1  7.708e+06
     218.1  7.475e+06
     222.1  7.247e+06
     226.1  7.035e+06
     230.1   6.83e+06
     234.1  6.635e+06
     238.1  6.447e+06
     242.1  6.266e+06
     246.1  6.095e+06
     250.1   5.93e+06
     254.1  5.771e+06
     258.1  5.613e+06
     262.1  5.461e+06
     266.1  5.312e+06
     270.1  5.172e+06
     274.1  5.036e+06
     278.1  4.906e+06
     282.1  4.778e+06
     286.1  4.656e+06
     290.1  4.537e+06
     294.1  4.421e+06
     298.1   4.31e+06
     302.1  4.203e+06
     306.1  4.101e+06
     310.1  4.003e+06
     314.1  3.906e+06
     318.1  3.811e+06
     322.1  3.721e+06
     326.1  3.632e+06
     330.1  3.546e+06
     334.1  3.463e+06
     338.1  3.382e+06
     342.1  3.304e+06
     346.1  3.228e+06
     350.1  3.155e+06
