     6.002  4.886e+08
        10  2.899e+08
        14  2.152e+08
        18  1.661e+08
     22.01  1.235e+08
     26.01   9.09e+07
     30.01  6.831e+07
     34.01   5.45e+07
     38.01  4.359e+07
     42.01  3.443e+07
     46.01  2.795e+07
     50.01  2.547e+07
     54.01  2.226e+07
     58.02  1.978e+07
     62.02  1.857e+07
     66.02  1.564e+07
     70.02  1.382e+07
     74.02  1.213e+07
     78.02  1.087e+07
     82.02  1.035e+07
     86.02  9.445e+06
     90.02  9.167e+06
     94.03  8.127e+06
     98.03  7.922e+06
       102  6.562e+06
       106  6.025e+06
       110  5.524e+06
       114  5.155e+06
       118  4.803e+06
       122  4.294e+06
       126  4.245e+06
       130  3.914e+06
       134  3.677e+06
       138  3.095e+06
       142   2.93e+06
       146  2.943e+06
       150  2.674e+06
       154  2.761e+06
       158  2.592e+06
       162  2.292e+06
       166  2.182e+06
       170  2.106e+06
       174  1.901e+06
       178  1.847e+06
     182.1   1.73e+06
     186.1  1.711e+06
     190.1  1.928e+06
     194.1  1.703e+06
     198.1  1.826e+06
     202.1  1.444e+06
     206.1  1.527e+06
     210.1  1.431e+06
     214.1  1.424e+06
     218.1   1.34e+06
     222.1   1.16e+06
     226.1  1.246e+06
     230.1  1.149e+06
     234.1  1.109e+06
     238.1  1.053e+06
     242.1  9.795e+05
     246.1  9.909e+05
     250.1  9.546e+05
     254.1  8.717e+05
     258.1   6.87e+05
     262.1  6.244e+05
     266.1  4.938e+05
     270.1  6.107e+05
     274.1  4.895e+05
     278.1  5.229e+05
     282.1  4.008e+05
     286.1  4.221e+05
     290.1  3.383e+05
     294.1  2.715e+05
     298.1  2.959e+05
     302.1  2.656e+05
     306.1  3.089e+05
     310.1  2.879e+05
     314.1  2.073e+05
     318.1  1.327e+05
     322.1  1.636e+05
     326.1  1.085e+05
     330.1  9.876e+04
     334.1  7.103e+04
     338.1   5.53e+04
     342.1  4.699e+04
     346.1  1.803e+04
     350.1  1.304e+04
