    0.7783  8.659e+08
         1  4.339e+08
     1.146  3.124e+08
     1.255  2.484e+08
     1.343  2.034e+08
     1.415  1.691e+08
     1.477  1.423e+08
     1.532  1.217e+08
      1.58  1.053e+08
     1.623  9.187e+07
     1.663  8.077e+07
     1.699  7.194e+07
     1.733  6.459e+07
     1.764  5.842e+07
     1.793  5.328e+07
      1.82  4.872e+07
     1.845  4.474e+07
     1.869  4.122e+07
     1.892  3.811e+07
     1.914   3.54e+07
     1.935  3.299e+07
     1.954  3.087e+07
     1.973  2.894e+07
     1.991  2.722e+07
     2.009   2.56e+07
     2.025  2.412e+07
     2.042  2.277e+07
     2.057  2.154e+07
     2.072   2.04e+07
     2.086  1.935e+07
       2.1  1.839e+07
     2.114   1.75e+07
     2.127  1.667e+07
      2.14  1.589e+07
     2.152  1.516e+07
     2.164  1.449e+07
     2.176  1.386e+07
     2.188  1.328e+07
     2.199  1.274e+07
      2.21  1.222e+07
      2.22  1.174e+07
     2.231  1.129e+07
     2.241  1.085e+07
     2.251  1.045e+07
      2.26  1.007e+07
      2.27  9.707e+06
     2.279   9.38e+06
     2.288  9.063e+06
     2.297  8.771e+06
     2.305  8.481e+06
     2.314  8.211e+06
     2.322  7.953e+06
     2.331  7.708e+06
     2.339  7.475e+06
     2.346  7.247e+06
     2.354  7.035e+06
     2.362   6.83e+06
     2.369  6.635e+06
     2.377  6.447e+06
     2.384  6.266e+06
     2.391  6.095e+06
     2.398   5.93e+06
     2.405  5.771e+06
     2.412  5.613e+06
     2.418  5.461e+06
     2.425  5.312e+06
     2.431  5.172e+06
     2.438  5.036e+06
     2.444  4.906e+06
      2.45  4.778e+06
     2.456  4.656e+06
     2.463  4.537e+06
     2.468  4.421e+06
     2.474   4.31e+06
      2.48  4.203e+06
     2.486  4.101e+06
     2.491  4.003e+06
     2.497  3.906e+06
     2.503  3.811e+06
     2.508  3.721e+06
     2.513  3.632e+06
     2.519  3.546e+06
     2.524  3.463e+06
     2.529  3.382e+06
     2.534  3.304e+06
     2.539  3.228e+06
     2.544  3.155e+06
