    0.7783  4.886e+08
         1  2.899e+08
     1.146  2.152e+08
     1.255  1.661e+08
     1.343  1.235e+08
     1.415   9.09e+07
     1.477  6.831e+07
     1.532   5.45e+07
      1.58  4.359e+07
     1.623  3.443e+07
     1.663  2.795e+07
     1.699  2.547e+07
     1.733  2.226e+07
     1.764  1.978e+07
     1.793  1.857e+07
      1.82  1.564e+07
     1.845  1.382e+07
     1.869  1.213e+07
     1.892  1.087e+07
     1.914  1.035e+07
     1.935  9.445e+06
     1.954  9.167e+06
     1.973  8.127e+06
     1.991  7.922e+06
     2.009  6.562e+06
     2.025  6.025e+06
     2.042  5.524e+06
     2.057  5.155e+06
     2.072  4.803e+06
     2.086  4.294e+06
       2.1  4.245e+06
     2.114  3.914e+06
     2.127  3.677e+06
      2.14  3.095e+06
     2.152   2.93e+06
     2.164  2.943e+06
     2.176  2.674e+06
     2.188  2.761e+06
     2.199  2.592e+06
      2.21  2.292e+06
      2.22  2.182e+06
     2.231  2.106e+06
     2.241  1.901e+06
     2.251  1.847e+06
      2.26   1.73e+06
      2.27  1.711e+06
     2.279  1.928e+06
     2.288  1.703e+06
     2.297  1.826e+06
     2.305  1.444e+06
     2.314  1.527e+06
     2.322  1.431e+06
     2.331  1.424e+06
     2.339   1.34e+06
     2.346   1.16e+06
     2.354  1.246e+06
     2.362  1.149e+06
     2.369  1.109e+06
     2.377  1.053e+06
     2.384  9.795e+05
     2.391  9.909e+05
     2.398  9.546e+05
     2.405  8.717e+05
     2.412   6.87e+05
     2.418  6.244e+05
     2.425  4.938e+05
     2.431  6.107e+05
     2.438  4.895e+05
     2.444  5.229e+05
      2.45  4.008e+05
     2.456  4.221e+05
     2.463  3.383e+05
     2.468  2.715e+05
     2.474  2.959e+05
      2.48  2.656e+05
     2.486  3.089e+05
     2.491  2.879e+05
     2.497  2.073e+05
     2.503  1.327e+05
     2.508  1.636e+05
     2.513  1.085e+05
     2.519  9.876e+04
     2.524  7.103e+04
     2.529   5.53e+04
     2.534  4.699e+04
     2.539  1.803e+04
     2.544  1.304e+04
