     2.001      21.07
     6.002      21.23
        10      21.38
        14      21.55
        18      21.85
     22.01      22.09
     26.01      22.36
     30.01      22.56
     34.01      22.79
     38.01      23.02
     42.01       23.2
     46.01      23.32
     50.01      23.42
     54.01      23.54
     58.02      23.53
     62.02       23.6
     66.02      23.76
     70.02      24.13
     74.02      24.16
     78.02       24.3
     82.02      24.27
     86.02      24.38
     90.02      24.47
     94.03      24.66
     98.03      24.78
       102      24.89
       106      25.08
       110      25.16
       114      25.18
       118       25.4
       122      25.52
       126      25.41
       130      25.68
       134      25.75
       138      25.94
       142      25.95
       146      26.16
       150      26.14
       154      26.37
       158      26.75
       162      26.72
       166       26.7
       170      26.95
       174      26.89
       178      27.43
     182.1      27.45
     186.1      27.52
     190.1      27.53
     194.1      27.35
     198.1      27.57
     202.1      27.88
     206.1      27.82
     210.1       27.8
     214.1      27.74
     218.1      28.15
     222.1      28.06
     226.1      28.01
     230.1      28.24
     234.1      28.55
     238.1       28.8
     242.1      28.58
     246.1      28.32
     250.1       28.7
     254.1       28.7
     258.1      28.83
     262.1      29.08
     266.1      28.51
     270.1      28.73
     274.1       28.8
     278.1      28.71
     282.1      28.76
     286.1      28.86
     290.1      29.21
     294.1      29.39
     298.1      29.28
     302.1      29.35
     306.1       29.5
     310.1      29.19
     314.1      29.12
     318.1      29.83
     322.1      29.46
     326.1       29.4
     330.1      29.61
     334.1       29.7
     338.1      30.33
     342.1      30.19
     346.1      30.76
     350.1      32.34
