     6.002  5.779e+08
        10  2.342e+08
        14  1.474e+08
        18   1.01e+08
     22.01  7.343e+07
     26.01  5.811e+07
     30.01  4.566e+07
     34.01  3.804e+07
     38.01   3.06e+07
     42.01  2.669e+07
     46.01  2.262e+07
     50.01  1.945e+07
     54.01  1.616e+07
     58.02  1.413e+07
     62.02  1.315e+07
     66.02  1.168e+07
     70.02  1.083e+07
     74.02  9.727e+06
     78.02  9.846e+06
     82.02  9.361e+06
     86.02   9.14e+06
     90.02  9.346e+06
     94.03  8.748e+06
     98.03  8.112e+06
       102  7.845e+06
       106  6.625e+06
       110  6.399e+06
       114  6.026e+06
       118  5.791e+06
       122  5.822e+06
       126   5.59e+06
       130  4.955e+06
       134  4.623e+06
       138  4.348e+06
       142  4.379e+06
       146   4.12e+06
       150  4.164e+06
       154  3.796e+06
       158  3.461e+06
       162  3.327e+06
       166    3.3e+06
       170  3.238e+06
       174  3.058e+06
       178  2.966e+06
     182.1  2.904e+06
     186.1  2.741e+06
     190.1  2.717e+06
     194.1  2.536e+06
     198.1  2.353e+06
     202.1  2.352e+06
     206.1  2.555e+06
     210.1  2.546e+06
     214.1  2.197e+06
     218.1  2.059e+06
     222.1  1.883e+06
     226.1  1.831e+06
     230.1  1.805e+06
     234.1  1.669e+06
     238.1  1.651e+06
     242.1  1.739e+06
     246.1  1.496e+06
     250.1  1.614e+06
     254.1  1.002e+06
     258.1  7.575e+05
     262.1  6.056e+05
     266.1  4.642e+05
     270.1  4.207e+05
     274.1  3.343e+05
     278.1  2.771e+05
     282.1   1.98e+05
     286.1  1.828e+05
     290.1  1.513e+05
     294.1  1.397e+05
     298.1  1.413e+05
     302.1  1.439e+05
     306.1  1.288e+05
     310.1  7.847e+04
     314.1  9.324e+04
     318.1  4.873e+04
     322.1  4.647e+04
     326.1  4.347e+04
     330.1  3.701e+04
     334.1  2.974e+04
     338.1  1.601e+04
     342.1       7514
     346.1  1.218e+04
     350.1          0
