     6.002  7.277e+08
        10  3.576e+08
        14  2.408e+08
        18  1.796e+08
     22.01  1.414e+08
     26.01  1.159e+08
     30.01   9.73e+07
     34.01  8.341e+07
     38.01  7.233e+07
     42.01  6.366e+07
     46.01  5.653e+07
     50.01  5.061e+07
     54.01  4.552e+07
     58.02  4.119e+07
     62.02  3.758e+07
     66.02  3.444e+07
     70.02  3.175e+07
     74.02  2.937e+07
     78.02  2.737e+07
     82.02  2.561e+07
     86.02  2.408e+07
     90.02  2.277e+07
     94.03  2.158e+07
     98.03  2.048e+07
       102  1.949e+07
       106  1.852e+07
       110  1.764e+07
       114  1.682e+07
       118  1.607e+07
       122   1.54e+07
       126  1.478e+07
       130  1.418e+07
       134  1.361e+07
       138  1.307e+07
       142  1.258e+07
       146  1.212e+07
       150  1.169e+07
       154  1.128e+07
       158  1.089e+07
       162  1.051e+07
       166  1.016e+07
       170  9.839e+06
       174  9.527e+06
       178  9.232e+06
     182.1  8.954e+06
     186.1  8.687e+06
     190.1  8.436e+06
     194.1  8.192e+06
     198.1  7.957e+06
     202.1  7.735e+06
     206.1  7.533e+06
     210.1  7.343e+06
     214.1  7.151e+06
     218.1  6.964e+06
     222.1  6.781e+06
     226.1  6.606e+06
     230.1  6.439e+06
     234.1  6.276e+06
     238.1   6.12e+06
     242.1  5.976e+06
     246.1   5.83e+06
     250.1  5.695e+06
     254.1  5.547e+06
     258.1  5.399e+06
     262.1  5.252e+06
     266.1  5.108e+06
     270.1   4.97e+06
     274.1  4.834e+06
     278.1  4.703e+06
     282.1  4.575e+06
     286.1  4.452e+06
     290.1  4.334e+06
     294.1   4.22e+06
     298.1   4.11e+06
     302.1  4.005e+06
     306.1  3.904e+06
     310.1  3.805e+06
     314.1   3.71e+06
     318.1  3.618e+06
     322.1   3.53e+06
     326.1  3.444e+06
     330.1  3.362e+06
     334.1  3.282e+06
     338.1  3.204e+06
     342.1   3.13e+06
     346.1  3.058e+06
     350.1  2.988e+06
