    0.7783  7.277e+08
         1  3.576e+08
     1.146  2.408e+08
     1.255  1.796e+08
     1.343  1.414e+08
     1.415  1.159e+08
     1.477   9.73e+07
     1.532  8.341e+07
      1.58  7.233e+07
     1.623  6.366e+07
     1.663  5.653e+07
     1.699  5.061e+07
     1.733  4.552e+07
     1.764  4.119e+07
     1.793  3.758e+07
      1.82  3.444e+07
     1.845  3.175e+07
     1.869  2.937e+07
     1.892  2.737e+07
     1.914  2.561e+07
     1.935  2.408e+07
     1.954  2.277e+07
     1.973  2.158e+07
     1.991  2.048e+07
     2.009  1.949e+07
     2.025  1.852e+07
     2.042  1.764e+07
     2.057  1.682e+07
     2.072  1.607e+07
     2.086   1.54e+07
       2.1  1.478e+07
     2.114  1.418e+07
     2.127  1.361e+07
      2.14  1.307e+07
     2.152  1.258e+07
     2.164  1.212e+07
     2.176  1.169e+07
     2.188  1.128e+07
     2.199  1.089e+07
      2.21  1.051e+07
      2.22  1.016e+07
     2.231  9.839e+06
     2.241  9.527e+06
     2.251  9.232e+06
      2.26  8.954e+06
      2.27  8.687e+06
     2.279  8.436e+06
     2.288  8.192e+06
     2.297  7.957e+06
     2.305  7.735e+06
     2.314  7.533e+06
     2.322  7.343e+06
     2.331  7.151e+06
     2.339  6.964e+06
     2.346  6.781e+06
     2.354  6.606e+06
     2.362  6.439e+06
     2.369  6.276e+06
     2.377   6.12e+06
     2.384  5.976e+06
     2.391   5.83e+06
     2.398  5.695e+06
     2.405  5.547e+06
     2.412  5.399e+06
     2.418  5.252e+06
     2.425  5.108e+06
     2.431   4.97e+06
     2.438  4.834e+06
     2.444  4.703e+06
      2.45  4.575e+06
     2.456  4.452e+06
     2.463  4.334e+06
     2.468   4.22e+06
     2.474   4.11e+06
      2.48  4.005e+06
     2.486  3.904e+06
     2.491  3.805e+06
     2.497   3.71e+06
     2.503  3.618e+06
     2.508   3.53e+06
     2.513  3.444e+06
     2.519  3.362e+06
     2.524  3.282e+06
     2.529  3.204e+06
     2.534   3.13e+06
     2.539  3.058e+06
     2.544  2.988e+06
