    0.7783  5.779e+08
         1  2.342e+08
     1.146  1.474e+08
     1.255   1.01e+08
     1.343  7.343e+07
     1.415  5.811e+07
     1.477  4.566e+07
     1.532  3.804e+07
      1.58   3.06e+07
     1.623  2.669e+07
     1.663  2.262e+07
     1.699  1.945e+07
     1.733  1.616e+07
     1.764  1.413e+07
     1.793  1.315e+07
      1.82  1.168e+07
     1.845  1.083e+07
     1.869  9.727e+06
     1.892  9.846e+06
     1.914  9.361e+06
     1.935   9.14e+06
     1.954  9.346e+06
     1.973  8.748e+06
     1.991  8.112e+06
     2.009  7.845e+06
     2.025  6.625e+06
     2.042  6.399e+06
     2.057  6.026e+06
     2.072  5.791e+06
     2.086  5.822e+06
       2.1   5.59e+06
     2.114  4.955e+06
     2.127  4.623e+06
      2.14  4.348e+06
     2.152  4.379e+06
     2.164   4.12e+06
     2.176  4.164e+06
     2.188  3.796e+06
     2.199  3.461e+06
      2.21  3.327e+06
      2.22    3.3e+06
     2.231  3.238e+06
     2.241  3.058e+06
     2.251  2.966e+06
      2.26  2.904e+06
      2.27  2.741e+06
     2.279  2.717e+06
     2.288  2.536e+06
     2.297  2.353e+06
     2.305  2.352e+06
     2.314  2.555e+06
     2.322  2.546e+06
     2.331  2.197e+06
     2.339  2.059e+06
     2.346  1.883e+06
     2.354  1.831e+06
     2.362  1.805e+06
     2.369  1.669e+06
     2.377  1.651e+06
     2.384  1.739e+06
     2.391  1.496e+06
     2.398  1.614e+06
     2.405  1.002e+06
     2.412  7.575e+05
     2.418  6.056e+05
     2.425  4.642e+05
     2.431  4.207e+05
     2.438  3.343e+05
     2.444  2.771e+05
      2.45   1.98e+05
     2.456  1.828e+05
     2.463  1.513e+05
     2.468  1.397e+05
     2.474  1.413e+05
      2.48  1.439e+05
     2.486  1.288e+05
     2.491  7.847e+04
     2.497  9.324e+04
     2.503  4.873e+04
     2.508  4.647e+04
     2.513  4.347e+04
     2.519  3.701e+04
     2.524  2.974e+04
     2.529  1.601e+04
     2.534       7514
     2.539  1.218e+04
     2.544          0
