     2.001       20.7
     6.002      21.19
        10      21.62
        14      21.98
        18      22.28
     22.01      22.49
     26.01      22.76
     30.01      22.96
     34.01      23.17
     38.01      23.34
     42.01      23.51
     46.01      23.66
     50.01      23.76
     54.01      24.03
     58.02      24.08
     62.02      24.16
     66.02      24.16
     70.02      24.33
     74.02      24.39
     78.02      24.48
     82.02      24.44
     86.02      24.49
     90.02      24.56
     94.03      24.67
     98.03      24.66
       102      24.87
       106      24.97
       110      24.98
       114      25.06
       118      25.24
       122      25.32
       126      25.36
       130       25.4
       134      25.53
       138      25.58
       142      25.58
       146      25.72
       150      25.78
       154      25.81
       158       25.9
       162      25.93
       166       26.2
       170      26.21
       174      26.31
       178      26.24
     182.1       26.4
     186.1      26.46
     190.1      26.47
     194.1      26.71
     198.1      27.04
     202.1       26.8
     206.1      26.71
     210.1       27.1
     214.1       27.3
     218.1      27.25
     222.1      27.44
     226.1      27.39
     230.1      27.41
     234.1      27.65
     238.1      27.71
     242.1      27.86
     246.1      27.99
     250.1      28.36
     254.1      28.61
     258.1      28.76
     262.1      29.12
     266.1      29.23
     270.1      29.39
     274.1      29.82
     278.1      30.45
     282.1      30.73
     286.1      30.16
     290.1      31.03
     294.1      30.46
     298.1      30.43
     302.1      30.08
     306.1      30.65
     310.1      31.08
     314.1      31.13
     318.1      31.84
     322.1      32.19
     326.1      31.55
     330.1      31.93
     334.1      32.31
     338.1      33.47
     342.1       32.8
     346.1      33.63
     350.1      35.46
