     6.002  6.699e+08
        10  3.223e+08
        14  2.057e+08
        18  1.343e+08
     22.01  1.002e+08
     26.01  8.047e+07
     30.01  6.566e+07
     34.01   5.73e+07
     38.01  4.798e+07
     42.01  4.442e+07
     46.01  4.186e+07
     50.01  3.928e+07
     54.01  3.529e+07
     58.02  3.208e+07
     62.02  2.821e+07
     66.02  2.592e+07
     70.02  2.268e+07
     74.02  1.982e+07
     78.02  1.684e+07
     82.02  1.445e+07
     86.02  1.221e+07
     90.02  1.093e+07
     94.03  9.349e+06
     98.03  8.179e+06
       102   7.59e+06
       106  6.499e+06
       110  6.011e+06
       114  5.438e+06
       118  5.194e+06
       122  4.742e+06
       126  4.183e+06
       130  3.655e+06
       134  3.377e+06
       138  3.431e+06
       142  2.816e+06
       146  2.752e+06
       150  2.738e+06
       154  2.509e+06
       158  2.218e+06
       162  2.133e+06
       166  2.108e+06
       170  1.855e+06
       174  1.774e+06
       178  1.722e+06
     182.1  1.655e+06
     186.1  1.494e+06
     190.1  1.762e+06
     194.1  1.623e+06
     198.1   1.57e+06
     202.1  1.408e+06
     206.1  1.464e+06
     210.1  1.512e+06
     214.1  1.391e+06
     218.1   1.11e+06
     222.1  1.124e+06
     226.1  1.069e+06
     230.1  1.071e+06
     234.1  1.275e+06
     238.1  1.278e+06
     242.1  9.457e+05
     246.1   8.58e+05
     250.1    8.9e+05
     254.1  6.325e+05
     258.1  5.569e+05
     262.1  4.931e+05
     266.1  4.891e+05
     270.1   4.25e+05
     274.1  3.524e+05
     278.1  2.392e+05
     282.1    2.8e+05
     286.1  2.116e+05
     290.1  2.428e+05
     294.1  1.766e+05
     298.1  1.391e+05
     302.1  1.099e+05
     306.1   1.13e+05
     310.1  1.026e+05
     314.1  7.786e+04
     318.1  6.224e+04
     322.1  4.324e+04
     326.1  4.342e+04
     330.1  3.838e+04
     334.1  3.104e+04
     338.1  2.071e+04
     342.1  1.255e+04
     346.1       5447
     350.1       5308
