     6.002  8.465e+08
        10  4.533e+08
        14  3.157e+08
        18  2.364e+08
     22.01  1.873e+08
     26.01  1.547e+08
     30.01  1.311e+08
     34.01  1.138e+08
     38.01  9.997e+07
     42.01  8.942e+07
     46.01  8.116e+07
     50.01  7.447e+07
     54.01  6.868e+07
     58.02  6.364e+07
     62.02  5.907e+07
     66.02  5.506e+07
     70.02  5.136e+07
     74.02  4.795e+07
     78.02  4.476e+07
     82.02  4.181e+07
     86.02  3.906e+07
     90.02  3.656e+07
     94.03  3.424e+07
     98.03  3.212e+07
       102  3.019e+07
       106  2.841e+07
       110  2.678e+07
       114  2.528e+07
       118  2.392e+07
       122  2.266e+07
       126  2.149e+07
       130  2.039e+07
       134  1.938e+07
       138  1.845e+07
       142  1.757e+07
       146  1.676e+07
       150  1.601e+07
       154  1.531e+07
       158  1.465e+07
       162  1.403e+07
       166  1.346e+07
       170  1.291e+07
       174   1.24e+07
       178  1.192e+07
     182.1  1.147e+07
     186.1  1.104e+07
     190.1  1.065e+07
     194.1  1.028e+07
     198.1  9.923e+06
     202.1  9.586e+06
     206.1  9.271e+06
     210.1  8.975e+06
     214.1  8.692e+06
     218.1  8.414e+06
     222.1  8.151e+06
     226.1    7.9e+06
     230.1  7.663e+06
     234.1  7.444e+06
     238.1  7.237e+06
     242.1  7.029e+06
     246.1  6.828e+06
     250.1  6.638e+06
     254.1  6.449e+06
     258.1  6.267e+06
     262.1   6.09e+06
     266.1  5.922e+06
     270.1  5.759e+06
     274.1  5.601e+06
     278.1  5.447e+06
     282.1    5.3e+06
     286.1  5.158e+06
     290.1  5.022e+06
     294.1   4.89e+06
     298.1  4.763e+06
     302.1   4.64e+06
     306.1  4.521e+06
     310.1  4.407e+06
     314.1  4.297e+06
     318.1   4.19e+06
     322.1  4.087e+06
     326.1  3.988e+06
     330.1  3.892e+06
     334.1    3.8e+06
     338.1  3.711e+06
     342.1  3.624e+06
     346.1   3.54e+06
     350.1   3.46e+06
