    0.7783  6.699e+08
         1  3.223e+08
     1.146  2.057e+08
     1.255  1.343e+08
     1.343  1.002e+08
     1.415  8.047e+07
     1.477  6.566e+07
     1.532   5.73e+07
      1.58  4.798e+07
     1.623  4.442e+07
     1.663  4.186e+07
     1.699  3.928e+07
     1.733  3.529e+07
     1.764  3.208e+07
     1.793  2.821e+07
      1.82  2.592e+07
     1.845  2.268e+07
     1.869  1.982e+07
     1.892  1.684e+07
     1.914  1.445e+07
     1.935  1.221e+07
     1.954  1.093e+07
     1.973  9.349e+06
     1.991  8.179e+06
     2.009   7.59e+06
     2.025  6.499e+06
     2.042  6.011e+06
     2.057  5.438e+06
     2.072  5.194e+06
     2.086  4.742e+06
       2.1  4.183e+06
     2.114  3.655e+06
     2.127  3.377e+06
      2.14  3.431e+06
     2.152  2.816e+06
     2.164  2.752e+06
     2.176  2.738e+06
     2.188  2.509e+06
     2.199  2.218e+06
      2.21  2.133e+06
      2.22  2.108e+06
     2.231  1.855e+06
     2.241  1.774e+06
     2.251  1.722e+06
      2.26  1.655e+06
      2.27  1.494e+06
     2.279  1.762e+06
     2.288  1.623e+06
     2.297   1.57e+06
     2.305  1.408e+06
     2.314  1.464e+06
     2.322  1.512e+06
     2.331  1.391e+06
     2.339   1.11e+06
     2.346  1.124e+06
     2.354  1.069e+06
     2.362  1.071e+06
     2.369  1.275e+06
     2.377  1.278e+06
     2.384  9.457e+05
     2.391   8.58e+05
     2.398    8.9e+05
     2.405  6.325e+05
     2.412  5.569e+05
     2.418  4.931e+05
     2.425  4.891e+05
     2.431   4.25e+05
     2.438  3.524e+05
     2.444  2.392e+05
      2.45    2.8e+05
     2.456  2.116e+05
     2.463  2.428e+05
     2.468  1.766e+05
     2.474  1.391e+05
      2.48  1.099e+05
     2.486   1.13e+05
     2.491  1.026e+05
     2.497  7.786e+04
     2.503  6.224e+04
     2.508  4.324e+04
     2.513  4.342e+04
     2.519  3.838e+04
     2.524  3.104e+04
     2.529  2.071e+04
     2.534  1.255e+04
     2.539       5447
     2.544       5308
