    0.7783  8.465e+08
         1  4.533e+08
     1.146  3.157e+08
     1.255  2.364e+08
     1.343  1.873e+08
     1.415  1.547e+08
     1.477  1.311e+08
     1.532  1.138e+08
      1.58  9.997e+07
     1.623  8.942e+07
     1.663  8.116e+07
     1.699  7.447e+07
     1.733  6.868e+07
     1.764  6.364e+07
     1.793  5.907e+07
      1.82  5.506e+07
     1.845  5.136e+07
     1.869  4.795e+07
     1.892  4.476e+07
     1.914  4.181e+07
     1.935  3.906e+07
     1.954  3.656e+07
     1.973  3.424e+07
     1.991  3.212e+07
     2.009  3.019e+07
     2.025  2.841e+07
     2.042  2.678e+07
     2.057  2.528e+07
     2.072  2.392e+07
     2.086  2.266e+07
       2.1  2.149e+07
     2.114  2.039e+07
     2.127  1.938e+07
      2.14  1.845e+07
     2.152  1.757e+07
     2.164  1.676e+07
     2.176  1.601e+07
     2.188  1.531e+07
     2.199  1.465e+07
      2.21  1.403e+07
      2.22  1.346e+07
     2.231  1.291e+07
     2.241   1.24e+07
     2.251  1.192e+07
      2.26  1.147e+07
      2.27  1.104e+07
     2.279  1.065e+07
     2.288  1.028e+07
     2.297  9.923e+06
     2.305  9.586e+06
     2.314  9.271e+06
     2.322  8.975e+06
     2.331  8.692e+06
     2.339  8.414e+06
     2.346  8.151e+06
     2.354    7.9e+06
     2.362  7.663e+06
     2.369  7.444e+06
     2.377  7.237e+06
     2.384  7.029e+06
     2.391  6.828e+06
     2.398  6.638e+06
     2.405  6.449e+06
     2.412  6.267e+06
     2.418   6.09e+06
     2.425  5.922e+06
     2.431  5.759e+06
     2.438  5.601e+06
     2.444  5.447e+06
      2.45    5.3e+06
     2.456  5.158e+06
     2.463  5.022e+06
     2.468   4.89e+06
     2.474  4.763e+06
      2.48   4.64e+06
     2.486  4.521e+06
     2.491  4.407e+06
     2.497  4.297e+06
     2.503   4.19e+06
     2.508  4.087e+06
     2.513  3.988e+06
     2.519  3.892e+06
     2.524    3.8e+06
     2.529  3.711e+06
     2.534  3.624e+06
     2.539   3.54e+06
     2.544   3.46e+06
