     2.001      20.07
     6.002      21.04
        10      21.25
        14      21.59
        18       21.8
     22.01      22.01
     26.01      22.31
     30.01      22.54
     34.01      22.69
     38.01      22.86
     42.01      22.95
     46.01      23.08
     50.01      23.19
     54.01      23.27
     58.02      23.43
     62.02      23.55
     66.02      23.65
     70.02      23.81
     74.02      23.97
     78.02       24.1
     82.02       24.3
     86.02      24.41
     90.02      24.56
     94.03      24.68
     98.03      24.82
       102      24.89
       106      24.99
       110       25.1
       114      25.31
       118      25.31
       122       25.4
       126      25.67
       130      25.78
       134      25.76
       138      25.91
       142      26.19
       146      26.09
       150      26.27
       154      26.31
       158      26.54
       162      26.72
       166      26.73
       170      26.83
       174      26.98
       178      26.95
     182.1      27.58
     186.1      27.51
     190.1      27.41
     194.1      27.29
     198.1      27.52
     202.1         28
     206.1         28
     210.1      27.99
     214.1      28.07
     218.1       28.5
     222.1       28.5
     226.1      28.65
     230.1      28.55
     234.1      28.61
     238.1      28.72
     242.1      29.07
     246.1      29.07
     250.1      29.28
     254.1      29.44
     258.1      29.47
     262.1      29.55
     266.1      29.56
     270.1      29.63
     274.1      29.99
     278.1      30.04
     282.1      30.53
     286.1      30.02
     290.1       30.2
     294.1      31.03
     298.1      30.92
     302.1      31.13
     306.1      31.38
     310.1      31.27
     314.1      31.39
     318.1      31.85
     322.1      31.96
     326.1      31.37
     330.1      31.55
     334.1      32.08
     338.1      32.65
     342.1      32.92
     346.1      34.03
     350.1      29.32
