     6.062  4.242e+08
      10.1   7.91e+07
     14.14  3.739e+07
     18.19  2.193e+07
     22.23  1.581e+07
     26.27  1.413e+07
     30.31  1.108e+07
     34.35  8.404e+06
     38.39  7.567e+06
     42.43  5.234e+06
     46.48  4.978e+06
     50.52  4.303e+06
     54.56  3.346e+06
      58.6  2.827e+06
     62.64   2.57e+06
     66.68   3.11e+06
     70.72  2.533e+06
     74.77  2.583e+06
     78.81  2.384e+06
     82.85  2.692e+06
     86.89  2.656e+06
     90.93  2.902e+06
     94.97   3.58e+06
     99.01  3.203e+06
     103.1   3.15e+06
     107.1  2.808e+06
     111.1   1.98e+06
     115.2  2.087e+06
     119.2  1.963e+06
     123.3  1.401e+06
     127.3  1.141e+06
     131.3  1.202e+06
     135.4  1.114e+06
     139.4  8.802e+05
     143.5  7.377e+05
     147.5  6.408e+05
     151.6  5.282e+05
     155.6  6.427e+05
     159.6  4.397e+05
     163.7    3.1e+05
     167.7  3.887e+05
     171.8  3.611e+05
     175.8  3.269e+05
     179.8  2.719e+05
     183.9  2.102e+05
     187.9  2.393e+05
       192  1.683e+05
       196  1.282e+05
     200.1  1.679e+05
     204.1  1.253e+05
     208.1  1.033e+05
     212.2  9.665e+04
     216.2  6.392e+04
     220.3  4.991e+04
     224.3  3.372e+04
     228.3  4.491e+04
     232.4  3.863e+04
     236.4  5.068e+04
     240.5  1.683e+04
     244.5  1.904e+04
     248.5  1.367e+04
     252.6       5180
     256.6  1.279e+04
     260.7       5208
     264.7       4988
     268.8       2480
     272.8       2427
     276.8          0
     280.9       2378
     284.9       4726
       289       2330
       293       2215
       297  1.637e+04
     301.1       2188
     305.1       9236
     309.2       6554
     313.2          0
     317.3          0
     321.3          0
     325.3          0
     329.4          0
     333.4          0
     337.5          0
     341.5          0
     345.5          0
     349.6          0
