     6.062  6.934e+08
      10.1  2.327e+08
     14.14  1.242e+08
     18.19  7.945e+07
     22.23  5.654e+07
     26.27  4.358e+07
     30.31  3.496e+07
     34.35  2.873e+07
     38.39  2.429e+07
     42.43  2.067e+07
     46.48  1.795e+07
     50.52  1.577e+07
     54.56  1.393e+07
      58.6   1.24e+07
     62.64  1.113e+07
     66.68  1.016e+07
     70.72  9.291e+06
     74.77  8.566e+06
     78.81  7.933e+06
     82.85  7.422e+06
     86.89  6.979e+06
     90.93  6.616e+06
     94.97  6.358e+06
     99.01  6.101e+06
     103.1  5.869e+06
     107.1  5.638e+06
     111.1  5.372e+06
     115.2  5.142e+06
     119.2  4.926e+06
     123.3  4.695e+06
     127.3   4.47e+06
     131.3  4.269e+06
     135.4   4.08e+06
     139.4  3.895e+06
     143.5  3.717e+06
     147.5  3.549e+06
     151.6  3.388e+06
     155.6  3.245e+06
     159.6  3.103e+06
     163.7  2.965e+06
     167.7  2.841e+06
     171.8  2.724e+06
     175.8  2.614e+06
     179.8  2.509e+06
     183.9  2.408e+06
     187.9  2.314e+06
       192  2.224e+06
       196  2.138e+06
     200.1  2.058e+06
     204.1  1.982e+06
     208.1  1.909e+06
     212.2   1.84e+06
     216.2  1.773e+06
     220.3   1.71e+06
     224.3   1.65e+06
     228.3  1.593e+06
     232.4  1.539e+06
     236.4  1.488e+06
     240.5  1.438e+06
     244.5  1.392e+06
     248.5  1.347e+06
     252.6  1.304e+06
     256.6  1.263e+06
     260.7  1.224e+06
     264.7  1.187e+06
     268.8  1.151e+06
     272.8  1.117e+06
     276.8  1.085e+06
     280.9  1.053e+06
     284.9  1.024e+06
       289  9.952e+05
       293  9.678e+05
       297  9.419e+05
     301.1  9.167e+05
     305.1  8.926e+05
     309.2  8.695e+05
     313.2   8.47e+05
     317.3  8.254e+05
     321.3  8.047e+05
     325.3  7.847e+05
     329.4  7.654e+05
     333.4  7.469e+05
     337.5   7.29e+05
     341.5  7.117e+05
     345.5  6.951e+05
     349.6   6.79e+05
