    0.7826  6.934e+08
     1.004  2.327e+08
     1.151  1.242e+08
      1.26  7.945e+07
     1.347  5.654e+07
     1.419  4.358e+07
     1.482  3.496e+07
     1.536  2.873e+07
     1.584  2.429e+07
     1.628  2.067e+07
     1.667  1.795e+07
     1.703  1.577e+07
     1.737  1.393e+07
     1.768   1.24e+07
     1.797  1.113e+07
     1.824  1.016e+07
      1.85  9.291e+06
     1.874  8.566e+06
     1.897  7.933e+06
     1.918  7.422e+06
     1.939  6.979e+06
     1.959  6.616e+06
     1.978  6.358e+06
     1.996  6.101e+06
     2.013  5.869e+06
      2.03  5.638e+06
     2.046  5.372e+06
     2.061  5.142e+06
     2.076  4.926e+06
     2.091  4.695e+06
     2.105   4.47e+06
     2.118  4.269e+06
     2.132   4.08e+06
     2.144  3.895e+06
     2.157  3.717e+06
     2.169  3.549e+06
     2.181  3.388e+06
     2.192  3.245e+06
     2.203  3.103e+06
     2.214  2.965e+06
     2.225  2.841e+06
     2.235  2.724e+06
     2.245  2.614e+06
     2.255  2.509e+06
     2.265  2.408e+06
     2.274  2.314e+06
     2.283  2.224e+06
     2.292  2.138e+06
     2.301  2.058e+06
      2.31  1.982e+06
     2.318  1.909e+06
     2.327   1.84e+06
     2.335  1.773e+06
     2.343   1.71e+06
     2.351   1.65e+06
     2.359  1.593e+06
     2.366  1.539e+06
     2.374  1.488e+06
     2.381  1.438e+06
     2.388  1.392e+06
     2.395  1.347e+06
     2.402  1.304e+06
     2.409  1.263e+06
     2.416  1.224e+06
     2.423  1.187e+06
     2.429  1.151e+06
     2.436  1.117e+06
     2.442  1.085e+06
     2.449  1.053e+06
     2.455  1.024e+06
     2.461  9.952e+05
     2.467  9.678e+05
     2.473  9.419e+05
     2.479  9.167e+05
     2.484  8.926e+05
      2.49  8.695e+05
     2.496   8.47e+05
     2.501  8.254e+05
     2.507  8.047e+05
     2.512  7.847e+05
     2.518  7.654e+05
     2.523  7.469e+05
     2.528   7.29e+05
     2.533  7.117e+05
     2.539  6.951e+05
     2.544   6.79e+05
