    0.7826  4.242e+08
     1.004   7.91e+07
     1.151  3.739e+07
      1.26  2.193e+07
     1.347  1.581e+07
     1.419  1.413e+07
     1.482  1.108e+07
     1.536  8.404e+06
     1.584  7.567e+06
     1.628  5.234e+06
     1.667  4.978e+06
     1.703  4.303e+06
     1.737  3.346e+06
     1.768  2.827e+06
     1.797   2.57e+06
     1.824   3.11e+06
      1.85  2.533e+06
     1.874  2.583e+06
     1.897  2.384e+06
     1.918  2.692e+06
     1.939  2.656e+06
     1.959  2.902e+06
     1.978   3.58e+06
     1.996  3.203e+06
     2.013   3.15e+06
      2.03  2.808e+06
     2.046   1.98e+06
     2.061  2.087e+06
     2.076  1.963e+06
     2.091  1.401e+06
     2.105  1.141e+06
     2.118  1.202e+06
     2.132  1.114e+06
     2.144  8.802e+05
     2.157  7.377e+05
     2.169  6.408e+05
     2.181  5.282e+05
     2.192  6.427e+05
     2.203  4.397e+05
     2.214    3.1e+05
     2.225  3.887e+05
     2.235  3.611e+05
     2.245  3.269e+05
     2.255  2.719e+05
     2.265  2.102e+05
     2.274  2.393e+05
     2.283  1.683e+05
     2.292  1.282e+05
     2.301  1.679e+05
      2.31  1.253e+05
     2.318  1.033e+05
     2.327  9.665e+04
     2.335  6.392e+04
     2.343  4.991e+04
     2.351  3.372e+04
     2.359  4.491e+04
     2.366  3.863e+04
     2.374  5.068e+04
     2.381  1.683e+04
     2.388  1.904e+04
     2.395  1.367e+04
     2.402       5180
     2.409  1.279e+04
     2.416       5208
     2.423       4988
     2.429       2480
     2.436       2427
     2.442          0
     2.449       2378
     2.455       4726
     2.461       2330
     2.467       2215
     2.473  1.637e+04
     2.479       2188
     2.484       9236
      2.49       6554
     2.496          0
     2.501          0
     2.507          0
     2.512          0
     2.518          0
     2.523          0
     2.528          0
     2.533          0
     2.539          0
     2.544          0
