     2.021      18.77
     6.062      20.17
      10.1      20.74
     14.14      21.42
     18.19      21.56
     22.23      21.71
     26.27      21.98
     30.31      22.34
     34.35      22.86
     38.39      23.18
     42.43      23.67
     46.48      24.01
     50.52      23.94
     54.56      24.13
      58.6      24.22
     62.64      24.73
     66.68      24.81
     70.72       24.8
     74.77      25.09
     78.81      25.12
     82.85      25.53
     86.89      25.79
     90.93      25.86
     94.97       25.9
     99.01      25.96
     103.1       26.5
     107.1      26.64
     111.1      26.73
     115.2      27.16
     119.2       27.7
     123.3      28.14
     127.3      28.68
     131.3      28.69
     135.4      29.14
     139.4      29.45
     143.5      29.39
     147.5      30.11
     151.6      30.71
     155.6      30.86
     159.6      31.53
     163.7      32.03
     167.7         32
     171.8      32.15
     175.8      32.63
     179.8      32.96
     183.9      33.24
     187.9      33.37
       192      33.83
       196       34.1
     200.1      34.11
     204.1      34.35
     208.1      34.41
     212.2      34.55
     216.2      34.63
     220.3      34.84
     224.3      34.94
     228.3      34.93
     232.4      35.11
     236.4      35.19
     240.5      35.16
     244.5      35.28
     248.5      35.34
     252.6       35.2
     256.6      35.34
     260.7      35.28
     264.7       35.4
     268.8      35.44
     272.8      35.48
     276.8      35.47
     280.9      35.38
     284.9      35.42
       289      35.35
       293       35.2
       297      34.93
     301.1      35.01
     305.1      34.87
     309.2      35.34
     313.2      35.52
     317.3      35.52
     321.3      35.52
     325.3      35.52
     329.4      35.52
     333.4      35.52
     337.5      35.52
     341.5      35.52
     345.5      35.52
     349.6      35.52
