         6  6.416e+08
        10  1.611e+08
        14  9.591e+07
        18  5.456e+07
        22  3.898e+07
        26  3.204e+07
        30  2.105e+07
        34  1.584e+07
        38  1.408e+07
        42  9.632e+06
        46  7.178e+06
        50  5.752e+06
        54  4.108e+06
        58  3.188e+06
        62  3.351e+06
        66  2.833e+06
        70   2.72e+06
        74   2.78e+06
        78   2.29e+06
        82  2.395e+06
        86  2.284e+06
        90  1.982e+06
        94  1.864e+06
        98   1.89e+06
       102  1.626e+06
       106  1.266e+06
       110  1.387e+06
       114  1.135e+06
       118  1.056e+06
       122  9.182e+05
       126  7.778e+05
       130  8.183e+05
       134  8.384e+05
       138  7.444e+05
       142  6.927e+05
       146  5.873e+05
       150  5.533e+05
       154   6.51e+05
       158  5.761e+05
       162  7.145e+05
       166  8.439e+05
       170  6.112e+05
       174   5.27e+05
       178  4.913e+05
       182  4.367e+05
       186  5.185e+05
       190  4.537e+05
       194  3.374e+05
       198   2.66e+05
       202  1.975e+05
       206    1.8e+05
       210  1.437e+05
       214  1.248e+05
       218  1.134e+05
       222  1.063e+05
       226  7.296e+04
       230  6.543e+04
       234   6.75e+04
       238   6.91e+04
       242  8.019e+04
       246  8.572e+04
       250  7.328e+04
       254  3.357e+04
       258  4.036e+04
       262  3.216e+04
       266  3.721e+04
       270       9760
       274       4106
       278       7284
       282  1.569e+04
       286       2554
       290       9041
       294          0
       298       6633
       302       2301
       306          0
       310       2823
       314          0
       318       2054
       322          0
       326          0
       330          0
       334          0
       338          0
       342          0
       346          0
       350          0
