         6  1.064e+09
        10  3.867e+08
        14  2.252e+08
        18  1.505e+08
        22  1.104e+08
        26  8.644e+07
        30  6.909e+07
        34  5.661e+07
        38  4.768e+07
        42  4.045e+07
        46  3.468e+07
        50  3.006e+07
        54  2.622e+07
        58  2.305e+07
        62  2.051e+07
        66  1.837e+07
        70  1.658e+07
        74  1.509e+07
        78  1.378e+07
        82  1.267e+07
        86   1.17e+07
        90  1.084e+07
        94  1.008e+07
        98  9.408e+06
       102  8.798e+06
       106  8.229e+06
       110  7.732e+06
       114  7.269e+06
       118  6.848e+06
       122  6.459e+06
       126  6.099e+06
       130  5.774e+06
       134  5.479e+06
       138  5.205e+06
       142  4.951e+06
       146  4.712e+06
       150   4.49e+06
       154  4.291e+06
       158  4.103e+06
       162  3.935e+06
       166  3.786e+06
       170  3.637e+06
       174  3.494e+06
       178  3.359e+06
       182  3.231e+06
       186  3.114e+06
       190  3.002e+06
       194  2.892e+06
       198  2.786e+06
       202  2.683e+06
       206  2.586e+06
       210  2.493e+06
       214  2.405e+06
       218  2.321e+06
       222  2.241e+06
       226  2.164e+06
       230  2.091e+06
       234  2.022e+06
       238  1.956e+06
       242  1.894e+06
       246  1.835e+06
       250  1.779e+06
       254  1.724e+06
       258  1.672e+06
       262  1.622e+06
       266  1.574e+06
       270  1.528e+06
       274  1.483e+06
       278  1.441e+06
       282    1.4e+06
       286  1.361e+06
       290  1.324e+06
       294  1.288e+06
       298  1.254e+06
       302   1.22e+06
       306  1.189e+06
       310  1.158e+06
       314  1.128e+06
       318    1.1e+06
       322  1.073e+06
       326  1.046e+06
       330  1.021e+06
       334  9.966e+05
       338   9.73e+05
       342  9.503e+05
       346  9.283e+05
       350  9.071e+05
