    0.7782  1.064e+09
         1  3.867e+08
     1.146  2.252e+08
     1.255  1.505e+08
     1.342  1.104e+08
     1.415  8.644e+07
     1.477  6.909e+07
     1.531  5.661e+07
      1.58  4.768e+07
     1.623  4.045e+07
     1.663  3.468e+07
     1.699  3.006e+07
     1.732  2.622e+07
     1.763  2.305e+07
     1.792  2.051e+07
      1.82  1.837e+07
     1.845  1.658e+07
     1.869  1.509e+07
     1.892  1.378e+07
     1.914  1.267e+07
     1.935   1.17e+07
     1.954  1.084e+07
     1.973  1.008e+07
     1.991  9.408e+06
     2.009  8.798e+06
     2.025  8.229e+06
     2.041  7.732e+06
     2.057  7.269e+06
     2.072  6.848e+06
     2.086  6.459e+06
       2.1  6.099e+06
     2.114  5.774e+06
     2.127  5.479e+06
      2.14  5.205e+06
     2.152  4.951e+06
     2.164  4.712e+06
     2.176   4.49e+06
     2.188  4.291e+06
     2.199  4.103e+06
      2.21  3.935e+06
      2.22  3.786e+06
      2.23  3.637e+06
     2.241  3.494e+06
      2.25  3.359e+06
      2.26  3.231e+06
      2.27  3.114e+06
     2.279  3.002e+06
     2.288  2.892e+06
     2.297  2.786e+06
     2.305  2.683e+06
     2.314  2.586e+06
     2.322  2.493e+06
      2.33  2.405e+06
     2.338  2.321e+06
     2.346  2.241e+06
     2.354  2.164e+06
     2.362  2.091e+06
     2.369  2.022e+06
     2.377  1.956e+06
     2.384  1.894e+06
     2.391  1.835e+06
     2.398  1.779e+06
     2.405  1.724e+06
     2.412  1.672e+06
     2.418  1.622e+06
     2.425  1.574e+06
     2.431  1.528e+06
     2.438  1.483e+06
     2.444  1.441e+06
      2.45    1.4e+06
     2.456  1.361e+06
     2.462  1.324e+06
     2.468  1.288e+06
     2.474  1.254e+06
      2.48   1.22e+06
     2.486  1.189e+06
     2.491  1.158e+06
     2.497  1.128e+06
     2.502    1.1e+06
     2.508  1.073e+06
     2.513  1.046e+06
     2.519  1.021e+06
     2.524  9.966e+05
     2.529   9.73e+05
     2.534  9.503e+05
     2.539  9.283e+05
     2.544  9.071e+05
