    0.7782  6.416e+08
         1  1.611e+08
     1.146  9.591e+07
     1.255  5.456e+07
     1.342  3.898e+07
     1.415  3.204e+07
     1.477  2.105e+07
     1.531  1.584e+07
      1.58  1.408e+07
     1.623  9.632e+06
     1.663  7.178e+06
     1.699  5.752e+06
     1.732  4.108e+06
     1.763  3.188e+06
     1.792  3.351e+06
      1.82  2.833e+06
     1.845   2.72e+06
     1.869   2.78e+06
     1.892   2.29e+06
     1.914  2.395e+06
     1.935  2.284e+06
     1.954  1.982e+06
     1.973  1.864e+06
     1.991   1.89e+06
     2.009  1.626e+06
     2.025  1.266e+06
     2.041  1.387e+06
     2.057  1.135e+06
     2.072  1.056e+06
     2.086  9.182e+05
       2.1  7.778e+05
     2.114  8.183e+05
     2.127  8.384e+05
      2.14  7.444e+05
     2.152  6.927e+05
     2.164  5.873e+05
     2.176  5.533e+05
     2.188   6.51e+05
     2.199  5.761e+05
      2.21  7.145e+05
      2.22  8.439e+05
      2.23  6.112e+05
     2.241   5.27e+05
      2.25  4.913e+05
      2.26  4.367e+05
      2.27  5.185e+05
     2.279  4.537e+05
     2.288  3.374e+05
     2.297   2.66e+05
     2.305  1.975e+05
     2.314    1.8e+05
     2.322  1.437e+05
      2.33  1.248e+05
     2.338  1.134e+05
     2.346  1.063e+05
     2.354  7.296e+04
     2.362  6.543e+04
     2.369   6.75e+04
     2.377   6.91e+04
     2.384  8.019e+04
     2.391  8.572e+04
     2.398  7.328e+04
     2.405  3.357e+04
     2.412  4.036e+04
     2.418  3.216e+04
     2.425  3.721e+04
     2.431       9760
     2.438       4106
     2.444       7284
      2.45  1.569e+04
     2.456       2554
     2.462       9041
     2.468          0
     2.474       6633
      2.48       2301
     2.486          0
     2.491       2823
     2.497          0
     2.502       2054
     2.508          0
     2.513          0
     2.519          0
     2.524          0
     2.529          0
     2.534          0
     2.539          0
     2.544          0
