         2      18.21
         6      19.34
        10      19.86
        14      20.43
        18      21.01
        22      21.52
        26      22.06
        30      22.44
        34      22.66
        38      23.39
        42      23.99
        46      24.36
        50      24.22
        54      25.04
        58      25.32
        62      25.84
        66      25.54
        70      26.21
        74      27.65
        78      28.41
        82      28.02
        86      28.02
        90      28.43
        94       27.8
        98      28.53
       102      29.42
       106      28.99
       110      29.07
       114      29.78
       118      29.62
       122      30.11
       126      30.49
       130      30.13
       134      30.23
       138       30.7
       142      31.26
       146      31.62
       150      31.08
       154      31.96
       158      32.27
       162      32.06
       166         32
       170      32.15
       174      32.24
       178      32.31
       182      32.38
       186      32.33
       190      32.35
       194       32.8
       198      33.45
       202      33.54
       206       33.5
       210      33.88
       214      33.94
       218      34.09
       222      34.37
       226      34.61
       230      34.31
       234      34.48
       238      34.54
       242      34.39
       246      34.34
       250       34.6
       254      34.81
       258      34.88
       262      34.72
       266      34.85
       270      35.25
       274      35.15
       278      35.06
       282      35.18
       286      35.16
       290      35.25
       294      35.36
       298      35.18
       302      35.39
       306      35.44
       310      35.35
       314      35.35
       318      35.43
       322      35.52
       326      35.52
       330      35.52
       334      35.52
       338      35.52
       342      35.52
       346      35.52
       350      35.52
