     6.026  4.816e+08
     10.04  1.425e+08
     14.06  6.897e+07
     18.08  4.119e+07
     22.09  2.754e+07
     26.11  1.978e+07
     30.13  1.505e+07
     34.15  1.176e+07
     38.16   9.49e+06
     42.18  7.852e+06
      46.2  6.595e+06
     50.21  5.638e+06
     54.23  4.891e+06
     58.25  4.293e+06
     62.27  3.818e+06
     66.28  3.435e+06
      70.3  3.117e+06
     74.32  2.828e+06
     78.33  2.606e+06
     82.35   2.37e+06
     86.37  2.159e+06
     90.39  1.977e+06
      94.4   1.82e+06
     98.42   1.68e+06
     102.4   1.55e+06
     106.5  1.436e+06
     110.5  1.334e+06
     114.5  1.244e+06
     118.5  1.162e+06
     122.5  1.086e+06
     126.5  1.019e+06
     130.6  9.571e+05
     134.6  9.006e+05
     138.6  8.487e+05
     142.6  8.015e+05
     146.6  7.586e+05
     150.6  7.182e+05
     154.7  6.809e+05
     158.7  6.477e+05
     162.7  6.162e+05
     166.7  5.865e+05
     170.7  5.591e+05
     174.7  5.334e+05
     178.8  5.094e+05
     182.8  4.877e+05
     186.8  4.749e+05
     190.8  4.558e+05
     194.8  4.373e+05
     198.8  4.201e+05
     202.9  4.035e+05
     206.9  3.878e+05
     210.9   3.73e+05
     214.9  3.592e+05
     218.9   3.46e+05
       223  3.335e+05
       227  3.217e+05
       231  3.106e+05
       235  2.999e+05
       239  2.899e+05
       243  2.805e+05
     247.1  2.714e+05
     251.1  2.628e+05
     255.1  2.545e+05
     259.1  2.466e+05
     263.1  2.391e+05
     267.1  2.319e+05
     271.2   2.25e+05
     275.2  2.184e+05
     279.2  2.121e+05
     283.2  2.061e+05
     287.2  2.004e+05
     291.2  1.948e+05
     295.3  1.895e+05
     299.3  1.844e+05
     303.3  1.796e+05
     307.3  1.749e+05
     311.3  1.704e+05
     315.3   1.66e+05
     319.4  1.618e+05
     323.4  1.578e+05
     327.4  1.539e+05
     331.4  1.502e+05
     335.4  1.466e+05
     339.4  1.431e+05
     343.5  1.398e+05
     347.5  1.366e+05
