     2.009  1.123e-16
     6.026  1.131e-17
     10.04  4.348e-18
     14.06  1.858e-18
     18.08  1.312e-18
     22.09  9.124e-19
     26.11  6.577e-19
     30.13  5.473e-19
     34.15  3.871e-19
     38.16  3.463e-19
     42.18  2.459e-19
      46.2  2.125e-19
     50.21  2.397e-19
     54.23  1.948e-19
     58.25  2.847e-19
     62.27  2.145e-19
     66.28  3.582e-19
      70.3  2.232e-19
     74.32  1.964e-19
     78.33  1.775e-19
     82.35  6.801e-20
     86.37  6.769e-20
     90.39   6.78e-20
      94.4   4.49e-20
     98.42  2.873e-20
     102.4  1.107e-20
     106.5  1.492e-20
     110.5  1.642e-20
     114.5  1.629e-20
     118.5  2.602e-21
     122.5  4.739e-21
     126.5  5.074e-21
     130.6  5.474e-21
     134.6   1.72e-21
     138.6  4.546e-21
     142.6  5.619e-21
     146.6  2.933e-21
     150.6  6.364e-23
     154.7  4.681e-21
     158.7  6.569e-21
     162.7  1.197e-22
     166.7  5.317e-22
     170.7  8.648e-22
     174.7  1.015e-23
     178.8  4.945e-21
     182.8  1.442e-20
     186.8  7.696e-20
     190.8   4.63e-21
     194.8   3.65e-21
     198.8  2.429e-21
     202.9  9.993e-24
     206.9      1e-23
     210.9   1.37e-22
     214.9  1.501e-21
     218.9  1.029e-23
       223      1e-23
       227      1e-23
       231      1e-23
       235      1e-23
       239   5.41e-22
       243  2.962e-21
     247.1  1.311e-21
     251.1      1e-23
     255.1      1e-23
     259.1      1e-23
     263.1      1e-23
     267.1      1e-23
     271.2      1e-23
     275.2      1e-23
     279.2      1e-23
     283.2      1e-23
     287.2      1e-23
     291.2      1e-23
     295.3      1e-23
     299.3      1e-23
     303.3      1e-23
     307.3      1e-23
     311.3      1e-23
     315.3      1e-23
     319.4      1e-23
     323.4      1e-23
     327.4      1e-23
     331.4      1e-23
     335.4      1e-23
     339.4      1e-23
     343.5      1e-23
     347.5      1e-23
