     2.009      17.89
     6.026      20.38
     10.04      21.42
     14.06      22.34
     18.08      22.72
     22.09      23.12
     26.11      23.47
     30.13      23.67
     34.15      24.05
     38.16      24.17
     42.18      24.54
      46.2       24.7
     50.21      24.57
     54.23      24.79
     58.25      24.38
     62.27      24.69
     66.28      24.13
      70.3      24.64
     74.32      24.78
     78.33      24.89
     82.35      25.93
     86.37      25.94
     90.39      25.94
      94.4      26.39
     98.42      26.87
     102.4      27.91
     106.5      27.58
     110.5      27.48
     114.5      27.49
     118.5      29.48
     122.5      28.83
     126.5      28.75
     130.6      28.67
     134.6      29.93
     138.6      28.87
     142.6      28.64
     146.6      29.35
     150.6      33.51
     154.7      28.84
     158.7      28.47
     162.7      32.82
     166.7       31.2
     170.7      30.67
     174.7       35.5
     178.8      28.78
     182.8      27.62
     186.8       25.8
     190.8      28.85
     194.8      29.11
     198.8      29.55
     202.9      35.52
     206.9      35.52
     210.9      32.67
     214.9      30.07
     218.9      35.48
       223      35.52
       227      35.52
       231      35.52
       235      35.52
       239      31.18
       243      29.34
     247.1      30.22
     251.1      35.52
     255.1      35.52
     259.1      35.52
     263.1      35.52
     267.1      35.52
     271.2      35.52
     275.2      35.52
     279.2      35.52
     283.2      35.52
     287.2      35.52
     291.2      35.52
     295.3      35.52
     299.3      35.52
     303.3      35.52
     307.3      35.52
     311.3      35.52
     315.3      35.52
     319.4      35.52
     323.4      35.52
     327.4      35.52
     331.4      35.52
     335.4      35.52
     339.4      35.52
     343.5      35.52
     347.5      35.52
