     6.002  1.021e+09
        10    5.3e+08
        14  3.611e+08
        18   2.75e+08
     22.01  2.219e+08
     26.01  1.868e+08
     30.01  1.612e+08
     34.01  1.415e+08
     38.01  1.253e+08
     42.01  1.119e+08
     46.01  1.006e+08
     50.01  9.145e+07
     54.01  8.351e+07
     58.02  7.664e+07
     62.02   7.07e+07
     66.02  6.559e+07
     70.02  6.102e+07
     74.02  5.698e+07
     78.02  5.324e+07
     82.02  4.991e+07
     86.02  4.699e+07
     90.02  4.436e+07
     94.03  4.197e+07
     98.03  3.981e+07
       102  3.774e+07
       106  3.582e+07
       110  3.405e+07
       114  3.243e+07
       118  3.092e+07
       122  2.958e+07
       126  2.828e+07
       130  2.713e+07
       134  2.603e+07
       138  2.496e+07
       142  2.399e+07
       146  2.306e+07
       150  2.217e+07
       154   2.13e+07
       158  2.047e+07
       162  1.972e+07
       166  1.899e+07
       170  1.829e+07
       174  1.764e+07
       178  1.702e+07
     182.1  1.643e+07
     186.1  1.588e+07
     190.1  1.536e+07
     194.1  1.487e+07
     198.1  1.439e+07
     202.1  1.393e+07
     206.1  1.349e+07
     210.1  1.307e+07
     214.1  1.267e+07
     218.1  1.228e+07
     222.1  1.192e+07
     226.1  1.157e+07
     230.1  1.124e+07
     234.1  1.092e+07
     238.1  1.061e+07
     242.1  1.032e+07
     246.1  1.003e+07
     250.1  9.759e+06
     254.1  9.493e+06
     258.1  9.228e+06
     262.1  8.973e+06
     266.1  8.725e+06
     270.1  8.488e+06
     274.1  8.259e+06
     278.1  8.035e+06
     282.1  7.822e+06
     286.1  7.617e+06
     290.1  7.419e+06
     294.1  7.229e+06
     298.1  7.042e+06
     302.1  6.863e+06
     306.1   6.69e+06
     310.1  6.522e+06
     314.1  6.359e+06
     318.1  6.203e+06
     322.1  6.052e+06
     326.1  5.906e+06
     330.1  5.765e+06
     334.1  5.629e+06
     338.1  5.498e+06
     342.1  5.371e+06
     346.1  5.247e+06
     350.1  5.128e+06
