     6.002  7.724e+08
        10  3.663e+08
        14  2.261e+08
        18  1.642e+08
     22.01  1.277e+08
     26.01  1.068e+08
     30.01  9.042e+07
     34.01  7.701e+07
     38.01  6.464e+07
     42.01  5.466e+07
     46.01  4.663e+07
     50.01  4.342e+07
     54.01  3.777e+07
     58.02  3.365e+07
     62.02  3.058e+07
     66.02  2.845e+07
     70.02  2.559e+07
     74.02  2.364e+07
     78.02  2.046e+07
     82.02  1.909e+07
     86.02  1.853e+07
     90.02  1.737e+07
     94.03  1.624e+07
     98.03  1.546e+07
       102  1.344e+07
       106  1.233e+07
       110  1.145e+07
       114  1.093e+07
       118  1.014e+07
       122  1.054e+07
       126  9.109e+06
       130  9.491e+06
       134  8.706e+06
       138  7.563e+06
       142  7.816e+06
       146  7.017e+06
       150  6.264e+06
       154  5.429e+06
       158  5.031e+06
       162   5.18e+06
       166  4.566e+06
       170  4.123e+06
       174  4.184e+06
       178  3.805e+06
     182.1  3.749e+06
     186.1  3.545e+06
     190.1  3.619e+06
     194.1  3.367e+06
     198.1  2.929e+06
     202.1  2.932e+06
     206.1  2.596e+06
     210.1  2.489e+06
     214.1   2.26e+06
     218.1  2.165e+06
     222.1  2.232e+06
     226.1  2.021e+06
     230.1  2.041e+06
     234.1  1.906e+06
     238.1  1.797e+06
     242.1  1.659e+06
     246.1  1.596e+06
     250.1  1.423e+06
     254.1  1.295e+06
     258.1  9.489e+05
     262.1  8.926e+05
     266.1  7.085e+05
     270.1   7.26e+05
     274.1   6.46e+05
     278.1  4.779e+05
     282.1  5.207e+05
     286.1  4.872e+05
     290.1  4.603e+05
     294.1  4.185e+05
     298.1  2.821e+05
     302.1   2.87e+05
     306.1  2.327e+05
     310.1      2e+05
     314.1  1.243e+05
     318.1   1.34e+05
     322.1  1.217e+05
     326.1  1.059e+05
     330.1  1.052e+05
     334.1  8.085e+04
     338.1  6.904e+04
     342.1  7.738e+04
     346.1  3.388e+04
     350.1       9158
