    0.7783  1.021e+09
         1    5.3e+08
     1.146  3.611e+08
     1.255   2.75e+08
     1.343  2.219e+08
     1.415  1.868e+08
     1.477  1.612e+08
     1.532  1.415e+08
      1.58  1.253e+08
     1.623  1.119e+08
     1.663  1.006e+08
     1.699  9.145e+07
     1.733  8.351e+07
     1.764  7.664e+07
     1.793   7.07e+07
      1.82  6.559e+07
     1.845  6.102e+07
     1.869  5.698e+07
     1.892  5.324e+07
     1.914  4.991e+07
     1.935  4.699e+07
     1.954  4.436e+07
     1.973  4.197e+07
     1.991  3.981e+07
     2.009  3.774e+07
     2.025  3.582e+07
     2.042  3.405e+07
     2.057  3.243e+07
     2.072  3.092e+07
     2.086  2.958e+07
       2.1  2.828e+07
     2.114  2.713e+07
     2.127  2.603e+07
      2.14  2.496e+07
     2.152  2.399e+07
     2.164  2.306e+07
     2.176  2.217e+07
     2.188   2.13e+07
     2.199  2.047e+07
      2.21  1.972e+07
      2.22  1.899e+07
     2.231  1.829e+07
     2.241  1.764e+07
     2.251  1.702e+07
      2.26  1.643e+07
      2.27  1.588e+07
     2.279  1.536e+07
     2.288  1.487e+07
     2.297  1.439e+07
     2.305  1.393e+07
     2.314  1.349e+07
     2.322  1.307e+07
     2.331  1.267e+07
     2.339  1.228e+07
     2.346  1.192e+07
     2.354  1.157e+07
     2.362  1.124e+07
     2.369  1.092e+07
     2.377  1.061e+07
     2.384  1.032e+07
     2.391  1.003e+07
     2.398  9.759e+06
     2.405  9.493e+06
     2.412  9.228e+06
     2.418  8.973e+06
     2.425  8.725e+06
     2.431  8.488e+06
     2.438  8.259e+06
     2.444  8.035e+06
      2.45  7.822e+06
     2.456  7.617e+06
     2.463  7.419e+06
     2.468  7.229e+06
     2.474  7.042e+06
      2.48  6.863e+06
     2.486   6.69e+06
     2.491  6.522e+06
     2.497  6.359e+06
     2.503  6.203e+06
     2.508  6.052e+06
     2.513  5.906e+06
     2.519  5.765e+06
     2.524  5.629e+06
     2.529  5.498e+06
     2.534  5.371e+06
     2.539  5.247e+06
     2.544  5.128e+06
