    0.7783  7.724e+08
         1  3.663e+08
     1.146  2.261e+08
     1.255  1.642e+08
     1.343  1.277e+08
     1.415  1.068e+08
     1.477  9.042e+07
     1.532  7.701e+07
      1.58  6.464e+07
     1.623  5.466e+07
     1.663  4.663e+07
     1.699  4.342e+07
     1.733  3.777e+07
     1.764  3.365e+07
     1.793  3.058e+07
      1.82  2.845e+07
     1.845  2.559e+07
     1.869  2.364e+07
     1.892  2.046e+07
     1.914  1.909e+07
     1.935  1.853e+07
     1.954  1.737e+07
     1.973  1.624e+07
     1.991  1.546e+07
     2.009  1.344e+07
     2.025  1.233e+07
     2.042  1.145e+07
     2.057  1.093e+07
     2.072  1.014e+07
     2.086  1.054e+07
       2.1  9.109e+06
     2.114  9.491e+06
     2.127  8.706e+06
      2.14  7.563e+06
     2.152  7.816e+06
     2.164  7.017e+06
     2.176  6.264e+06
     2.188  5.429e+06
     2.199  5.031e+06
      2.21   5.18e+06
      2.22  4.566e+06
     2.231  4.123e+06
     2.241  4.184e+06
     2.251  3.805e+06
      2.26  3.749e+06
      2.27  3.545e+06
     2.279  3.619e+06
     2.288  3.367e+06
     2.297  2.929e+06
     2.305  2.932e+06
     2.314  2.596e+06
     2.322  2.489e+06
     2.331   2.26e+06
     2.339  2.165e+06
     2.346  2.232e+06
     2.354  2.021e+06
     2.362  2.041e+06
     2.369  1.906e+06
     2.377  1.797e+06
     2.384  1.659e+06
     2.391  1.596e+06
     2.398  1.423e+06
     2.405  1.295e+06
     2.412  9.489e+05
     2.418  8.926e+05
     2.425  7.085e+05
     2.431   7.26e+05
     2.438   6.46e+05
     2.444  4.779e+05
      2.45  5.207e+05
     2.456  4.872e+05
     2.463  4.603e+05
     2.468  4.185e+05
     2.474  2.821e+05
      2.48   2.87e+05
     2.486  2.327e+05
     2.491      2e+05
     2.497  1.243e+05
     2.503   1.34e+05
     2.508  1.217e+05
     2.513  1.059e+05
     2.519  1.052e+05
     2.524  8.085e+04
     2.529  6.904e+04
     2.534  7.738e+04
     2.539  3.388e+04
     2.544       9158
