     2.001      18.72
     6.002      20.48
        10      20.79
        14      20.89
        18      21.28
     22.01      21.35
     26.01      21.48
     30.01      21.68
     34.01       21.8
     38.01      21.97
     42.01      22.16
     46.01      22.26
     50.01      22.43
     54.01      22.58
     58.02      22.74
     62.02      22.84
     66.02         23
     70.02      23.11
     74.02      23.19
     78.02      23.39
     82.02      23.51
     86.02      23.55
     90.02      23.64
     94.03      23.74
     98.03      23.91
       102      23.96
       106      23.98
       110      24.11
       114      24.19
       118      24.22
       122      24.34
       126      24.43
       130      24.47
       134      24.54
       138       24.6
       142      24.68
       146       24.8
       150      24.98
       154      25.07
       158      24.97
       162      25.13
       166      25.24
       170      25.23
       174      25.31
       178      25.37
     182.1      25.48
     186.1      25.61
     190.1      25.61
     194.1      25.68
     198.1      25.82
     202.1      26.03
     206.1       26.1
     210.1      26.24
     214.1      26.36
     218.1      26.39
     222.1      26.43
     226.1      26.73
     230.1       26.7
     234.1      26.89
     238.1      26.97
     242.1      26.91
     246.1       27.3
     250.1      27.31
     254.1      27.38
     258.1      27.49
     262.1      27.59
     266.1      27.56
     270.1      27.61
     274.1         28
     278.1       28.1
     282.1      27.78
     286.1      27.82
     290.1      27.98
     294.1      28.14
     298.1      28.16
     302.1       28.1
     306.1      28.62
     310.1      29.09
     314.1      29.21
     318.1      28.82
     322.1      28.96
     326.1      29.38
     330.1      28.31
     334.1      28.45
     338.1      27.74
     342.1      28.04
     346.1      30.43
     350.1      31.35
