     6.002  4.904e+08
        10  2.643e+08
        14  1.819e+08
        18  1.322e+08
     22.01  1.037e+08
     26.01  8.307e+07
     30.01  6.665e+07
     34.01  5.665e+07
     38.01  4.902e+07
     42.01   4.29e+07
     46.01  3.674e+07
     50.01  3.261e+07
     54.01  2.884e+07
     58.02  2.528e+07
     62.02  2.363e+07
     66.02   2.11e+07
     70.02  1.883e+07
     74.02  1.879e+07
     78.02  1.682e+07
     82.02  1.555e+07
     86.02  1.508e+07
     90.02  1.389e+07
     94.03   1.34e+07
     98.03  1.296e+07
       102  1.297e+07
       106  1.167e+07
       110  1.102e+07
       114  1.032e+07
       118  1.024e+07
       122  9.443e+06
       126  9.042e+06
       130  8.368e+06
       134  8.157e+06
       138  7.667e+06
       142  7.593e+06
       146  8.282e+06
       150  7.787e+06
       154  7.714e+06
       158  7.098e+06
       162  6.097e+06
       166  5.987e+06
       170  5.411e+06
       174  5.078e+06
       178  4.771e+06
     182.1  4.709e+06
     186.1  4.801e+06
     190.1  4.466e+06
     194.1   4.12e+06
     198.1  3.837e+06
     202.1   3.69e+06
     206.1  3.499e+06
     210.1  3.698e+06
     214.1  3.446e+06
     218.1  3.438e+06
     222.1  3.162e+06
     226.1  3.316e+06
     230.1   3.03e+06
     234.1  3.018e+06
     238.1  2.865e+06
     242.1  3.001e+06
     246.1  2.966e+06
     250.1   2.55e+06
     254.1  2.199e+06
     258.1  1.938e+06
     262.1  1.687e+06
     266.1  1.454e+06
     270.1  1.256e+06
     274.1  1.103e+06
     278.1  1.086e+06
     282.1   1.11e+06
     286.1  1.043e+06
     290.1  7.121e+05
     294.1  5.692e+05
     298.1  5.678e+05
     302.1  5.086e+05
     306.1  4.175e+05
     310.1  3.893e+05
     314.1  3.307e+05
     318.1   2.54e+05
     322.1  2.102e+05
     326.1  1.911e+05
     330.1  1.516e+05
     334.1  1.539e+05
     338.1  1.125e+05
     342.1  8.829e+04
     346.1  5.707e+04
     350.1  2.343e+04
