     6.002  7.305e+08
        10  3.809e+08
        14  2.703e+08
        18  2.099e+08
     22.01  1.717e+08
     26.01  1.446e+08
     30.01  1.239e+08
     34.01  1.082e+08
     38.01  9.574e+07
     42.01   8.57e+07
     46.01  7.721e+07
     50.01  7.008e+07
     54.01  6.398e+07
     58.02  5.865e+07
     62.02  5.414e+07
     66.02  5.014e+07
     70.02  4.656e+07
     74.02  4.356e+07
     78.02  4.082e+07
     82.02  3.836e+07
     86.02  3.619e+07
     90.02  3.421e+07
     94.03  3.244e+07
     98.03  3.085e+07
       102  2.945e+07
       106  2.811e+07
       110  2.687e+07
       114  2.571e+07
       118  2.466e+07
       122  2.366e+07
       126  2.273e+07
       130  2.185e+07
       134  2.103e+07
       138  2.026e+07
       142  1.954e+07
       146  1.893e+07
       150  1.833e+07
       154  1.778e+07
       158  1.724e+07
       162  1.669e+07
       166  1.617e+07
       170  1.567e+07
       174  1.518e+07
       178  1.471e+07
     182.1  1.427e+07
     186.1  1.387e+07
     190.1  1.347e+07
     194.1  1.308e+07
     198.1  1.271e+07
     202.1  1.235e+07
     206.1  1.201e+07
     210.1  1.169e+07
     214.1  1.139e+07
     218.1  1.109e+07
     222.1  1.081e+07
     226.1  1.054e+07
     230.1  1.028e+07
     234.1  1.003e+07
     238.1  9.792e+06
     242.1  9.568e+06
     246.1  9.353e+06
     250.1  9.135e+06
     254.1  8.917e+06
     258.1    8.7e+06
     262.1  8.486e+06
     266.1  8.275e+06
     270.1  8.067e+06
     274.1  7.864e+06
     278.1  7.669e+06
     282.1  7.482e+06
     286.1  7.302e+06
     290.1  7.121e+06
     294.1  6.942e+06
     298.1  6.771e+06
     302.1  6.605e+06
     306.1  6.444e+06
     310.1  6.287e+06
     314.1  6.136e+06
     318.1  5.988e+06
     322.1  5.844e+06
     326.1  5.705e+06
     330.1  5.571e+06
     334.1  5.441e+06
     338.1  5.315e+06
     342.1  5.193e+06
     346.1  5.074e+06
     350.1  4.958e+06
