    0.7783  4.904e+08
         1  2.643e+08
     1.146  1.819e+08
     1.255  1.322e+08
     1.343  1.037e+08
     1.415  8.307e+07
     1.477  6.665e+07
     1.532  5.665e+07
      1.58  4.902e+07
     1.623   4.29e+07
     1.663  3.674e+07
     1.699  3.261e+07
     1.733  2.884e+07
     1.764  2.528e+07
     1.793  2.363e+07
      1.82   2.11e+07
     1.845  1.883e+07
     1.869  1.879e+07
     1.892  1.682e+07
     1.914  1.555e+07
     1.935  1.508e+07
     1.954  1.389e+07
     1.973   1.34e+07
     1.991  1.296e+07
     2.009  1.297e+07
     2.025  1.167e+07
     2.042  1.102e+07
     2.057  1.032e+07
     2.072  1.024e+07
     2.086  9.443e+06
       2.1  9.042e+06
     2.114  8.368e+06
     2.127  8.157e+06
      2.14  7.667e+06
     2.152  7.593e+06
     2.164  8.282e+06
     2.176  7.787e+06
     2.188  7.714e+06
     2.199  7.098e+06
      2.21  6.097e+06
      2.22  5.987e+06
     2.231  5.411e+06
     2.241  5.078e+06
     2.251  4.771e+06
      2.26  4.709e+06
      2.27  4.801e+06
     2.279  4.466e+06
     2.288   4.12e+06
     2.297  3.837e+06
     2.305   3.69e+06
     2.314  3.499e+06
     2.322  3.698e+06
     2.331  3.446e+06
     2.339  3.438e+06
     2.346  3.162e+06
     2.354  3.316e+06
     2.362   3.03e+06
     2.369  3.018e+06
     2.377  2.865e+06
     2.384  3.001e+06
     2.391  2.966e+06
     2.398   2.55e+06
     2.405  2.199e+06
     2.412  1.938e+06
     2.418  1.687e+06
     2.425  1.454e+06
     2.431  1.256e+06
     2.438  1.103e+06
     2.444  1.086e+06
      2.45   1.11e+06
     2.456  1.043e+06
     2.463  7.121e+05
     2.468  5.692e+05
     2.474  5.678e+05
      2.48  5.086e+05
     2.486  4.175e+05
     2.491  3.893e+05
     2.497  3.307e+05
     2.503   2.54e+05
     2.508  2.102e+05
     2.513  1.911e+05
     2.519  1.516e+05
     2.524  1.539e+05
     2.529  1.125e+05
     2.534  8.829e+04
     2.539  5.707e+04
     2.544  2.343e+04
