    0.7783  7.305e+08
         1  3.809e+08
     1.146  2.703e+08
     1.255  2.099e+08
     1.343  1.717e+08
     1.415  1.446e+08
     1.477  1.239e+08
     1.532  1.082e+08
      1.58  9.574e+07
     1.623   8.57e+07
     1.663  7.721e+07
     1.699  7.008e+07
     1.733  6.398e+07
     1.764  5.865e+07
     1.793  5.414e+07
      1.82  5.014e+07
     1.845  4.656e+07
     1.869  4.356e+07
     1.892  4.082e+07
     1.914  3.836e+07
     1.935  3.619e+07
     1.954  3.421e+07
     1.973  3.244e+07
     1.991  3.085e+07
     2.009  2.945e+07
     2.025  2.811e+07
     2.042  2.687e+07
     2.057  2.571e+07
     2.072  2.466e+07
     2.086  2.366e+07
       2.1  2.273e+07
     2.114  2.185e+07
     2.127  2.103e+07
      2.14  2.026e+07
     2.152  1.954e+07
     2.164  1.893e+07
     2.176  1.833e+07
     2.188  1.778e+07
     2.199  1.724e+07
      2.21  1.669e+07
      2.22  1.617e+07
     2.231  1.567e+07
     2.241  1.518e+07
     2.251  1.471e+07
      2.26  1.427e+07
      2.27  1.387e+07
     2.279  1.347e+07
     2.288  1.308e+07
     2.297  1.271e+07
     2.305  1.235e+07
     2.314  1.201e+07
     2.322  1.169e+07
     2.331  1.139e+07
     2.339  1.109e+07
     2.346  1.081e+07
     2.354  1.054e+07
     2.362  1.028e+07
     2.369  1.003e+07
     2.377  9.792e+06
     2.384  9.568e+06
     2.391  9.353e+06
     2.398  9.135e+06
     2.405  8.917e+06
     2.412    8.7e+06
     2.418  8.486e+06
     2.425  8.275e+06
     2.431  8.067e+06
     2.438  7.864e+06
     2.444  7.669e+06
      2.45  7.482e+06
     2.456  7.302e+06
     2.463  7.121e+06
     2.468  6.942e+06
     2.474  6.771e+06
      2.48  6.605e+06
     2.486  6.444e+06
     2.491  6.287e+06
     2.497  6.136e+06
     2.503  5.988e+06
     2.508  5.844e+06
     2.513  5.705e+06
     2.519  5.571e+06
     2.524  5.441e+06
     2.529  5.315e+06
     2.534  5.193e+06
     2.539  5.074e+06
     2.544  4.958e+06
