     2.001         21
     6.002      21.05
        10      21.32
        14      21.57
        18      21.74
     22.01      21.91
     26.01      22.12
     30.01      22.27
     34.01      22.44
     38.01      22.49
     42.01      22.61
     46.01      22.77
     50.01      22.95
     54.01      23.03
     58.02      23.22
     62.02      23.33
     66.02      23.31
     70.02      23.44
     74.02      23.54
     78.02      23.56
     82.02      23.69
     86.02       23.8
     90.02      23.78
     94.03      23.91
     98.03      23.94
       102      23.97
       106      24.06
       110      24.18
       114      24.15
       118      24.33
       122      24.35
       126      24.47
       130      24.49
       134      24.51
       138      24.74
       142      24.69
       146      24.69
       150      24.76
       154      24.73
       158      24.88
       162      24.98
       166      24.98
       170      25.15
       174      25.24
       178       25.3
     182.1       25.3
     186.1      25.41
     190.1      25.42
     194.1      25.56
     198.1       25.8
     202.1      25.76
     206.1      25.83
     210.1      25.72
     214.1      25.75
     218.1      25.86
     222.1      25.99
     226.1      25.96
     230.1      25.85
     234.1      26.03
     238.1      26.08
     242.1      26.07
     246.1      26.26
     250.1      26.43
     254.1      26.45
     258.1      26.67
     262.1      26.88
     266.1      26.53
     270.1      26.54
     274.1      26.72
     278.1      26.66
     282.1       26.6
     286.1      26.71
     290.1      27.48
     294.1      27.25
     298.1      27.44
     302.1      27.35
     306.1       27.6
     310.1       27.5
     314.1      27.76
     318.1      27.78
     322.1      27.79
     326.1      28.36
     330.1      27.71
     334.1      27.44
     338.1      27.54
     342.1       27.7
     346.1      27.39
     350.1      31.04
