     6.056  3.212e+08
     10.09  9.481e+07
     14.13  7.496e+07
     18.17  5.276e+07
     22.21  3.532e+07
     26.24   1.92e+07
     30.28  1.119e+07
     34.32   8.76e+06
     38.36  8.241e+06
     42.39  7.199e+06
     46.43  5.195e+06
     50.47  3.642e+06
     54.51  3.303e+06
     58.54  2.944e+06
     62.58  2.561e+06
     66.62  2.352e+06
     70.66  2.161e+06
     74.69   1.96e+06
     78.73  1.639e+06
     82.77   1.41e+06
     86.81  1.352e+06
     90.84  8.652e+05
     94.88  7.918e+05
     98.92  5.948e+05
       103  4.995e+05
       107  4.534e+05
       111  5.476e+05
     115.1  3.946e+05
     119.1   3.72e+05
     123.1  3.446e+05
     127.2  2.563e+05
     131.2  2.703e+05
     135.3  2.712e+05
     139.3  2.607e+05
     143.3  2.874e+05
     147.4  2.372e+05
     151.4  2.258e+05
     155.4  1.899e+05
     159.5  1.653e+05
     163.5  1.382e+05
     167.6  1.059e+05
     171.6  1.062e+05
     175.6  1.694e+05
     179.7  8.144e+04
     183.7  8.323e+04
     187.7   4.45e+04
     191.8  5.754e+04
     195.8  3.237e+04
     199.9  3.134e+04
     203.9  5.761e+04
     207.9  5.384e+04
       212  3.054e+04
       216  2.776e+04
       220  4.736e+04
     224.1  2.281e+04
     228.1   1.99e+04
     232.2  3.594e+04
     236.2  2.692e+04
     240.2       3112
     244.3  1.912e+04
     248.3  1.931e+04
     252.3  1.894e+04
     256.4  3.645e+04
     260.4  1.303e+04
     264.5  1.289e+04
     268.5       4930
     272.5          0
     276.6  1.024e+04
     280.6       2304
     284.6          0
     288.7          0
     292.7       6822
     296.8          0
     300.8          0
     304.8          0
     308.9          0
     312.9          0
     316.9          0
       321          0
       325       2402
     329.1          0
     333.1          0
     337.1          0
     341.2          0
     345.2          0
     349.2          0
