     2.019       15.8
     6.056      19.11
     10.09       19.7
     14.13      20.16
     18.17      20.84
     22.21       21.3
     26.24      21.92
     30.28      22.34
     34.32       22.4
     38.36      22.59
     42.39      22.89
     46.43      23.77
     50.47      24.85
     54.51      24.95
     58.54      24.71
     62.58      24.92
     66.62      25.52
     70.66      26.58
     74.69      27.18
     78.73      27.32
     82.77      28.22
     86.81      28.09
     90.84      29.27
     94.88      29.78
     98.92      30.88
       103      30.93
       107      30.66
       111      31.11
     115.1      31.51
     119.1      31.83
     123.1      32.28
     127.2      32.74
     131.2      32.75
     135.3      32.91
     139.3      32.95
     143.3      33.22
     147.4      33.28
     151.4      33.42
     155.4      33.82
     159.5      34.04
     163.5      33.97
     167.6      34.19
     171.6      34.01
     175.6      34.37
     179.7       34.3
     183.7      34.68
     187.7      34.82
     191.8      34.82
     195.8      35.03
     199.9      34.88
     203.9      34.71
     207.9      34.82
       212      35.02
       216      34.91
       220      35.03
     224.1      35.06
     228.1      35.06
     232.2      34.95
     236.2       35.2
     240.2      35.28
     244.3       35.2
     248.3      35.15
     252.3      34.99
     256.4      34.99
     260.4      35.18
     264.5      35.11
     268.5      35.39
     272.5      35.24
     276.6      35.35
     280.6      35.49
     284.6      35.52
     288.7      35.26
     292.7      35.29
     296.8      35.52
     300.8      35.52
     304.8      35.52
     308.9      35.52
     312.9      35.52
     316.9      35.46
       321      35.18
       325      35.46
     329.1      35.52
     333.1      35.52
     337.1      35.52
     341.2      35.52
     345.2      35.52
     349.2      35.52
