     6.002  5.199e+08
        10  1.032e+08
        14  4.821e+07
     18.01  3.415e+07
     22.01  2.583e+07
     26.01   1.72e+07
     30.01  1.073e+07
     34.01  8.848e+06
     38.01   6.95e+06
     42.01  6.368e+06
     46.02  4.783e+06
     50.02  3.927e+06
     54.02  3.095e+06
     58.02  2.398e+06
     62.02   1.98e+06
     66.02  1.485e+06
     70.02  1.447e+06
     74.03  1.043e+06
     78.03  9.359e+05
     82.03  1.132e+06
     86.03  8.842e+05
     90.03  7.741e+05
     94.03  7.159e+05
     98.03  7.156e+05
       102  5.435e+05
       106  5.864e+05
       110  5.328e+05
       114  4.806e+05
       118  4.393e+05
       122  4.068e+05
       126  4.245e+05
       130  4.528e+05
       134  4.122e+05
       138  4.837e+05
     142.1  2.981e+05
     146.1  2.882e+05
     150.1  2.087e+05
     154.1  2.136e+05
     158.1   2.03e+05
     162.1  1.032e+05
     166.1  1.743e+05
     170.1  2.118e+05
     174.1  1.241e+05
     178.1  1.154e+05
     182.1  1.708e+05
     186.1   1.33e+05
     190.1  7.115e+04
     194.1  6.145e+04
     198.1  7.388e+04
     202.1  6.841e+04
     206.1  9.383e+04
     210.1  4.854e+04
     214.1  4.383e+04
     218.1  7.873e+04
     222.1  6.175e+04
     226.1  1.218e+05
     230.1  8.335e+04
     234.1    5.7e+04
     238.1  3.819e+04
     242.1  3.029e+04
     246.1  2.856e+04
     250.1  4.934e+04
     254.1  2.691e+04
     258.1  2.807e+04
     262.1  2.143e+04
     266.1  2.659e+04
     270.1   1.28e+04
     274.1  3.886e+04
     278.1  2.766e+04
     282.1  1.144e+04
     286.1       4779
     290.1  1.077e+04
     294.1       6765
     298.1  1.015e+04
     302.1          0
     306.1          0
     310.1          0
     314.1          0
     318.1          0
     322.1          0
     326.1          0
     330.1          0
     334.1          0
     338.1          0
     342.1          0
     346.1          0
     350.1          0
