     6.002   8.38e+08
        10  2.869e+08
        14  1.543e+08
     18.01  1.017e+08
     22.01   7.44e+07
     26.01  5.693e+07
     30.01  4.467e+07
     34.01  3.627e+07
     38.01  3.012e+07
     42.01  2.561e+07
     46.02  2.199e+07
     50.02  1.911e+07
     54.02  1.674e+07
     58.02  1.476e+07
     62.02  1.312e+07
     66.02  1.171e+07
     70.02  1.054e+07
     74.03   9.51e+06
     78.03  8.631e+06
     82.03    7.9e+06
     86.03  7.248e+06
     90.03  6.673e+06
     94.03  6.166e+06
     98.03  5.721e+06
       102  5.315e+06
       106  4.959e+06
       110  4.637e+06
       114  4.345e+06
       118  4.081e+06
       122   3.84e+06
       126  3.623e+06
       130  3.428e+06
       134  3.248e+06
       138  3.088e+06
     142.1  2.931e+06
     146.1  2.786e+06
     150.1  2.648e+06
     154.1  2.522e+06
     158.1  2.405e+06
     162.1  2.291e+06
     166.1  2.189e+06
     170.1  2.096e+06
     174.1  2.005e+06
     178.1   1.92e+06
     182.1  1.843e+06
     186.1   1.77e+06
     190.1  1.698e+06
     194.1  1.631e+06
     198.1  1.568e+06
     202.1  1.509e+06
     206.1  1.454e+06
     210.1    1.4e+06
     214.1  1.349e+06
     218.1  1.303e+06
     222.1  1.258e+06
     226.1  1.218e+06
     230.1  1.178e+06
     234.1   1.14e+06
     238.1  1.103e+06
     242.1  1.068e+06
     246.1  1.034e+06
     250.1  1.002e+06
     254.1  9.716e+05
     258.1  9.423e+05
     262.1  9.142e+05
     266.1  8.875e+05
     270.1  8.616e+05
     274.1  8.376e+05
     278.1  8.142e+05
     282.1  7.915e+05
     286.1  7.695e+05
     290.1  7.485e+05
     294.1  7.284e+05
     298.1  7.091e+05
     302.1  6.903e+05
     306.1  6.723e+05
     310.1  6.549e+05
     314.1  6.382e+05
     318.1  6.222e+05
     322.1  6.067e+05
     326.1  5.918e+05
     330.1  5.775e+05
     334.1  5.636e+05
     338.1  5.503e+05
     342.1  5.374e+05
     346.1   5.25e+05
     350.1   5.13e+05
