    0.7783  5.199e+08
         1  1.032e+08
     1.146  4.821e+07
     1.255  3.415e+07
     1.343  2.583e+07
     1.415   1.72e+07
     1.477  1.073e+07
     1.532  8.848e+06
      1.58   6.95e+06
     1.623  6.368e+06
     1.663  4.783e+06
     1.699  3.927e+06
     1.733  3.095e+06
     1.764  2.398e+06
     1.793   1.98e+06
      1.82  1.485e+06
     1.845  1.447e+06
     1.869  1.043e+06
     1.892  9.359e+05
     1.914  1.132e+06
     1.935  8.842e+05
     1.954  7.741e+05
     1.973  7.159e+05
     1.991  7.156e+05
     2.009  5.435e+05
     2.025  5.864e+05
     2.042  5.328e+05
     2.057  4.806e+05
     2.072  4.393e+05
     2.087  4.068e+05
     2.101  4.245e+05
     2.114  4.528e+05
     2.127  4.122e+05
      2.14  4.837e+05
     2.152  2.981e+05
     2.165  2.882e+05
     2.176  2.087e+05
     2.188  2.136e+05
     2.199   2.03e+05
      2.21  1.032e+05
      2.22  1.743e+05
     2.231  2.118e+05
     2.241  1.241e+05
     2.251  1.154e+05
      2.26  1.708e+05
      2.27   1.33e+05
     2.279  7.115e+04
     2.288  6.145e+04
     2.297  7.388e+04
     2.306  6.841e+04
     2.314  9.383e+04
     2.322  4.854e+04
     2.331  4.383e+04
     2.339  7.873e+04
     2.347  6.175e+04
     2.354  1.218e+05
     2.362  8.335e+04
     2.369    5.7e+04
     2.377  3.819e+04
     2.384  3.029e+04
     2.391  2.856e+04
     2.398  4.934e+04
     2.405  2.691e+04
     2.412  2.807e+04
     2.418  2.143e+04
     2.425  2.659e+04
     2.432   1.28e+04
     2.438  3.886e+04
     2.444  2.766e+04
      2.45  1.144e+04
     2.457       4779
     2.463  1.077e+04
     2.469       6765
     2.474  1.015e+04
      2.48          0
     2.486          0
     2.492          0
     2.497          0
     2.503          0
     2.508          0
     2.513          0
     2.519          0
     2.524          0
     2.529          0
     2.534          0
     2.539          0
     2.544          0
