    0.7783   8.38e+08
         1  2.869e+08
     1.146  1.543e+08
     1.255  1.017e+08
     1.343   7.44e+07
     1.415  5.693e+07
     1.477  4.467e+07
     1.532  3.627e+07
      1.58  3.012e+07
     1.623  2.561e+07
     1.663  2.199e+07
     1.699  1.911e+07
     1.733  1.674e+07
     1.764  1.476e+07
     1.793  1.312e+07
      1.82  1.171e+07
     1.845  1.054e+07
     1.869   9.51e+06
     1.892  8.631e+06
     1.914    7.9e+06
     1.935  7.248e+06
     1.954  6.673e+06
     1.973  6.166e+06
     1.991  5.721e+06
     2.009  5.315e+06
     2.025  4.959e+06
     2.042  4.637e+06
     2.057  4.345e+06
     2.072  4.081e+06
     2.087   3.84e+06
     2.101  3.623e+06
     2.114  3.428e+06
     2.127  3.248e+06
      2.14  3.088e+06
     2.152  2.931e+06
     2.165  2.786e+06
     2.176  2.648e+06
     2.188  2.522e+06
     2.199  2.405e+06
      2.21  2.291e+06
      2.22  2.189e+06
     2.231  2.096e+06
     2.241  2.005e+06
     2.251   1.92e+06
      2.26  1.843e+06
      2.27   1.77e+06
     2.279  1.698e+06
     2.288  1.631e+06
     2.297  1.568e+06
     2.306  1.509e+06
     2.314  1.454e+06
     2.322    1.4e+06
     2.331  1.349e+06
     2.339  1.303e+06
     2.347  1.258e+06
     2.354  1.218e+06
     2.362  1.178e+06
     2.369   1.14e+06
     2.377  1.103e+06
     2.384  1.068e+06
     2.391  1.034e+06
     2.398  1.002e+06
     2.405  9.716e+05
     2.412  9.423e+05
     2.418  9.142e+05
     2.425  8.875e+05
     2.432  8.616e+05
     2.438  8.376e+05
     2.444  8.142e+05
      2.45  7.915e+05
     2.457  7.695e+05
     2.463  7.485e+05
     2.469  7.284e+05
     2.474  7.091e+05
      2.48  6.903e+05
     2.486  6.723e+05
     2.492  6.549e+05
     2.497  6.382e+05
     2.503  6.222e+05
     2.508  6.067e+05
     2.513  5.918e+05
     2.519  5.775e+05
     2.524  5.636e+05
     2.529  5.503e+05
     2.534  5.374e+05
     2.539   5.25e+05
     2.544   5.13e+05
