     2.001      17.59
     6.002      19.43
        10      20.52
        14      21.24
     18.01      21.51
     22.01      21.95
     26.01      22.65
     30.01      23.24
     34.01      23.35
     38.01       23.6
     42.01      24.43
     46.02      24.17
     50.02      24.65
     54.02      25.49
     58.02      25.83
     62.02      26.63
     66.02      27.81
     70.02      27.81
     74.03      28.72
     78.03      28.82
     82.03      29.05
     86.03      29.43
     90.03      29.09
     94.03      29.58
     98.03      30.24
       102      30.11
       106      29.75
       110      30.37
       114       30.6
       118      30.49
       122      31.51
       126      31.76
       130      31.92
       134      32.25
       138      32.31
     142.1      32.32
     146.1      32.61
     150.1      32.84
     154.1      33.21
     158.1      33.33
     162.1      33.61
     166.1      33.39
     170.1       33.9
     174.1      34.15
     178.1      33.73
     182.1      34.07
     186.1      34.43
     190.1      34.77
     194.1      34.86
     198.1      34.63
     202.1      34.57
     206.1      34.69
     210.1      34.82
     214.1      34.66
     218.1      34.48
     222.1      34.54
     226.1      34.66
     230.1      34.76
     234.1      34.92
     238.1      35.07
     242.1      35.09
     246.1      34.99
     250.1       34.9
     254.1      34.95
     258.1      35.03
     262.1       34.9
     266.1      34.86
     270.1      34.88
     274.1      34.73
     278.1      35.08
     282.1      35.24
     286.1         35
     290.1      35.09
     294.1      35.11
     298.1      35.39
     302.1      35.52
     306.1      35.52
     310.1      35.52
     314.1      35.52
     318.1      35.52
     322.1      35.52
     326.1      35.52
     330.1      35.52
     334.1      35.52
     338.1      35.52
     342.1      35.52
     346.1      35.52
     350.1      35.52
