     6.002  9.864e+08
        10   3.69e+08
        14  2.162e+08
     18.01  1.519e+08
     22.01  1.183e+08
     26.01  9.316e+07
     30.01  7.542e+07
     34.01   6.24e+07
     38.01  5.249e+07
     42.01  4.461e+07
     46.02  3.834e+07
     50.02  3.376e+07
     54.02  2.982e+07
     58.02  2.648e+07
     62.02  2.372e+07
     66.02  2.141e+07
     70.02  1.946e+07
     74.03  1.777e+07
     78.03  1.629e+07
     82.03  1.502e+07
     86.03   1.39e+07
     90.03  1.292e+07
     94.03  1.204e+07
     98.03  1.127e+07
       102   1.06e+07
       106  9.978e+06
       110  9.449e+06
       114  8.962e+06
       118  8.494e+06
       122  8.087e+06
       126  7.676e+06
       130  7.293e+06
       134  6.917e+06
       138  6.569e+06
     142.1  6.254e+06
     146.1  5.958e+06
     150.1  5.677e+06
     154.1  5.414e+06
     158.1  5.165e+06
     162.1  4.938e+06
     166.1  4.726e+06
     170.1  4.531e+06
     174.1  4.349e+06
     178.1   4.18e+06
     182.1  4.019e+06
     186.1  3.866e+06
     190.1  3.719e+06
     194.1  3.583e+06
     198.1  3.456e+06
     202.1  3.335e+06
     206.1   3.22e+06
     210.1  3.112e+06
     214.1  3.011e+06
     218.1  2.916e+06
     222.1  2.825e+06
     226.1  2.738e+06
     230.1  2.656e+06
     234.1  2.578e+06
     238.1  2.507e+06
     242.1  2.437e+06
     246.1  2.367e+06
     250.1    2.3e+06
     254.1  2.234e+06
     258.1  2.169e+06
     262.1  2.106e+06
     266.1  2.047e+06
     270.1  1.989e+06
     274.1  1.933e+06
     278.1   1.88e+06
     282.1   1.83e+06
     286.1   1.78e+06
     290.1  1.733e+06
     294.1  1.687e+06
     298.1  1.643e+06
     302.1  1.601e+06
     306.1   1.56e+06
     310.1   1.52e+06
     314.1  1.482e+06
     318.1  1.446e+06
     322.1  1.411e+06
     326.1  1.377e+06
     330.1  1.344e+06
     334.1  1.312e+06
     338.1  1.282e+06
     342.1  1.252e+06
     346.1  1.223e+06
     350.1  1.195e+06
