     6.002  6.451e+08
        10  1.631e+08
        14  9.394e+07
     18.01  6.926e+07
     22.01  5.862e+07
     26.01  3.598e+07
     30.01  2.631e+07
     34.01  1.985e+07
     38.01  1.519e+07
     42.01  1.104e+07
     46.02  8.456e+06
     50.02   9.69e+06
     54.02  7.095e+06
     58.02  5.564e+06
     62.02  5.125e+06
     66.02  4.585e+06
     70.02  4.382e+06
     74.03  3.773e+06
     78.03  3.365e+06
     82.03  3.205e+06
     86.03  3.038e+06
     90.03  2.895e+06
     94.03  2.573e+06
     98.03   2.52e+06
       102  2.795e+06
       106  2.322e+06
       110  2.707e+06
       114   2.51e+06
       118  2.053e+06
       122  2.285e+06
       126   1.62e+06
       130  1.437e+06
       134  1.006e+06
       138  9.084e+05
     142.1  9.703e+05
     146.1  8.628e+05
     150.1  6.738e+05
     154.1  6.237e+05
     158.1  4.932e+05
     162.1  5.644e+05
     166.1  5.399e+05
     170.1  5.848e+05
     174.1  5.695e+05
     178.1   5.78e+05
     182.1  5.333e+05
     186.1   4.61e+05
     190.1  3.726e+05
     194.1  4.279e+05
     198.1  4.186e+05
     202.1  4.078e+05
     206.1  3.876e+05
     210.1   3.64e+05
     214.1  4.175e+05
     218.1   4.25e+05
     222.1  3.993e+05
     226.1  3.565e+05
     230.1  3.947e+05
     234.1  3.515e+05
     238.1  4.816e+05
     242.1   3.94e+05
     246.1    2.8e+05
     250.1  2.704e+05
     254.1  2.128e+05
     258.1  1.312e+05
     262.1  1.124e+05
     266.1  1.192e+05
     270.1  8.893e+04
     274.1   8.73e+04
     278.1  1.033e+05
     282.1  9.811e+04
     286.1  6.306e+04
     290.1  5.316e+04
     294.1  6.126e+04
     298.1  4.696e+04
     302.1  3.355e+04
     306.1  3.003e+04
     310.1   2.73e+04
     314.1  3.326e+04
     318.1  4.823e+04
     322.1  2.841e+04
     326.1  2.307e+04
     330.1  2.273e+04
     334.1  1.236e+04
     338.1  2.577e+04
     342.1  1.468e+04
     346.1       4052
     350.1       1877
