    0.7783  9.864e+08
         1   3.69e+08
     1.146  2.162e+08
     1.255  1.519e+08
     1.343  1.183e+08
     1.415  9.316e+07
     1.477  7.542e+07
     1.532   6.24e+07
      1.58  5.249e+07
     1.623  4.461e+07
     1.663  3.834e+07
     1.699  3.376e+07
     1.733  2.982e+07
     1.764  2.648e+07
     1.793  2.372e+07
      1.82  2.141e+07
     1.845  1.946e+07
     1.869  1.777e+07
     1.892  1.629e+07
     1.914  1.502e+07
     1.935   1.39e+07
     1.954  1.292e+07
     1.973  1.204e+07
     1.991  1.127e+07
     2.009   1.06e+07
     2.025  9.978e+06
     2.042  9.449e+06
     2.057  8.962e+06
     2.072  8.494e+06
     2.087  8.087e+06
     2.101  7.676e+06
     2.114  7.293e+06
     2.127  6.917e+06
      2.14  6.569e+06
     2.152  6.254e+06
     2.165  5.958e+06
     2.176  5.677e+06
     2.188  5.414e+06
     2.199  5.165e+06
      2.21  4.938e+06
      2.22  4.726e+06
     2.231  4.531e+06
     2.241  4.349e+06
     2.251   4.18e+06
      2.26  4.019e+06
      2.27  3.866e+06
     2.279  3.719e+06
     2.288  3.583e+06
     2.297  3.456e+06
     2.306  3.335e+06
     2.314   3.22e+06
     2.322  3.112e+06
     2.331  3.011e+06
     2.339  2.916e+06
     2.347  2.825e+06
     2.354  2.738e+06
     2.362  2.656e+06
     2.369  2.578e+06
     2.377  2.507e+06
     2.384  2.437e+06
     2.391  2.367e+06
     2.398    2.3e+06
     2.405  2.234e+06
     2.412  2.169e+06
     2.418  2.106e+06
     2.425  2.047e+06
     2.432  1.989e+06
     2.438  1.933e+06
     2.444   1.88e+06
      2.45   1.83e+06
     2.457   1.78e+06
     2.463  1.733e+06
     2.469  1.687e+06
     2.474  1.643e+06
      2.48  1.601e+06
     2.486   1.56e+06
     2.492   1.52e+06
     2.497  1.482e+06
     2.503  1.446e+06
     2.508  1.411e+06
     2.513  1.377e+06
     2.519  1.344e+06
     2.524  1.312e+06
     2.529  1.282e+06
     2.534  1.252e+06
     2.539  1.223e+06
     2.544  1.195e+06
