    0.7783  6.451e+08
         1  1.631e+08
     1.146  9.394e+07
     1.255  6.926e+07
     1.343  5.862e+07
     1.415  3.598e+07
     1.477  2.631e+07
     1.532  1.985e+07
      1.58  1.519e+07
     1.623  1.104e+07
     1.663  8.456e+06
     1.699   9.69e+06
     1.733  7.095e+06
     1.764  5.564e+06
     1.793  5.125e+06
      1.82  4.585e+06
     1.845  4.382e+06
     1.869  3.773e+06
     1.892  3.365e+06
     1.914  3.205e+06
     1.935  3.038e+06
     1.954  2.895e+06
     1.973  2.573e+06
     1.991   2.52e+06
     2.009  2.795e+06
     2.025  2.322e+06
     2.042  2.707e+06
     2.057   2.51e+06
     2.072  2.053e+06
     2.087  2.285e+06
     2.101   1.62e+06
     2.114  1.437e+06
     2.127  1.006e+06
      2.14  9.084e+05
     2.152  9.703e+05
     2.165  8.628e+05
     2.176  6.738e+05
     2.188  6.237e+05
     2.199  4.932e+05
      2.21  5.644e+05
      2.22  5.399e+05
     2.231  5.848e+05
     2.241  5.695e+05
     2.251   5.78e+05
      2.26  5.333e+05
      2.27   4.61e+05
     2.279  3.726e+05
     2.288  4.279e+05
     2.297  4.186e+05
     2.306  4.078e+05
     2.314  3.876e+05
     2.322   3.64e+05
     2.331  4.175e+05
     2.339   4.25e+05
     2.347  3.993e+05
     2.354  3.565e+05
     2.362  3.947e+05
     2.369  3.515e+05
     2.377  4.816e+05
     2.384   3.94e+05
     2.391    2.8e+05
     2.398  2.704e+05
     2.405  2.128e+05
     2.412  1.312e+05
     2.418  1.124e+05
     2.425  1.192e+05
     2.432  8.893e+04
     2.438   8.73e+04
     2.444  1.033e+05
      2.45  9.811e+04
     2.457  6.306e+04
     2.463  5.316e+04
     2.469  6.126e+04
     2.474  4.696e+04
      2.48  3.355e+04
     2.486  3.003e+04
     2.492   2.73e+04
     2.497  3.326e+04
     2.503  4.823e+04
     2.508  2.841e+04
     2.513  2.307e+04
     2.519  2.273e+04
     2.524  1.236e+04
     2.529  2.577e+04
     2.534  1.468e+04
     2.539       4052
     2.544       1877
