     2.001       17.9
     6.002      19.59
        10      19.89
        14       20.1
     18.01       20.2
     22.01      20.43
     26.01      20.91
     30.01      21.33
     34.01      21.64
     38.01         22
     42.01       22.3
     46.02      22.57
     50.02       22.9
     54.02      23.03
     58.02       23.2
     62.02      23.77
     66.02      24.01
     70.02      23.94
     74.03      24.42
     78.03      24.44
     82.03      24.54
     86.03      25.12
     90.03      24.81
     94.03      25.24
     98.03       25.5
       102      25.54
       106      25.87
       110      25.64
       114      26.27
       118      26.94
       122      27.22
       126      27.37
       130      28.17
       134      28.64
       138      28.01
     142.1      28.09
     146.1      28.91
     150.1      29.39
     154.1       29.7
     158.1      29.79
     162.1      29.39
     166.1       29.6
     170.1      29.75
     174.1      29.63
     178.1      29.82
     182.1      30.23
     186.1      30.93
     190.1      31.06
     194.1      31.08
     198.1      31.28
     202.1      30.81
     206.1      31.46
     210.1      31.29
     214.1      31.05
     218.1      31.43
     222.1      31.49
     226.1      31.61
     230.1      31.34
     234.1      31.34
     238.1      31.22
     242.1      31.92
     246.1      31.98
     250.1      32.39
     254.1      32.65
     258.1      32.68
     262.1       32.8
     266.1      32.71
     270.1      33.02
     274.1      32.16
     278.1      31.98
     282.1      32.43
     286.1      32.83
     290.1      32.49
     294.1      32.91
     298.1      33.09
     302.1      33.48
     306.1      33.48
     310.1      32.73
     314.1      32.42
     318.1      32.31
     322.1      32.45
     326.1      32.22
     330.1      32.44
     334.1      32.25
     338.1       32.4
     342.1      32.41
     346.1      34.28
     350.1      35.52
