     6.035  4.336e+08
     10.06  1.204e+08
     14.08  5.217e+07
     18.11  3.269e+07
     22.13  1.963e+07
     26.15  1.351e+07
     30.18  9.774e+06
      34.2  8.337e+06
     38.22  6.865e+06
     42.25  4.901e+06
     46.27   3.58e+06
      50.3   2.98e+06
     54.32  2.433e+06
     58.34  2.206e+06
     62.37  1.767e+06
     66.39  2.078e+06
     70.41  1.046e+06
     74.44  7.977e+05
     78.46  6.637e+05
     82.48  6.483e+05
     86.51  5.617e+05
     90.53  4.862e+05
     94.55  3.699e+05
     98.58  3.661e+05
     102.6  1.744e+05
     106.6  1.838e+05
     110.6  1.438e+05
     114.7  1.453e+05
     118.7    1.4e+05
     122.7  9.224e+04
     126.7  1.237e+05
     130.8  1.111e+05
     134.8  1.003e+05
     138.8  1.063e+05
     142.8  9.365e+04
     146.9   8.98e+04
     150.9  9.217e+04
     154.9  4.875e+04
     158.9   6.13e+04
       163  4.129e+04
       167  4.111e+04
       171  4.018e+04
       175   2.32e+04
     179.1  3.379e+04
     183.1  1.878e+04
     187.1  4.308e+04
     191.1   2.49e+04
     195.1       7352
     199.2  1.716e+04
     203.2  1.705e+04
     207.2  2.903e+04
     211.2  3.821e+04
     215.3          0
     219.3       9657
     223.3  1.823e+04
     227.3  1.492e+04
     231.4  2.059e+04
     235.4   1.99e+04
     239.4  1.385e+04
     243.4  1.393e+04
     247.5  4.604e+04
     251.5  3.228e+04
     255.5  5.614e+04
     259.5  2.158e+04
     263.5  1.477e+04
     267.6       8683
     271.6       7373
     275.6          0
     279.6       7016
     283.7       2363
     287.7       4602
     291.7       4618
     295.7       2126
     299.8          0
     303.8          0
     307.8          0
     311.8          0
     315.9          0
     319.9          0
     323.9          0
     327.9          0
     331.9          0
       336          0
       340          0
       344          0
       348          0
