     6.035  6.812e+08
     10.06  2.606e+08
     14.08  1.448e+08
     18.11  9.575e+07
     22.13  6.835e+07
     26.15  5.159e+07
     30.18   4.05e+07
      34.2  3.296e+07
     38.22  2.748e+07
     42.25  2.319e+07
     46.27  1.979e+07
      50.3   1.71e+07
     54.32  1.493e+07
     58.34  1.318e+07
     62.37  1.171e+07
     66.39  1.054e+07
     70.41  9.458e+06
     74.44  8.523e+06
     78.46  7.717e+06
     82.48  7.028e+06
     86.51  6.427e+06
     90.53  5.899e+06
     94.55  5.429e+06
     98.58  5.016e+06
     102.6  4.636e+06
     106.6    4.3e+06
     110.6  3.998e+06
     114.7  3.728e+06
     118.7  3.485e+06
     122.7  3.262e+06
     126.7  3.063e+06
     130.8  2.881e+06
     134.8  2.715e+06
     138.8  2.564e+06
     142.8  2.425e+06
     146.9  2.297e+06
     150.9  2.179e+06
     154.9  2.069e+06
     158.9  1.967e+06
       163  1.872e+06
       167  1.784e+06
       171  1.702e+06
       175  1.625e+06
     179.1  1.553e+06
     183.1  1.486e+06
     187.1  1.424e+06
     191.1  1.365e+06
     195.1  1.309e+06
     199.2  1.257e+06
     203.2  1.208e+06
     207.2  1.162e+06
     211.2  1.119e+06
     215.3  1.077e+06
     219.3  1.038e+06
     223.3  1.001e+06
     227.3  9.663e+05
     231.4  9.334e+05
     235.4  9.022e+05
     239.4  8.724e+05
     243.4   8.44e+05
     247.5   8.18e+05
     251.5  7.929e+05
     255.5  7.697e+05
     259.5  7.465e+05
     263.5  7.242e+05
     267.6  7.026e+05
     271.6   6.82e+05
     275.6  6.621e+05
     279.6  6.433e+05
     283.7  6.251e+05
     287.7  6.077e+05
     291.7  5.911e+05
     295.7  5.751e+05
     299.8  5.596e+05
     303.8  5.448e+05
     307.8  5.306e+05
     311.8  5.169e+05
     315.9  5.037e+05
     319.9   4.91e+05
     323.9  4.788e+05
     327.9  4.671e+05
     331.9  4.558e+05
       336  4.448e+05
       340  4.343e+05
       344  4.242e+05
       348  4.144e+05
