    0.7807  6.812e+08
     1.003  2.606e+08
     1.149  1.448e+08
     1.258  9.575e+07
     1.345  6.835e+07
     1.418  5.159e+07
      1.48   4.05e+07
     1.534  3.296e+07
     1.582  2.748e+07
     1.626  2.319e+07
     1.665  1.979e+07
     1.702   1.71e+07
     1.735  1.493e+07
     1.766  1.318e+07
     1.795  1.171e+07
     1.822  1.054e+07
     1.848  9.458e+06
     1.872  8.523e+06
     1.895  7.717e+06
     1.916  7.028e+06
     1.937  6.427e+06
     1.957  5.899e+06
     1.976  5.429e+06
     1.994  5.016e+06
     2.011  4.636e+06
     2.028    4.3e+06
     2.044  3.998e+06
     2.059  3.728e+06
     2.074  3.485e+06
     2.089  3.262e+06
     2.103  3.063e+06
     2.116  2.881e+06
      2.13  2.715e+06
     2.142  2.564e+06
     2.155  2.425e+06
     2.167  2.297e+06
     2.179  2.179e+06
      2.19  2.069e+06
     2.201  1.967e+06
     2.212  1.872e+06
     2.223  1.784e+06
     2.233  1.702e+06
     2.243  1.625e+06
     2.253  1.553e+06
     2.263  1.486e+06
     2.272  1.424e+06
     2.281  1.365e+06
      2.29  1.309e+06
     2.299  1.257e+06
     2.308  1.208e+06
     2.316  1.162e+06
     2.325  1.119e+06
     2.333  1.077e+06
     2.341  1.038e+06
     2.349  1.001e+06
     2.357  9.663e+05
     2.364  9.334e+05
     2.372  9.022e+05
     2.379  8.724e+05
     2.386   8.44e+05
     2.393   8.18e+05
       2.4  7.929e+05
     2.407  7.697e+05
     2.414  7.465e+05
     2.421  7.242e+05
     2.427  7.026e+05
     2.434   6.82e+05
      2.44  6.621e+05
     2.447  6.433e+05
     2.453  6.251e+05
     2.459  6.077e+05
     2.465  5.911e+05
     2.471  5.751e+05
     2.477  5.596e+05
     2.483  5.448e+05
     2.488  5.306e+05
     2.494  5.169e+05
     2.499  5.037e+05
     2.505   4.91e+05
      2.51  4.788e+05
     2.516  4.671e+05
     2.521  4.558e+05
     2.526  4.448e+05
     2.531  4.343e+05
     2.537  4.242e+05
     2.542  4.144e+05
