    0.7807  4.336e+08
     1.003  1.204e+08
     1.149  5.217e+07
     1.258  3.269e+07
     1.345  1.963e+07
     1.418  1.351e+07
      1.48  9.774e+06
     1.534  8.337e+06
     1.582  6.865e+06
     1.626  4.901e+06
     1.665   3.58e+06
     1.702   2.98e+06
     1.735  2.433e+06
     1.766  2.206e+06
     1.795  1.767e+06
     1.822  2.078e+06
     1.848  1.046e+06
     1.872  7.977e+05
     1.895  6.637e+05
     1.916  6.483e+05
     1.937  5.617e+05
     1.957  4.862e+05
     1.976  3.699e+05
     1.994  3.661e+05
     2.011  1.744e+05
     2.028  1.838e+05
     2.044  1.438e+05
     2.059  1.453e+05
     2.074    1.4e+05
     2.089  9.224e+04
     2.103  1.237e+05
     2.116  1.111e+05
      2.13  1.003e+05
     2.142  1.063e+05
     2.155  9.365e+04
     2.167   8.98e+04
     2.179  9.217e+04
      2.19  4.875e+04
     2.201   6.13e+04
     2.212  4.129e+04
     2.223  4.111e+04
     2.233  4.018e+04
     2.243   2.32e+04
     2.253  3.379e+04
     2.263  1.878e+04
     2.272  4.308e+04
     2.281   2.49e+04
      2.29       7352
     2.299  1.716e+04
     2.308  1.705e+04
     2.316  2.903e+04
     2.325  3.821e+04
     2.333          0
     2.341       9657
     2.349  1.823e+04
     2.357  1.492e+04
     2.364  2.059e+04
     2.372   1.99e+04
     2.379  1.385e+04
     2.386  1.393e+04
     2.393  4.604e+04
       2.4  3.228e+04
     2.407  5.614e+04
     2.414  2.158e+04
     2.421  1.477e+04
     2.427       8683
     2.434       7373
      2.44          0
     2.447       7016
     2.453       2363
     2.459       4602
     2.465       4618
     2.471       2126
     2.477          0
     2.483          0
     2.488          0
     2.494          0
     2.499          0
     2.505          0
      2.51          0
     2.516          0
     2.521          0
     2.526          0
     2.531          0
     2.537          0
     2.542          0
