     2.012       18.9
     6.035       20.1
     10.06      20.89
     14.08       21.4
     18.11      21.74
     22.13      22.08
     26.15      22.36
     30.18      22.66
      34.2       23.2
     38.22      23.62
     42.25      24.81
     46.27      24.91
      50.3      25.41
     54.32      26.11
     58.34      26.49
     62.37      27.21
     66.39      28.13
     70.41      28.52
     74.44      28.89
     78.46      29.68
     82.48      29.36
     86.51       30.2
     90.53      30.73
     94.55       31.3
     98.58      31.81
     102.6      32.96
     106.6      33.17
     110.6      33.15
     114.7      33.41
     118.7      33.93
     122.7      33.92
     126.7      34.06
     130.8      34.03
     134.8      33.92
     138.8      33.91
     142.8      33.97
     146.9      34.04
     150.9      34.38
     154.9      34.53
     158.9      34.52
       163      34.73
       167      34.87
       171      34.82
       175      35.07
     179.1      35.04
     183.1      35.12
     187.1      35.17
     191.1      35.24
     195.1      35.25
     199.2      35.22
     203.2      35.18
     207.2      35.12
     211.2      35.33
     215.3      35.39
     219.3       35.3
     223.3      35.18
     227.3      35.29
     231.4      35.14
     235.4      35.17
     239.4      35.24
     243.4      35.16
     247.5      35.08
     251.5      35.05
     255.5      34.95
     259.5       35.1
     263.5      35.26
     267.6      35.21
     271.6      35.38
     275.6      35.35
     279.6      35.23
     283.7      35.29
     287.7      35.32
     291.7      35.37
     295.7      35.38
     299.8      35.49
     303.8      35.52
     307.8      35.52
     311.8      35.52
     315.9      35.52
     319.9      35.52
     323.9      35.52
     327.9      35.52
     331.9      35.52
       336      35.52
       340      35.52
       344      35.52
       348      35.52
