     6.001  1.173e+09
        10  4.979e+08
        14  3.095e+08
        18  2.204e+08
     22.01  1.661e+08
     26.01  1.336e+08
     30.01  1.099e+08
     34.01  9.331e+07
     38.01  7.986e+07
     42.01  6.953e+07
     46.01  6.166e+07
     50.01  5.493e+07
     54.01  4.911e+07
     58.01  4.429e+07
     62.01      4e+07
     66.02  3.629e+07
     70.02  3.303e+07
     74.02  3.025e+07
     78.02  2.785e+07
     82.02  2.569e+07
     86.02  2.376e+07
     90.02   2.21e+07
     94.02  2.059e+07
     98.02  1.921e+07
       102  1.798e+07
       106  1.687e+07
       110  1.589e+07
       114  1.498e+07
       118  1.414e+07
       122  1.338e+07
       126  1.269e+07
       130  1.205e+07
       134  1.143e+07
       138  1.088e+07
       142  1.035e+07
       146  9.884e+06
       150   9.47e+06
       154  9.103e+06
       158  8.734e+06
       162  8.369e+06
       166  8.026e+06
       170  7.719e+06
       174  7.433e+06
       178  7.159e+06
       182  6.892e+06
       186  6.645e+06
       190  6.424e+06
       194  6.205e+06
       198  5.995e+06
       202  5.797e+06
       206  5.608e+06
       210  5.432e+06
     214.1  5.274e+06
     218.1  5.128e+06
     222.1  4.979e+06
     226.1  4.837e+06
     230.1  4.706e+06
     234.1  4.575e+06
     238.1  4.457e+06
     242.1  4.348e+06
     246.1  4.236e+06
     250.1  4.124e+06
     254.1  4.015e+06
     258.1  3.905e+06
     262.1  3.797e+06
     266.1  3.692e+06
     270.1  3.589e+06
     274.1  3.491e+06
     278.1  3.395e+06
     282.1  3.305e+06
     286.1  3.222e+06
     290.1  3.139e+06
     294.1  3.057e+06
     298.1  2.977e+06
     302.1  2.903e+06
     306.1  2.829e+06
     310.1  2.757e+06
     314.1  2.688e+06
     318.1  2.622e+06
     322.1  2.557e+06
     326.1  2.495e+06
     330.1  2.435e+06
     334.1  2.377e+06
     338.1  2.321e+06
     342.1  2.266e+06
     346.1  2.214e+06
     350.1  2.164e+06
