     6.001  8.814e+08
        10  2.729e+08
        14  1.589e+08
        18  1.057e+08
     22.01  6.964e+07
     26.01  5.969e+07
     30.01  4.415e+07
     34.01  3.924e+07
     38.01  2.926e+07
     42.01  2.548e+07
     46.01  2.419e+07
     50.01  1.953e+07
     54.01  1.554e+07
     58.01  1.414e+07
     62.01  1.104e+07
     66.02  9.321e+06
     70.02  7.795e+06
     74.02   7.26e+06
     78.02  6.856e+06
     82.02  5.665e+06
     86.02   4.96e+06
     90.02  5.062e+06
     94.02  4.356e+06
     98.02  3.706e+06
       102  3.478e+06
       106  3.303e+06
       110   3.36e+06
       114  2.898e+06
       118  2.651e+06
       122  2.427e+06
       126  2.518e+06
       130  2.284e+06
       134  1.796e+06
       138  1.928e+06
       142  1.458e+06
       146  1.796e+06
       150  2.135e+06
       154  2.403e+06
       158  1.803e+06
       162  1.344e+06
       166  1.245e+06
       170  1.512e+06
       174  1.495e+06
       178  1.346e+06
       182   1.08e+06
       186  1.148e+06
       190   1.38e+06
       194  1.134e+06
       198  9.893e+05
       202  9.953e+05
       206  9.246e+05
       210  1.004e+06
     214.1  1.211e+06
     218.1   1.28e+06
     222.1  1.008e+06
     226.1  9.549e+05
     230.1  1.064e+06
     234.1  8.921e+05
     238.1  1.054e+06
     242.1  1.165e+06
     246.1  8.836e+05
     250.1  7.641e+05
     254.1  6.566e+05
     258.1  4.653e+05
     262.1  3.719e+05
     266.1  2.951e+05
     270.1  2.291e+05
     274.1  2.085e+05
     278.1  1.813e+05
     282.1  2.076e+05
     286.1  3.203e+05
     290.1  2.313e+05
     294.1  1.401e+05
     298.1  7.596e+04
     302.1  1.873e+05
     306.1  7.016e+04
     310.1  3.915e+04
     314.1  4.656e+04
     318.1  3.704e+04
     322.1  2.442e+04
     326.1  2.158e+04
     330.1  1.573e+04
     334.1       5626
     338.1       8440
     342.1       3816
     346.1       5765
     350.1       1740
