    0.7783  1.173e+09
         1  4.979e+08
     1.146  3.095e+08
     1.255  2.204e+08
     1.343  1.661e+08
     1.415  1.336e+08
     1.477  1.099e+08
     1.532  9.331e+07
      1.58  7.986e+07
     1.623  6.953e+07
     1.663  6.166e+07
     1.699  5.493e+07
     1.732  4.911e+07
     1.764  4.429e+07
     1.792      4e+07
      1.82  3.629e+07
     1.845  3.303e+07
     1.869  3.025e+07
     1.892  2.785e+07
     1.914  2.569e+07
     1.935  2.376e+07
     1.954   2.21e+07
     1.973  2.059e+07
     1.991  1.921e+07
     2.009  1.798e+07
     2.025  1.687e+07
     2.041  1.589e+07
     2.057  1.498e+07
     2.072  1.414e+07
     2.086  1.338e+07
       2.1  1.269e+07
     2.114  1.205e+07
     2.127  1.143e+07
      2.14  1.088e+07
     2.152  1.035e+07
     2.164  9.884e+06
     2.176   9.47e+06
     2.188  9.103e+06
     2.199  8.734e+06
      2.21  8.369e+06
      2.22  8.026e+06
     2.231  7.719e+06
     2.241  7.433e+06
     2.251  7.159e+06
      2.26  6.892e+06
      2.27  6.645e+06
     2.279  6.424e+06
     2.288  6.205e+06
     2.297  5.995e+06
     2.305  5.797e+06
     2.314  5.608e+06
     2.322  5.432e+06
     2.331  5.274e+06
     2.339  5.128e+06
     2.346  4.979e+06
     2.354  4.837e+06
     2.362  4.706e+06
     2.369  4.575e+06
     2.377  4.457e+06
     2.384  4.348e+06
     2.391  4.236e+06
     2.398  4.124e+06
     2.405  4.015e+06
     2.412  3.905e+06
     2.418  3.797e+06
     2.425  3.692e+06
     2.431  3.589e+06
     2.438  3.491e+06
     2.444  3.395e+06
      2.45  3.305e+06
     2.456  3.222e+06
     2.463  3.139e+06
     2.468  3.057e+06
     2.474  2.977e+06
      2.48  2.903e+06
     2.486  2.829e+06
     2.491  2.757e+06
     2.497  2.688e+06
     2.503  2.622e+06
     2.508  2.557e+06
     2.513  2.495e+06
     2.519  2.435e+06
     2.524  2.377e+06
     2.529  2.321e+06
     2.534  2.266e+06
     2.539  2.214e+06
     2.544  2.164e+06
