    0.7783  8.814e+08
         1  2.729e+08
     1.146  1.589e+08
     1.255  1.057e+08
     1.343  6.964e+07
     1.415  5.969e+07
     1.477  4.415e+07
     1.532  3.924e+07
      1.58  2.926e+07
     1.623  2.548e+07
     1.663  2.419e+07
     1.699  1.953e+07
     1.732  1.554e+07
     1.764  1.414e+07
     1.792  1.104e+07
      1.82  9.321e+06
     1.845  7.795e+06
     1.869   7.26e+06
     1.892  6.856e+06
     1.914  5.665e+06
     1.935   4.96e+06
     1.954  5.062e+06
     1.973  4.356e+06
     1.991  3.706e+06
     2.009  3.478e+06
     2.025  3.303e+06
     2.041   3.36e+06
     2.057  2.898e+06
     2.072  2.651e+06
     2.086  2.427e+06
       2.1  2.518e+06
     2.114  2.284e+06
     2.127  1.796e+06
      2.14  1.928e+06
     2.152  1.458e+06
     2.164  1.796e+06
     2.176  2.135e+06
     2.188  2.403e+06
     2.199  1.803e+06
      2.21  1.344e+06
      2.22  1.245e+06
     2.231  1.512e+06
     2.241  1.495e+06
     2.251  1.346e+06
      2.26   1.08e+06
      2.27  1.148e+06
     2.279   1.38e+06
     2.288  1.134e+06
     2.297  9.893e+05
     2.305  9.953e+05
     2.314  9.246e+05
     2.322  1.004e+06
     2.331  1.211e+06
     2.339   1.28e+06
     2.346  1.008e+06
     2.354  9.549e+05
     2.362  1.064e+06
     2.369  8.921e+05
     2.377  1.054e+06
     2.384  1.165e+06
     2.391  8.836e+05
     2.398  7.641e+05
     2.405  6.566e+05
     2.412  4.653e+05
     2.418  3.719e+05
     2.425  2.951e+05
     2.431  2.291e+05
     2.438  2.085e+05
     2.444  1.813e+05
      2.45  2.076e+05
     2.456  3.203e+05
     2.463  2.313e+05
     2.468  1.401e+05
     2.474  7.596e+04
      2.48  1.873e+05
     2.486  7.016e+04
     2.491  3.915e+04
     2.497  4.656e+04
     2.503  3.704e+04
     2.508  2.442e+04
     2.513  2.158e+04
     2.519  1.573e+04
     2.524       5626
     2.529       8440
     2.534       3816
     2.539       5765
     2.544       1740
