         2      18.45
     6.001       19.8
        10       20.3
        14      20.51
        18      20.87
     22.01      21.26
     26.01      21.47
     30.01       21.7
     34.01      22.01
     38.01      22.29
     42.01      22.36
     46.01      22.54
     50.01       22.7
     54.01      22.92
     58.01      23.15
     62.01      23.32
     66.02      23.34
     70.02      23.47
     74.02      23.63
     78.02       23.7
     82.02      23.95
     86.02      24.09
     90.02      24.46
     94.02      24.46
     98.02      24.67
       102      25.07
       106      25.13
       110      25.39
       114      25.08
       118      25.37
       122      25.58
       126      25.83
       130      25.93
       134      25.75
       138      26.09
       142      26.33
       146       26.2
       150      26.31
       154      26.61
       158      26.93
       162       27.3
       166      26.84
       170         27
       174      27.45
       178      27.61
       182      27.62
       186      27.32
       190      27.54
       194      27.86
       198      28.16
       202      28.44
       206      28.66
       210      28.52
     214.1      28.67
     218.1      29.09
     222.1      29.34
     226.1      28.92
     230.1      28.83
     234.1       28.9
     238.1      29.14
     242.1      29.07
     246.1      29.55
     250.1      29.72
     254.1      29.74
     258.1      30.12
     262.1      30.32
     266.1         31
     270.1      30.91
     274.1      31.15
     278.1      31.27
     282.1      31.14
     286.1      31.29
     290.1      31.45
     294.1      32.17
     298.1      32.93
     302.1      32.89
     306.1      33.17
     310.1      32.53
     314.1      31.87
     318.1      33.12
     322.1         33
     326.1      33.42
     330.1      34.05
     334.1      34.18
     338.1      33.46
     342.1      34.08
     346.1      33.98
     350.1      33.61
