     6.001  9.112e+08
        10  3.593e+08
        14  2.167e+08
        18  1.517e+08
     22.01  1.148e+08
     26.01  9.084e+07
     30.01  7.438e+07
     34.01  6.183e+07
     38.01  5.223e+07
     42.01  4.504e+07
     46.01  3.922e+07
     50.01  3.439e+07
     54.01  3.049e+07
     58.01  2.728e+07
     62.01  2.455e+07
     66.02  2.227e+07
     70.02   2.03e+07
     74.02  1.858e+07
     78.02  1.706e+07
     82.02  1.575e+07
     86.02  1.459e+07
     90.02  1.353e+07
     94.02   1.26e+07
     98.02  1.181e+07
       102   1.11e+07
       106  1.049e+07
       110   9.98e+06
       114  9.511e+06
       118  9.037e+06
       122  8.586e+06
       126  8.177e+06
       130  7.783e+06
       134  7.414e+06
       138  7.072e+06
       142   6.75e+06
       146  6.454e+06
       150  6.178e+06
       154  5.919e+06
       158  5.672e+06
       162  5.455e+06
       166  5.239e+06
       170  5.036e+06
       174  4.843e+06
       178  4.665e+06
       182  4.501e+06
       186  4.345e+06
       190  4.196e+06
       194  4.059e+06
       198  3.927e+06
       202  3.806e+06
       206  3.682e+06
       210  3.565e+06
     214.1  3.455e+06
     218.1  3.349e+06
     222.1  3.246e+06
     226.1  3.148e+06
     230.1  3.053e+06
     234.1  2.963e+06
     238.1  2.878e+06
     242.1  2.799e+06
     246.1  2.723e+06
     250.1  2.647e+06
     254.1  2.578e+06
     258.1  2.511e+06
     262.1  2.449e+06
     266.1  2.383e+06
     270.1  2.319e+06
     274.1  2.258e+06
     278.1  2.198e+06
     282.1   2.14e+06
     286.1  2.083e+06
     290.1  2.028e+06
     294.1  1.975e+06
     298.1  1.924e+06
     302.1  1.875e+06
     306.1  1.828e+06
     310.1  1.783e+06
     314.1  1.738e+06
     318.1  1.696e+06
     322.1  1.655e+06
     326.1  1.615e+06
     330.1  1.577e+06
     334.1   1.54e+06
     338.1  1.504e+06
     342.1  1.469e+06
     346.1  1.435e+06
     350.1  1.402e+06
