     6.001   6.74e+08
        10  1.753e+08
        14  1.027e+08
        18  6.805e+07
     22.01  4.938e+07
     26.01  3.628e+07
     30.01   2.88e+07
     34.01  2.082e+07
     38.01  1.607e+07
     42.01  1.439e+07
     46.01  1.155e+07
     50.01   8.98e+06
     54.01  8.028e+06
     58.01  7.152e+06
     62.01  6.112e+06
     66.02  5.703e+06
     70.02  5.073e+06
     74.02  4.318e+06
     78.02  3.756e+06
     82.02  3.686e+06
     86.02   3.28e+06
     90.02  2.637e+06
     94.02  2.628e+06
     98.02  2.916e+06
       102  2.694e+06
       106  3.047e+06
       110   3.45e+06
       114  3.296e+06
       118  2.513e+06
       122  2.168e+06
       126  2.139e+06
       130  1.768e+06
       134  1.603e+06
       138  1.511e+06
       142  1.366e+06
       146  1.344e+06
       150  1.271e+06
       154  1.191e+06
       158  1.048e+06
       162  1.265e+06
       166  9.842e+05
       170  9.284e+05
       174  8.384e+05
       178  8.789e+05
       182  9.338e+05
       186   8.61e+05
       190  8.124e+05
       194  8.672e+05
       198  8.033e+05
       202  8.667e+05
       206   6.07e+05
       210   6.08e+05
     214.1  6.353e+05
     218.1  5.721e+05
     222.1  4.795e+05
     226.1  4.645e+05
     230.1   4.41e+05
     234.1  4.099e+05
     238.1  4.281e+05
     242.1   4.88e+05
     246.1   4.55e+05
     250.1  3.688e+05
     254.1  4.529e+05
     258.1  4.183e+05
     262.1  4.665e+05
     266.1  2.561e+05
     270.1  2.271e+05
     274.1  2.207e+05
     278.1  1.703e+05
     282.1  1.632e+05
     286.1  1.213e+05
     290.1  7.042e+04
     294.1   8.46e+04
     298.1  7.906e+04
     302.1   7.53e+04
     306.1   8.04e+04
     310.1  5.865e+04
     314.1  4.353e+04
     318.1  6.948e+04
     322.1  4.866e+04
     326.1  2.732e+04
     330.1  2.791e+04
     334.1  2.263e+04
     338.1  3.103e+04
     342.1       7850
     346.1       4200
     350.1       2197
