    0.7783  9.112e+08
         1  3.593e+08
     1.146  2.167e+08
     1.255  1.517e+08
     1.343  1.148e+08
     1.415  9.084e+07
     1.477  7.438e+07
     1.532  6.183e+07
      1.58  5.223e+07
     1.623  4.504e+07
     1.663  3.922e+07
     1.699  3.439e+07
     1.732  3.049e+07
     1.764  2.728e+07
     1.792  2.455e+07
      1.82  2.227e+07
     1.845   2.03e+07
     1.869  1.858e+07
     1.892  1.706e+07
     1.914  1.575e+07
     1.935  1.459e+07
     1.954  1.353e+07
     1.973   1.26e+07
     1.991  1.181e+07
     2.009   1.11e+07
     2.025  1.049e+07
     2.041   9.98e+06
     2.057  9.511e+06
     2.072  9.037e+06
     2.086  8.586e+06
       2.1  8.177e+06
     2.114  7.783e+06
     2.127  7.414e+06
      2.14  7.072e+06
     2.152   6.75e+06
     2.164  6.454e+06
     2.176  6.178e+06
     2.188  5.919e+06
     2.199  5.672e+06
      2.21  5.455e+06
      2.22  5.239e+06
     2.231  5.036e+06
     2.241  4.843e+06
     2.251  4.665e+06
      2.26  4.501e+06
      2.27  4.345e+06
     2.279  4.196e+06
     2.288  4.059e+06
     2.297  3.927e+06
     2.305  3.806e+06
     2.314  3.682e+06
     2.322  3.565e+06
     2.331  3.455e+06
     2.339  3.349e+06
     2.346  3.246e+06
     2.354  3.148e+06
     2.362  3.053e+06
     2.369  2.963e+06
     2.377  2.878e+06
     2.384  2.799e+06
     2.391  2.723e+06
     2.398  2.647e+06
     2.405  2.578e+06
     2.412  2.511e+06
     2.418  2.449e+06
     2.425  2.383e+06
     2.431  2.319e+06
     2.438  2.258e+06
     2.444  2.198e+06
      2.45   2.14e+06
     2.456  2.083e+06
     2.463  2.028e+06
     2.468  1.975e+06
     2.474  1.924e+06
      2.48  1.875e+06
     2.486  1.828e+06
     2.491  1.783e+06
     2.497  1.738e+06
     2.503  1.696e+06
     2.508  1.655e+06
     2.513  1.615e+06
     2.519  1.577e+06
     2.524   1.54e+06
     2.529  1.504e+06
     2.534  1.469e+06
     2.539  1.435e+06
     2.544  1.402e+06
