    0.7783   6.74e+08
         1  1.753e+08
     1.146  1.027e+08
     1.255  6.805e+07
     1.343  4.938e+07
     1.415  3.628e+07
     1.477   2.88e+07
     1.532  2.082e+07
      1.58  1.607e+07
     1.623  1.439e+07
     1.663  1.155e+07
     1.699   8.98e+06
     1.732  8.028e+06
     1.764  7.152e+06
     1.792  6.112e+06
      1.82  5.703e+06
     1.845  5.073e+06
     1.869  4.318e+06
     1.892  3.756e+06
     1.914  3.686e+06
     1.935   3.28e+06
     1.954  2.637e+06
     1.973  2.628e+06
     1.991  2.916e+06
     2.009  2.694e+06
     2.025  3.047e+06
     2.041   3.45e+06
     2.057  3.296e+06
     2.072  2.513e+06
     2.086  2.168e+06
       2.1  2.139e+06
     2.114  1.768e+06
     2.127  1.603e+06
      2.14  1.511e+06
     2.152  1.366e+06
     2.164  1.344e+06
     2.176  1.271e+06
     2.188  1.191e+06
     2.199  1.048e+06
      2.21  1.265e+06
      2.22  9.842e+05
     2.231  9.284e+05
     2.241  8.384e+05
     2.251  8.789e+05
      2.26  9.338e+05
      2.27   8.61e+05
     2.279  8.124e+05
     2.288  8.672e+05
     2.297  8.033e+05
     2.305  8.667e+05
     2.314   6.07e+05
     2.322   6.08e+05
     2.331  6.353e+05
     2.339  5.721e+05
     2.346  4.795e+05
     2.354  4.645e+05
     2.362   4.41e+05
     2.369  4.099e+05
     2.377  4.281e+05
     2.384   4.88e+05
     2.391   4.55e+05
     2.398  3.688e+05
     2.405  4.529e+05
     2.412  4.183e+05
     2.418  4.665e+05
     2.425  2.561e+05
     2.431  2.271e+05
     2.438  2.207e+05
     2.444  1.703e+05
      2.45  1.632e+05
     2.456  1.213e+05
     2.463  7.042e+04
     2.468   8.46e+04
     2.474  7.906e+04
      2.48   7.53e+04
     2.486   8.04e+04
     2.491  5.865e+04
     2.497  4.353e+04
     2.503  6.948e+04
     2.508  4.866e+04
     2.513  2.732e+04
     2.519  2.791e+04
     2.524  2.263e+04
     2.529  3.103e+04
     2.534       7850
     2.539       4200
     2.544       2197
