         2      19.25
     6.001      20.23
        10       20.7
        14      21.12
        18      21.41
     22.01      21.66
     26.01      21.99
     30.01      22.31
     34.01      22.73
     38.01      22.95
     42.01      23.19
     46.01      23.43
     50.01       23.6
     54.01      23.78
     58.01       23.8
     62.01      23.97
     66.02      24.16
     70.02      24.29
     74.02      24.43
     78.02      24.46
     82.02       24.8
     86.02       25.1
     90.02      25.47
     94.02      25.62
     98.02      25.42
       102      25.51
       106      25.86
       110      25.98
       114      26.14
       118      26.26
       122      26.43
       126      26.82
       130      26.88
       134      27.01
       138      26.86
       142      27.38
       146      27.84
       150      27.56
       154      27.95
       158      28.05
       162      28.24
       166      28.56
       170      28.58
       174      28.84
       178      28.83
       182      28.82
       186      29.03
       190      29.29
       194      29.03
       198      29.21
       202      30.08
       206      30.34
       210         30
     214.1      30.07
     218.1      30.44
     222.1       30.6
     226.1      30.92
     230.1      31.26
     234.1      31.16
     238.1      30.94
     242.1      31.19
     246.1      31.67
     250.1      31.56
     254.1      31.47
     258.1       31.6
     262.1       31.6
     266.1      32.03
     270.1      31.77
     274.1      31.54
     278.1      31.51
     282.1      31.75
     286.1      32.14
     290.1      32.16
     294.1      32.34
     298.1      31.73
     302.1      31.72
     306.1      32.25
     310.1      32.84
     314.1      31.56
     318.1      31.76
     322.1      31.94
     326.1      32.77
     330.1       32.9
     334.1      32.23
     338.1      32.27
     342.1      34.16
     346.1      33.75
     350.1      33.25
