         6  6.785e+08
        10  2.168e+08
        14  1.207e+08
        18  8.433e+07
        22  6.362e+07
        26  5.134e+07
        30  4.364e+07
        34    3.8e+07
        38  3.266e+07
        42  2.823e+07
        46  2.473e+07
        50  2.217e+07
        54  1.989e+07
        58    1.8e+07
        62  1.629e+07
        66  1.477e+07
        70  1.347e+07
        74  1.233e+07
        78   1.13e+07
        82  1.036e+07
        86  9.534e+06
        90  8.795e+06
        94  8.149e+06
        98  7.573e+06
       102  7.055e+06
       106  6.583e+06
       110  6.174e+06
       114  5.781e+06
       118  5.431e+06
       122  5.113e+06
       126   4.84e+06
       130  4.568e+06
       134  4.316e+06
       138  4.089e+06
       142  3.882e+06
       146  3.704e+06
       150  3.532e+06
       154  3.368e+06
       158  3.208e+06
       162  3.058e+06
       166  2.917e+06
       170  2.788e+06
       174  2.667e+06
       178  2.554e+06
       182  2.448e+06
       186  2.347e+06
       190  2.253e+06
       194  2.163e+06
       198  2.079e+06
       202      2e+06
       206  1.924e+06
       210  1.853e+06
       214  1.786e+06
       218  1.722e+06
       222  1.661e+06
       226  1.604e+06
       230  1.551e+06
       234    1.5e+06
       238  1.451e+06
       242  1.407e+06
       246  1.363e+06
       250  1.321e+06
       254   1.28e+06
       258  1.242e+06
       262  1.205e+06
       266   1.17e+06
       270  1.135e+06
       274  1.103e+06
       278  1.071e+06
       282  1.041e+06
       286  1.012e+06
       290  9.843e+05
       294  9.575e+05
       298  9.318e+05
       302  9.071e+05
       306  8.834e+05
       310  8.606e+05
       314  8.387e+05
       318  8.176e+05
       322  7.973e+05
       326  7.777e+05
       330  7.588e+05
       334  7.407e+05
       338  7.231e+05
       342  7.062e+05
       346  6.899e+05
       350  6.741e+05
