         6  3.382e+08
        10  6.288e+07
        14  4.381e+07
        18  3.759e+07
        22  2.679e+07
        26  2.345e+07
        30   2.23e+07
        34  1.957e+07
        38  1.254e+07
        42  9.368e+06
        46  8.066e+06
        50  8.694e+06
        54  6.754e+06
        58  6.186e+06
        62  4.715e+06
        66  3.736e+06
        70  3.362e+06
        74   2.99e+06
        78  2.221e+06
        82  1.724e+06
        86  1.435e+06
        90  1.214e+06
        94  1.194e+06
        98    1.1e+06
       102  9.641e+05
       106  7.928e+05
       110  9.534e+05
       114  5.847e+05
       118  6.084e+05
       122  5.891e+05
       126  8.066e+05
       130  4.164e+05
       134  3.482e+05
       138  4.037e+05
       142  4.164e+05
       146  6.276e+05
       150  4.759e+05
       154  3.667e+05
       158  2.198e+05
       162   1.63e+05
       166   1.41e+05
       170  1.614e+05
       174  1.651e+05
       178  1.566e+05
       182  1.355e+05
       186   1.11e+05
       190   1.11e+05
       194  7.275e+04
       198  8.289e+04
       202  7.337e+04
       206  4.241e+04
       210  7.012e+04
       214  5.366e+04
       218  4.226e+04
       222  3.331e+04
       226  5.347e+04
       230  8.201e+04
       234  3.709e+04
       238  6.017e+04
       242  1.039e+05
       246  6.102e+04
       250  4.565e+04
       254   3.84e+04
       258  4.075e+04
       262  3.865e+04
       266  1.934e+04
       270  1.591e+04
       274  1.475e+04
       278  1.442e+04
       282       9741
       286       2304
       290       2325
       294          0
       298          0
       302          0
       306          0
       310          0
       314          0
       318          0
       322          0
       326          0
       330          0
       334          0
       338          0
       342          0
       346          0
       350          0
