    0.7782  3.382e+08
         1  6.288e+07
     1.146  4.381e+07
     1.255  3.759e+07
     1.342  2.679e+07
     1.415  2.345e+07
     1.477   2.23e+07
     1.531  1.957e+07
      1.58  1.254e+07
     1.623  9.368e+06
     1.663  8.066e+06
     1.699  8.694e+06
     1.732  6.754e+06
     1.763  6.186e+06
     1.792  4.715e+06
      1.82  3.736e+06
     1.845  3.362e+06
     1.869   2.99e+06
     1.892  2.221e+06
     1.914  1.724e+06
     1.935  1.435e+06
     1.954  1.214e+06
     1.973  1.194e+06
     1.991    1.1e+06
     2.009  9.641e+05
     2.025  7.928e+05
     2.041  9.534e+05
     2.057  5.847e+05
     2.072  6.084e+05
     2.086  5.891e+05
       2.1  8.066e+05
     2.114  4.164e+05
     2.127  3.482e+05
      2.14  4.037e+05
     2.152  4.164e+05
     2.164  6.276e+05
     2.176  4.759e+05
     2.188  3.667e+05
     2.199  2.198e+05
      2.21   1.63e+05
      2.22   1.41e+05
      2.23  1.614e+05
     2.241  1.651e+05
      2.25  1.566e+05
      2.26  1.355e+05
      2.27   1.11e+05
     2.279   1.11e+05
     2.288  7.275e+04
     2.297  8.289e+04
     2.305  7.337e+04
     2.314  4.241e+04
     2.322  7.012e+04
      2.33  5.366e+04
     2.338  4.226e+04
     2.346  3.331e+04
     2.354  5.347e+04
     2.362  8.201e+04
     2.369  3.709e+04
     2.377  6.017e+04
     2.384  1.039e+05
     2.391  6.102e+04
     2.398  4.565e+04
     2.405   3.84e+04
     2.412  4.075e+04
     2.418  3.865e+04
     2.425  1.934e+04
     2.431  1.591e+04
     2.438  1.475e+04
     2.444  1.442e+04
      2.45       9741
     2.456       2304
     2.462       2325
     2.468          0
     2.474          0
      2.48          0
     2.486          0
     2.491          0
     2.497          0
     2.502          0
     2.508          0
     2.513          0
     2.519          0
     2.524          0
     2.529          0
     2.534          0
     2.539          0
     2.544          0
