    0.7782  6.785e+08
         1  2.168e+08
     1.146  1.207e+08
     1.255  8.433e+07
     1.342  6.362e+07
     1.415  5.134e+07
     1.477  4.364e+07
     1.531    3.8e+07
      1.58  3.266e+07
     1.623  2.823e+07
     1.663  2.473e+07
     1.699  2.217e+07
     1.732  1.989e+07
     1.763    1.8e+07
     1.792  1.629e+07
      1.82  1.477e+07
     1.845  1.347e+07
     1.869  1.233e+07
     1.892   1.13e+07
     1.914  1.036e+07
     1.935  9.534e+06
     1.954  8.795e+06
     1.973  8.149e+06
     1.991  7.573e+06
     2.009  7.055e+06
     2.025  6.583e+06
     2.041  6.174e+06
     2.057  5.781e+06
     2.072  5.431e+06
     2.086  5.113e+06
       2.1   4.84e+06
     2.114  4.568e+06
     2.127  4.316e+06
      2.14  4.089e+06
     2.152  3.882e+06
     2.164  3.704e+06
     2.176  3.532e+06
     2.188  3.368e+06
     2.199  3.208e+06
      2.21  3.058e+06
      2.22  2.917e+06
      2.23  2.788e+06
     2.241  2.667e+06
      2.25  2.554e+06
      2.26  2.448e+06
      2.27  2.347e+06
     2.279  2.253e+06
     2.288  2.163e+06
     2.297  2.079e+06
     2.305      2e+06
     2.314  1.924e+06
     2.322  1.853e+06
      2.33  1.786e+06
     2.338  1.722e+06
     2.346  1.661e+06
     2.354  1.604e+06
     2.362  1.551e+06
     2.369    1.5e+06
     2.377  1.451e+06
     2.384  1.407e+06
     2.391  1.363e+06
     2.398  1.321e+06
     2.405   1.28e+06
     2.412  1.242e+06
     2.418  1.205e+06
     2.425   1.17e+06
     2.431  1.135e+06
     2.438  1.103e+06
     2.444  1.071e+06
      2.45  1.041e+06
     2.456  1.012e+06
     2.462  9.843e+05
     2.468  9.575e+05
     2.474  9.318e+05
      2.48  9.071e+05
     2.486  8.834e+05
     2.491  8.606e+05
     2.497  8.387e+05
     2.502  8.176e+05
     2.508  7.973e+05
     2.513  7.777e+05
     2.519  7.588e+05
     2.524  7.407e+05
     2.529  7.231e+05
     2.534  7.062e+05
     2.539  6.899e+05
     2.544  6.741e+05
