         2      18.61
         6      20.21
        10      20.62
        14      20.75
        18      21.15
        22      21.53
        26      22.16
        30      21.96
        34      22.22
        38      22.79
        42         24
        46      23.86
        50       23.7
        54      24.65
        58      25.16
        62      25.77
        66      25.87
        70       26.3
        74      26.78
        78      27.03
        82       27.8
        86      27.84
        90      28.27
        94      28.56
        98       29.3
       102      30.05
       106       30.2
       110      30.29
       114      30.24
       118      30.51
       122      30.73
       126       30.7
       130      30.79
       134       31.2
       138      31.18
       142      31.41
       146      31.58
       150      32.06
       154      32.62
       158      33.45
       162      33.67
       166      33.41
       170      33.57
       174      33.51
       178      33.48
       182       33.7
       186      34.01
       190      34.12
       194      34.22
       198      34.23
       202       34.7
       206      34.81
       210      34.48
       214      34.77
       218      34.87
       222      34.94
       226      34.68
       230      34.72
       234      34.79
       238      34.56
       242      34.68
       246      34.76
       250      34.86
       254      34.87
       258      34.96
       262      35.02
       266      35.07
       270      35.09
       274       35.1
       278      35.07
       282      35.21
       286      35.43
       290      35.46
       294      35.52
       298      35.52
       302      35.52
       306      35.52
       310      35.52
       314      35.52
       318      35.52
       322      35.52
       326      35.52
       330      35.52
       334      35.52
       338      35.52
       342      35.52
       346      35.52
       350      35.52
