     6.057  7.704e+08
      10.1  2.795e+08
     14.13  1.512e+08
     18.17  9.342e+07
     22.21  6.396e+07
     26.25  4.721e+07
     30.29   3.64e+07
     34.32  2.914e+07
     38.36  2.392e+07
      42.4  2.005e+07
     46.44  1.691e+07
     50.48   1.45e+07
     54.52  1.258e+07
     58.55  1.104e+07
     62.59  9.762e+06
     66.63  8.721e+06
     70.67  7.786e+06
     74.71   6.98e+06
     78.74  6.305e+06
     82.78   5.73e+06
     86.82  5.231e+06
     90.86  4.791e+06
      94.9  4.403e+06
     98.94  4.064e+06
       103  3.759e+06
       107  3.488e+06
     111.1  3.249e+06
     115.1  3.038e+06
     119.1  2.848e+06
     123.2  2.675e+06
     127.2  2.512e+06
     131.2  2.363e+06
     135.3  2.233e+06
     139.3  2.115e+06
     143.4  2.009e+06
     147.4  1.905e+06
     151.4  1.808e+06
     155.5  1.715e+06
     159.5   1.63e+06
     163.5  1.553e+06
     167.6   1.48e+06
     171.6  1.412e+06
     175.7  1.348e+06
     179.7  1.288e+06
     183.7  1.232e+06
     187.8   1.18e+06
     191.8  1.132e+06
     195.9   1.09e+06
     199.9  1.047e+06
     203.9  1.006e+06
       208  9.671e+05
       212   9.31e+05
       216  8.964e+05
     220.1  8.638e+05
     224.1  8.332e+05
     228.2   8.04e+05
     232.2  7.762e+05
     236.2  7.498e+05
     240.3   7.25e+05
     244.3  7.011e+05
     248.3  6.787e+05
     252.4  6.579e+05
     256.4  6.382e+05
     260.5  6.189e+05
     264.5  6.001e+05
     268.5  5.822e+05
     272.6   5.65e+05
     276.6  5.485e+05
     280.7  5.327e+05
     284.7  5.176e+05
     288.7  5.031e+05
     292.8  4.893e+05
     296.8   4.76e+05
     300.8  4.633e+05
     304.9   4.51e+05
     308.9  4.393e+05
       313   4.28e+05
       317  4.171e+05
       321  4.066e+05
     325.1  3.965e+05
     329.1  3.868e+05
     333.2  3.774e+05
     337.2  3.684e+05
     341.2  3.597e+05
     345.3  3.513e+05
     349.3  3.431e+05
