    0.7823  7.704e+08
     1.004  2.795e+08
      1.15  1.512e+08
     1.259  9.342e+07
     1.347  6.396e+07
     1.419  4.721e+07
     1.481   3.64e+07
     1.536  2.914e+07
     1.584  2.392e+07
     1.627  2.005e+07
     1.667  1.691e+07
     1.703   1.45e+07
     1.737  1.258e+07
     1.768  1.104e+07
     1.797  9.762e+06
     1.824  8.721e+06
     1.849  7.786e+06
     1.873   6.98e+06
     1.896  6.305e+06
     1.918   5.73e+06
     1.939  5.231e+06
     1.958  4.791e+06
     1.977  4.403e+06
     1.995  4.064e+06
     2.013  3.759e+06
     2.029  3.488e+06
     2.046  3.249e+06
     2.061  3.038e+06
     2.076  2.848e+06
      2.09  2.675e+06
     2.104  2.512e+06
     2.118  2.363e+06
     2.131  2.233e+06
     2.144  2.115e+06
     2.156  2.009e+06
     2.168  1.905e+06
      2.18  1.808e+06
     2.192  1.715e+06
     2.203   1.63e+06
     2.214  1.553e+06
     2.224   1.48e+06
     2.235  1.412e+06
     2.245  1.348e+06
     2.255  1.288e+06
     2.264  1.232e+06
     2.274   1.18e+06
     2.283  1.132e+06
     2.292   1.09e+06
     2.301  1.047e+06
     2.309  1.006e+06
     2.318  9.671e+05
     2.326   9.31e+05
     2.335  8.964e+05
     2.343  8.638e+05
      2.35  8.332e+05
     2.358   8.04e+05
     2.366  7.762e+05
     2.373  7.498e+05
     2.381   7.25e+05
     2.388  7.011e+05
     2.395  6.787e+05
     2.402  6.579e+05
     2.409  6.382e+05
     2.416  6.189e+05
     2.422  6.001e+05
     2.429  5.822e+05
     2.435   5.65e+05
     2.442  5.485e+05
     2.448  5.327e+05
     2.454  5.176e+05
      2.46  5.031e+05
     2.467  4.893e+05
     2.472   4.76e+05
     2.478  4.633e+05
     2.484   4.51e+05
      2.49  4.393e+05
     2.495   4.28e+05
     2.501  4.171e+05
     2.507  4.066e+05
     2.512  3.965e+05
     2.517  3.868e+05
     2.523  3.774e+05
     2.528  3.684e+05
     2.533  3.597e+05
     2.538  3.513e+05
     2.543  3.431e+05
