    0.7823  4.551e+08
     1.004  1.159e+08
      1.15  4.862e+07
     1.259  1.909e+07
     1.347  1.158e+07
     1.419   9.16e+06
     1.481  6.455e+06
     1.536  5.426e+06
     1.584  4.243e+06
     1.627  3.573e+06
     1.667  1.961e+06
     1.703  1.824e+06
     1.737  1.491e+06
     1.768  1.413e+06
     1.797  1.137e+06
     1.824   1.16e+06
     1.849  5.364e+05
     1.873  3.215e+05
     1.896  3.993e+05
     1.918  4.097e+05
     1.939  3.548e+05
     1.958  2.856e+05
     1.977   2.31e+05
     1.995  2.407e+05
     2.013  1.829e+05
     2.029   1.56e+05
     2.046  2.094e+05
     2.061  2.352e+05
     2.076  2.372e+05
      2.09  2.147e+05
     2.104  1.056e+05
     2.118  9.361e+04
     2.131   1.76e+05
     2.144  1.974e+05
     2.156  2.323e+05
     2.168  1.061e+05
      2.18  8.295e+04
     2.192  3.591e+04
     2.203   3.48e+04
     2.214  5.929e+04
     2.224  5.001e+04
     2.235  2.451e+04
     2.245   1.97e+04
     2.255       8005
     2.264  2.013e+04
     2.274  1.823e+04
     2.283  5.018e+04
     2.292  1.004e+05
     2.301  3.417e+04
     2.309  1.406e+04
     2.318          0
     2.326   1.95e+04
     2.335       6324
     2.343       6476
      2.35  1.546e+04
     2.358       8937
     2.366       3038
     2.373       5722
     2.381  1.136e+04
     2.388       2725
     2.395  1.117e+04
     2.402  2.745e+04
     2.409  3.495e+04
     2.416  1.486e+04
     2.422       2707
     2.429       5206
     2.435          0
     2.442          0
     2.448          0
     2.454          0
      2.46          0
     2.467       4869
     2.472          0
     2.478       2434
     2.484          0
      2.49       2320
     2.495          0
     2.501       2107
     2.507          0
     2.512          0
     2.517          0
     2.523          0
     2.528          0
     2.533          0
     2.538          0
     2.543          0
