     6.041  2.161e+08
     10.07  2.565e+07
      14.1  7.787e+06
     18.12  3.896e+06
     22.15  2.566e+06
     26.18  2.048e+06
     30.21  1.888e+06
     34.23  1.806e+06
     38.26  1.056e+06
     42.29  8.383e+05
     46.32  6.562e+05
     50.34  9.478e+05
     54.37  6.475e+05
      58.4  5.781e+05
     62.43  5.654e+05
     66.45  4.729e+05
     70.48  4.536e+05
     74.51  5.884e+05
     78.54  6.393e+05
     82.56  4.454e+05
     86.59  3.445e+05
     90.62  3.353e+05
     94.65  2.266e+05
     98.67  1.479e+05
     102.7  1.849e+05
     106.7  2.401e+05
     110.8  4.625e+05
     114.8  4.473e+05
     118.8  3.418e+05
     122.8  1.555e+05
     126.9  5.091e+04
     130.9  3.727e+04
     134.9  1.048e+04
       139  2.021e+04
       143          0
       147  1.395e+04
       151          0
     155.1          0
     159.1          0
     163.1          0
     167.1          0
     171.2          0
     175.2          0
     179.2          0
     183.3          0
     187.3          0
     191.3          0
     195.3          0
     199.4          0
     203.4          0
     207.4          0
     211.4          0
     215.5          0
     219.5          0
     223.5          0
     227.6          0
     231.6          0
     235.6          0
     239.6          0
     243.7          0
