     6.041  5.351e+08
     10.07   1.53e+08
      14.1  7.233e+07
     18.12  4.239e+07
     22.15  2.805e+07
     26.18  2.011e+07
     30.21  1.527e+07
     34.23  1.212e+07
     38.26  9.796e+06
     42.29  8.094e+06
     46.32  6.803e+06
     50.34  5.868e+06
     54.37  5.095e+06
      58.4  4.473e+06
     62.43   3.97e+06
     66.45  3.546e+06
     70.48  3.193e+06
     74.51  2.912e+06
     78.54  2.679e+06
     82.56  2.461e+06
     86.59  2.264e+06
     90.62  2.093e+06
     94.65  1.934e+06
     98.67  1.788e+06
     102.7  1.663e+06
     106.7  1.555e+06
     110.8  1.476e+06
     114.8  1.404e+06
     118.8  1.332e+06
     122.8  1.255e+06
     126.9  1.178e+06
     130.9  1.108e+06
     134.9  1.043e+06
       139  9.833e+05
       143  9.279e+05
       147  8.778e+05
       151   8.31e+05
     155.1  7.878e+05
     159.1   7.48e+05
     163.1   7.11e+05
     167.1  6.768e+05
     171.2  6.449e+05
     175.2  6.153e+05
     179.2  5.876e+05
     183.3  5.618e+05
     187.3  5.376e+05
     191.3   5.15e+05
     195.3  4.938e+05
     199.4  4.738e+05
     203.4  4.551e+05
     207.4  4.374e+05
     211.4  4.207e+05
     215.5   4.05e+05
     219.5  3.901e+05
     223.5  3.761e+05
     227.6  3.628e+05
     231.6  3.501e+05
     235.6  3.382e+05
     239.6  3.268e+05
     243.7   3.16e+05
