    0.7811  5.351e+08
     1.003   1.53e+08
     1.149  7.233e+07
     1.258  4.239e+07
     1.345  2.805e+07
     1.418  2.011e+07
      1.48  1.527e+07
     1.534  1.212e+07
     1.583  9.796e+06
     1.626  8.094e+06
     1.666  6.803e+06
     1.702  5.868e+06
     1.735  5.095e+06
     1.766  4.473e+06
     1.795   3.97e+06
     1.823  3.546e+06
     1.848  3.193e+06
     1.872  2.912e+06
     1.895  2.679e+06
     1.917  2.461e+06
     1.937  2.264e+06
     1.957  2.093e+06
     1.976  1.934e+06
     1.994  1.788e+06
     2.012  1.663e+06
     2.028  1.555e+06
     2.044  1.476e+06
      2.06  1.404e+06
     2.075  1.332e+06
     2.089  1.255e+06
     2.103  1.178e+06
     2.117  1.108e+06
      2.13  1.043e+06
     2.143  9.833e+05
     2.155  9.279e+05
     2.167  8.778e+05
     2.179   8.31e+05
     2.191  7.878e+05
     2.202   7.48e+05
     2.212   7.11e+05
     2.223  6.768e+05
     2.233  6.449e+05
     2.244  6.153e+05
     2.253  5.876e+05
     2.263  5.618e+05
     2.272  5.376e+05
     2.282   5.15e+05
     2.291  4.938e+05
       2.3  4.738e+05
     2.308  4.551e+05
     2.317  4.374e+05
     2.325  4.207e+05
     2.333   4.05e+05
     2.341  3.901e+05
     2.349  3.761e+05
     2.357  3.628e+05
     2.365  3.501e+05
     2.372  3.382e+05
      2.38  3.268e+05
     2.387   3.16e+05
