    0.7811  2.161e+08
     1.003  2.565e+07
     1.149  7.787e+06
     1.258  3.896e+06
     1.345  2.566e+06
     1.418  2.048e+06
      1.48  1.888e+06
     1.534  1.806e+06
     1.583  1.056e+06
     1.626  8.383e+05
     1.666  6.562e+05
     1.702  9.478e+05
     1.735  6.475e+05
     1.766  5.781e+05
     1.795  5.654e+05
     1.823  4.729e+05
     1.848  4.536e+05
     1.872  5.884e+05
     1.895  6.393e+05
     1.917  4.454e+05
     1.937  3.445e+05
     1.957  3.353e+05
     1.976  2.266e+05
     1.994  1.479e+05
     2.012  1.849e+05
     2.028  2.401e+05
     2.044  4.625e+05
      2.06  4.473e+05
     2.075  3.418e+05
     2.089  1.555e+05
     2.103  5.091e+04
     2.117  3.727e+04
      2.13  1.048e+04
     2.143  2.021e+04
     2.155          0
     2.167  1.395e+04
     2.179          0
     2.191          0
     2.202          0
     2.212          0
     2.223          0
     2.233          0
     2.244          0
     2.253          0
     2.263          0
     2.272          0
     2.282          0
     2.291          0
       2.3          0
     2.308          0
     2.317          0
     2.325          0
     2.333          0
     2.341          0
     2.349          0
     2.357          0
     2.365          0
     2.372          0
      2.38          0
     2.387          0
