     2.014  3.657e+10
     6.041  6.135e+10
     10.07  7.018e+10
      14.1  7.464e+10
     18.12  7.777e+10
     22.15  8.041e+10
     26.18    8.3e+10
     30.21  8.581e+10
     34.23  8.892e+10
     38.26  9.098e+10
     42.29   9.28e+10
     46.32  9.438e+10
     50.34  9.688e+10
     54.37  9.874e+10
      58.4  1.005e+11
     62.43  1.024e+11
     66.45  1.041e+11
     70.48  1.058e+11
     74.51  1.082e+11
     78.54  1.109e+11
     82.56  1.129e+11
     86.59  1.145e+11
     90.62  1.161e+11
     94.65  1.173e+11
     98.67  1.181e+11
     102.7  1.191e+11
     106.7  1.206e+11
     110.8  1.234e+11
     114.8  1.262e+11
     118.8  1.284e+11
     122.8  1.295e+11
     126.9  1.298e+11
     130.9  1.301e+11
     134.9  1.302e+11
       139  1.303e+11
       143  1.303e+11
       147  1.304e+11
       151  1.304e+11
     155.1  1.304e+11
     159.1  1.304e+11
     163.1  1.304e+11
     167.1  1.304e+11
     171.2  1.304e+11
     175.2  1.304e+11
     179.2  1.304e+11
     183.3  1.304e+11
     187.3  1.304e+11
     191.3  1.304e+11
     195.3  1.304e+11
     199.4  1.304e+11
     203.4  1.304e+11
     207.4  1.304e+11
     211.4  1.304e+11
     215.5  1.304e+11
     219.5  1.304e+11
     223.5  1.304e+11
     227.6  1.304e+11
     231.6  1.304e+11
     235.6  1.304e+11
     239.6  1.304e+11
     243.7  1.304e+11
