     2.014  1.091e-16
     6.041  6.922e-18
     10.07   1.81e-18
      14.1  9.861e-19
     18.12  5.772e-19
     22.15  3.886e-19
     26.18  2.824e-19
     30.21   2.33e-19
     34.23   2.32e-19
     38.26  1.452e-19
     42.29  1.869e-19
     46.32  1.575e-19
     50.34  1.618e-19
     54.37  1.215e-19
      58.4  9.368e-20
     62.43   1.12e-19
     66.45   7.99e-20
     70.48  1.003e-19
     74.51   1.01e-19
     78.54  1.208e-19
     82.56  7.846e-20
     86.59  1.147e-19
     90.62   6.09e-20
     94.65  4.125e-20
     98.67  3.802e-20
     102.7  5.244e-20
     106.7  8.378e-20
     110.8  9.991e-20
     114.8  6.589e-20
     118.8  5.971e-20
     122.8  1.918e-20
     126.9  7.793e-21
     130.9  3.117e-21
     134.9  2.061e-21
       139      2e-21
       143  7.791e-22
       147  1.278e-21
       151      1e-23
     155.1      1e-23
     159.1      1e-23
     163.1      1e-23
     167.1      1e-23
     171.2      1e-23
     175.2      1e-23
     179.2      1e-23
     183.3      1e-23
     187.3      1e-23
     191.3      1e-23
     195.3      1e-23
     199.4      1e-23
     203.4      1e-23
     207.4      1e-23
     211.4      1e-23
     215.5      1e-23
     219.5      1e-23
     223.5      1e-23
     227.6      1e-23
     231.6      1e-23
     235.6      1e-23
     239.6      1e-23
     243.7      1e-23
