     2.014      18.65
     6.041      21.21
     10.07      22.95
      14.1      24.38
     18.12      26.38
     22.15      28.09
     26.18      28.71
     30.21       29.7
     34.23      30.01
     38.26       31.2
     42.29      31.44
     46.32      32.07
     50.34      32.45
     54.37      32.71
      58.4      32.24
     62.43      32.41
     66.45      32.68
     70.48      32.52
     74.51      32.42
     78.54      32.81
     82.56      33.48
     86.59      33.54
     90.62      34.02
     94.65      34.36
     98.67      34.47
     102.7      34.47
     106.7      34.33
     110.8      34.41
     114.8      34.61
     118.8      34.69
     122.8      34.99
     126.9      35.26
     130.9      35.33
     134.9       35.4
       139      35.41
       143      35.47
       147      35.46
       151      35.52
     155.1      35.52
     159.1      35.52
     163.1      35.52
     167.1      35.52
     171.2      35.52
     175.2      35.52
     179.2      35.52
     183.3      35.52
     187.3      35.52
     191.3      35.52
     195.3      35.52
     199.4      35.52
     203.4      35.52
     207.4      35.52
     211.4      35.52
     215.5      35.52
     219.5      35.52
     223.5      35.52
     227.6      35.52
     231.6      35.52
     235.6      35.52
     239.6      35.52
     243.7      35.52
