     2.014      17.92
     6.041      20.92
     10.07      22.37
      14.1      23.03
     18.12      23.61
     22.15      24.04
     26.18      24.39
     30.21       24.6
     34.23       24.6
     38.26      25.11
     42.29      24.84
     46.32      25.02
     50.34      24.99
     54.37      25.31
      58.4      25.59
     62.43      25.39
     66.45      25.76
     70.48      25.51
     74.51       25.5
     78.54      25.31
     82.56      25.78
     86.59      25.37
     90.62      26.05
     94.65      26.48
     98.67      26.57
     102.7      26.22
     106.7      25.71
     110.8      25.52
     114.8      25.97
     118.8      26.08
     122.8      27.31
     126.9      28.29
     130.9      29.28
     134.9      29.73
       139      29.76
       143      30.79
       147      30.25
       151      35.52
     155.1      35.52
     159.1      35.52
     163.1      35.52
     167.1      35.52
     171.2      35.52
     175.2      35.52
     179.2      35.52
     183.3      35.52
     187.3      35.52
     191.3      35.52
     195.3      35.52
     199.4      35.52
     203.4      35.52
     207.4      35.52
     211.4      35.52
     215.5      35.52
     219.5      35.52
     223.5      35.52
     227.6      35.52
     231.6      35.52
     235.6      35.52
     239.6      35.52
     243.7      35.52
