     6.054  1.111e+09
     10.09  3.885e+08
     14.13   2.06e+08
     18.16  1.331e+08
      22.2  9.531e+07
     26.23  7.197e+07
     30.27  5.762e+07
     34.31   4.63e+07
     38.34   3.76e+07
     42.38  3.099e+07
     46.41  2.606e+07
     50.45  2.227e+07
     54.48  1.923e+07
     58.52  1.681e+07
     62.56  1.487e+07
     66.59  1.326e+07
     70.63  1.186e+07
     74.66  1.067e+07
      78.7  9.657e+06
     82.74  8.786e+06
     86.77  8.023e+06
     90.81  7.369e+06
     94.84  6.801e+06
     98.88  6.298e+06
     102.9  5.849e+06
       107   5.45e+06
       111  5.113e+06
       115  4.815e+06
     119.1  4.544e+06
     123.1  4.297e+06
     127.1  4.067e+06
     131.2   3.85e+06
     135.2  3.648e+06
     139.2  3.453e+06
     143.3  3.279e+06
     147.3  3.123e+06
     151.3  2.976e+06
     155.4  2.835e+06
     159.4  2.705e+06
     163.5  2.581e+06
     167.5  2.462e+06
     171.5  2.351e+06
     175.6  2.246e+06
     179.6   2.15e+06
     183.6  2.059e+06
     187.7  1.973e+06
     191.7  1.893e+06
     195.7  1.819e+06
     199.8  1.754e+06
     203.8  1.689e+06
     207.8  1.625e+06
     211.9  1.567e+06
     215.9   1.51e+06
       220  1.457e+06
       224  1.405e+06
       228  1.356e+06
     232.1   1.31e+06
     236.1  1.265e+06
     240.1  1.223e+06
     244.2  1.183e+06
     248.2  1.144e+06
     252.2  1.108e+06
     256.3  1.074e+06
     260.3  1.041e+06
     264.4  1.009e+06
     268.4  9.789e+05
     272.4    9.5e+05
     276.5  9.226e+05
     280.5  8.964e+05
     284.5  8.712e+05
     288.6  8.469e+05
     292.6  8.236e+05
     296.6  8.012e+05
     300.7  7.797e+05
     304.7   7.59e+05
     308.7  7.392e+05
     312.8  7.201e+05
     316.8  7.017e+05
     320.9  6.841e+05
     324.9  6.671e+05
     328.9  6.507e+05
       333  6.349e+05
       337  6.197e+05
       341  6.051e+05
     345.1  5.909e+05
     349.1  5.773e+05
