     6.054  6.066e+08
     10.09  1.477e+08
     14.13  5.994e+07
     18.16  3.953e+07
      22.2  2.804e+07
     26.23  1.893e+07
     30.27  1.787e+07
     34.31  9.335e+06
     38.34  4.856e+06
     42.38  2.783e+06
     46.41  2.598e+06
     50.45  2.339e+06
     54.48  1.705e+06
     58.52  1.675e+06
     62.56  1.732e+06
     66.59  1.619e+06
     70.63  9.873e+05
     74.66  8.463e+05
      78.7  7.701e+05
     82.74  7.311e+05
     86.77   5.72e+05
     90.81  6.706e+05
     94.84  6.906e+05
     98.88  6.269e+05
     102.9  5.807e+05
       107  5.611e+05
       111  8.076e+05
       115  8.639e+05
     119.1  8.237e+05
     123.1  7.676e+05
     127.1   6.71e+05
     131.2  5.487e+05
     135.2  4.661e+05
     139.2  2.847e+05
     143.3  3.606e+05
     147.3   4.32e+05
     151.3  3.571e+05
     155.4  2.794e+05
     159.4  2.649e+05
     163.5  1.837e+05
     167.5  1.188e+05
     171.5  9.124e+04
     175.6  6.935e+04
     179.6  1.045e+05
     183.6  8.402e+04
     187.7  7.185e+04
     191.7  6.081e+04
     195.7  1.011e+05
     199.8  2.041e+05
     203.8  1.329e+05
     207.8  3.414e+04
     211.9  9.148e+04
     215.9  5.372e+04
       220  5.542e+04
       224  2.778e+04
       228       3436
     232.1  2.885e+04
     236.1  1.297e+04
     240.1       8898
     244.2       3026
     248.2       5383
     252.2    1.7e+04
     256.3       5306
     260.3  1.308e+04
     264.4       8040
     268.4       2489
     272.4       2487
     276.5  1.064e+04
     280.5   1.24e+04
     284.5  1.001e+04
     288.6       2516
     292.6          0
     296.6          0
     300.7          0
     304.7          0
     308.7          0
     312.8          0
     316.8          0
     320.9          0
     324.9          0
     328.9          0
       333          0
       337          0
       341          0
     345.1          0
     349.1          0
