     0.782  1.111e+09
     1.004  3.885e+08
      1.15   2.06e+08
     1.259  1.331e+08
     1.346  9.531e+07
     1.419  7.197e+07
     1.481  5.762e+07
     1.535   4.63e+07
     1.584   3.76e+07
     1.627  3.099e+07
     1.667  2.606e+07
     1.703  2.227e+07
     1.736  1.923e+07
     1.767  1.681e+07
     1.796  1.487e+07
     1.823  1.326e+07
     1.849  1.186e+07
     1.873  1.067e+07
     1.896  9.657e+06
     1.918  8.786e+06
     1.938  8.023e+06
     1.958  7.369e+06
     1.977  6.801e+06
     1.995  6.298e+06
     2.012  5.849e+06
     2.029   5.45e+06
     2.045  5.113e+06
     2.061  4.815e+06
     2.076  4.544e+06
      2.09  4.297e+06
     2.104  4.067e+06
     2.118   3.85e+06
     2.131  3.648e+06
     2.144  3.453e+06
     2.156  3.279e+06
     2.168  3.123e+06
      2.18  2.976e+06
     2.191  2.835e+06
     2.203  2.705e+06
     2.213  2.581e+06
     2.224  2.462e+06
     2.234  2.351e+06
     2.244  2.246e+06
     2.254   2.15e+06
     2.264  2.059e+06
     2.273  1.973e+06
     2.283  1.893e+06
     2.292  1.819e+06
     2.301  1.754e+06
     2.309  1.689e+06
     2.318  1.625e+06
     2.326  1.567e+06
     2.334   1.51e+06
     2.342  1.457e+06
      2.35  1.405e+06
     2.358  1.356e+06
     2.366   1.31e+06
     2.373  1.265e+06
      2.38  1.223e+06
     2.388  1.183e+06
     2.395  1.144e+06
     2.402  1.108e+06
     2.409  1.074e+06
     2.416  1.041e+06
     2.422  1.009e+06
     2.429  9.789e+05
     2.435    9.5e+05
     2.442  9.226e+05
     2.448  8.964e+05
     2.454  8.712e+05
      2.46  8.469e+05
     2.466  8.236e+05
     2.472  8.012e+05
     2.478  7.797e+05
     2.484   7.59e+05
      2.49  7.392e+05
     2.495  7.201e+05
     2.501  7.017e+05
     2.506  6.841e+05
     2.512  6.671e+05
     2.517  6.507e+05
     2.522  6.349e+05
     2.528  6.197e+05
     2.533  6.051e+05
     2.538  5.909e+05
     2.543  5.773e+05
