     0.782  6.066e+08
     1.004  1.477e+08
      1.15  5.994e+07
     1.259  3.953e+07
     1.346  2.804e+07
     1.419  1.893e+07
     1.481  1.787e+07
     1.535  9.335e+06
     1.584  4.856e+06
     1.627  2.783e+06
     1.667  2.598e+06
     1.703  2.339e+06
     1.736  1.705e+06
     1.767  1.675e+06
     1.796  1.732e+06
     1.823  1.619e+06
     1.849  9.873e+05
     1.873  8.463e+05
     1.896  7.701e+05
     1.918  7.311e+05
     1.938   5.72e+05
     1.958  6.706e+05
     1.977  6.906e+05
     1.995  6.269e+05
     2.012  5.807e+05
     2.029  5.611e+05
     2.045  8.076e+05
     2.061  8.639e+05
     2.076  8.237e+05
      2.09  7.676e+05
     2.104   6.71e+05
     2.118  5.487e+05
     2.131  4.661e+05
     2.144  2.847e+05
     2.156  3.606e+05
     2.168   4.32e+05
      2.18  3.571e+05
     2.191  2.794e+05
     2.203  2.649e+05
     2.213  1.837e+05
     2.224  1.188e+05
     2.234  9.124e+04
     2.244  6.935e+04
     2.254  1.045e+05
     2.264  8.402e+04
     2.273  7.185e+04
     2.283  6.081e+04
     2.292  1.011e+05
     2.301  2.041e+05
     2.309  1.329e+05
     2.318  3.414e+04
     2.326  9.148e+04
     2.334  5.372e+04
     2.342  5.542e+04
      2.35  2.778e+04
     2.358       3436
     2.366  2.885e+04
     2.373  1.297e+04
      2.38       8898
     2.388       3026
     2.395       5383
     2.402    1.7e+04
     2.409       5306
     2.416  1.308e+04
     2.422       8040
     2.429       2489
     2.435       2487
     2.442  1.064e+04
     2.448   1.24e+04
     2.454  1.001e+04
      2.46       2516
     2.466          0
     2.472          0
     2.478          0
     2.484          0
      2.49          0
     2.495          0
     2.501          0
     2.506          0
     2.512          0
     2.517          0
     2.522          0
     2.528          0
     2.533          0
     2.538          0
     2.543          0
