     2.018      17.65
     6.054      19.19
     10.09      20.03
     14.13      20.54
     18.16      20.84
      22.2      21.29
     26.23       21.6
     30.27      21.91
     34.31      22.47
     38.34      23.73
     42.38      24.62
     46.41      24.74
     50.45      25.19
     54.48      26.13
     58.52      26.07
     62.56      27.29
     66.59      27.76
     70.63      28.38
     74.66      28.76
      78.7      29.57
     82.74      29.71
     86.77      29.02
     90.81       29.1
     94.84      28.97
     98.88      29.45
     102.9      31.03
       107      31.42
       111      31.19
       115      31.44
     119.1      31.07
     123.1      31.45
     127.1      31.88
     131.2      32.07
     135.2       32.3
     139.2       32.7
     143.3      32.83
     147.3      32.42
     151.3      32.89
     155.4      33.46
     159.4      33.64
     163.5      33.73
     167.5      34.11
     171.5      34.33
     175.6      34.57
     179.6      34.53
     183.6      34.53
     187.7      34.72
     191.7      34.64
     195.7       34.6
     199.8       34.6
     203.8       34.6
     207.8      34.69
     211.9      34.62
     215.9      34.75
       220      34.89
       224       35.2
       228      35.24
     232.1      35.15
     236.1       35.3
     240.1      35.41
     244.2      35.41
     248.2      35.35
     252.2      35.36
     256.3      35.25
     260.3      35.29
     264.4      35.33
     268.4      35.42
     272.4      35.26
     276.5      35.21
     280.5      35.24
     284.5       35.4
     288.6      35.43
     292.6      35.52
     296.6      35.52
     300.7      35.52
     304.7      35.52
     308.7      35.52
     312.8      35.52
     316.8      35.52
     320.9      35.52
     324.9      35.52
     328.9      35.52
       333      35.52
       337      35.52
       341      35.52
     345.1      35.52
     349.1      35.52
