     6.055  1.365e+08
     10.09  2.605e+07
     14.13  1.817e+07
     18.17  1.243e+07
      22.2  9.444e+06
     26.24  7.987e+06
     30.28  6.964e+06
     34.31  6.156e+06
     38.35  4.634e+06
     42.39  4.321e+06
     46.43  4.177e+06
     50.46  2.802e+06
      54.5  2.017e+06
     58.54  1.307e+06
     62.57  1.065e+06
     66.61  6.436e+05
     70.65  4.558e+05
     74.68  3.441e+05
     78.72   3.36e+05
     82.76  2.708e+05
     86.79  2.651e+05
     90.83  2.357e+05
     94.87  1.331e+05
     98.91  1.123e+05
     102.9  1.037e+05
       107  1.163e+05
       111  1.129e+05
     115.1  1.134e+05
     119.1  3.463e+04
     123.1  4.389e+04
     127.2  3.818e+04
     131.2  6.053e+04
     135.2  8.535e+04
     139.3   7.07e+04
     143.3  1.132e+05
     147.3  2.169e+05
     151.4  2.217e+05
     155.4  6.321e+04
     159.5  5.108e+04
     163.5  3.398e+04
     167.5  1.665e+04
     171.6  1.599e+04
     175.6  1.954e+04
     179.6  1.178e+04
     183.7  2.265e+04
     187.7       3776
     191.8       3717
     195.8       7501
     199.8          0
     203.9       3368
     207.9          0
     211.9          0
       216          0
       220          0
     224.1          0
     228.1          0
     232.1          0
     236.2          0
     240.2          0
     244.2          0
     248.3          0
     252.3          0
     256.3          0
     260.4          0
     264.4          0
     268.5          0
     272.5          0
