     6.055    2.9e+08
     10.09  9.204e+07
     14.13    5.1e+07
     18.17  3.413e+07
      22.2  2.524e+07
     26.24  1.997e+07
     30.28  1.652e+07
     34.31  1.409e+07
     38.35  1.211e+07
     42.39  1.063e+07
     46.43  9.507e+06
     50.46  8.436e+06
      54.5  7.486e+06
     58.54  6.635e+06
     62.57  5.917e+06
     66.61  5.279e+06
     70.65  4.728e+06
     74.68  4.254e+06
     78.72  3.853e+06
     82.76  3.503e+06
     86.79  3.202e+06
     90.83  2.939e+06
     94.87    2.7e+06
     98.91  2.489e+06
     102.9  2.302e+06
       107  2.137e+06
       111   1.99e+06
     115.1  1.858e+06
     119.1  1.735e+06
     123.1  1.624e+06
     127.2  1.523e+06
     131.2  1.433e+06
     135.2  1.353e+06
     139.3  1.278e+06
     143.3  1.213e+06
     147.3  1.158e+06
     151.4  1.108e+06
     155.4  1.054e+06
     159.5  1.003e+06
     163.5  9.554e+05
     167.5  9.102e+05
     171.6  8.681e+05
     175.6  8.291e+05
     179.6  7.924e+05
     183.7  7.585e+05
     187.7  7.261e+05
     191.8  6.957e+05
     195.8  6.673e+05
     199.8  6.403e+05
     203.9  6.151e+05
     207.9  5.912e+05
     211.9  5.687e+05
       216  5.474e+05
       220  5.274e+05
     224.1  5.084e+05
     228.1  4.904e+05
     232.1  4.733e+05
     236.2  4.571e+05
     240.2  4.418e+05
     244.2  4.272e+05
     248.3  4.133e+05
     252.3      4e+05
     256.3  3.874e+05
     260.4  3.754e+05
     264.4   3.64e+05
     268.5   3.53e+05
     272.5  3.426e+05
