    0.7821  1.365e+08
     1.004  2.605e+07
      1.15  1.817e+07
     1.259  1.243e+07
     1.346  9.444e+06
     1.419  7.987e+06
     1.481  6.964e+06
     1.535  6.156e+06
     1.584  4.634e+06
     1.627  4.321e+06
     1.667  4.177e+06
     1.703  2.802e+06
     1.736  2.017e+06
     1.767  1.307e+06
     1.796  1.065e+06
     1.824  6.436e+05
     1.849  4.558e+05
     1.873  3.441e+05
     1.896   3.36e+05
     1.918  2.708e+05
     1.938  2.651e+05
     1.958  2.357e+05
     1.977  1.331e+05
     1.995  1.123e+05
     2.013  1.037e+05
     2.029  1.163e+05
     2.045  1.129e+05
     2.061  1.134e+05
     2.076  3.463e+04
      2.09  4.389e+04
     2.104  3.818e+04
     2.118  6.053e+04
     2.131  8.535e+04
     2.144   7.07e+04
     2.156  1.132e+05
     2.168  2.169e+05
      2.18  2.217e+05
     2.192  6.321e+04
     2.203  5.108e+04
     2.214  3.398e+04
     2.224  1.665e+04
     2.234  1.599e+04
     2.245  1.954e+04
     2.254  1.178e+04
     2.264  2.265e+04
     2.274       3776
     2.283       3717
     2.292       7501
     2.301          0
     2.309       3368
     2.318          0
     2.326          0
     2.334          0
     2.342          0
      2.35          0
     2.358          0
     2.366          0
     2.373          0
     2.381          0
     2.388          0
     2.395          0
     2.402          0
     2.409          0
     2.416          0
     2.422          0
     2.429          0
     2.435          0
