    0.7821    2.9e+08
     1.004  9.204e+07
      1.15    5.1e+07
     1.259  3.413e+07
     1.346  2.524e+07
     1.419  1.997e+07
     1.481  1.652e+07
     1.535  1.409e+07
     1.584  1.211e+07
     1.627  1.063e+07
     1.667  9.507e+06
     1.703  8.436e+06
     1.736  7.486e+06
     1.767  6.635e+06
     1.796  5.917e+06
     1.824  5.279e+06
     1.849  4.728e+06
     1.873  4.254e+06
     1.896  3.853e+06
     1.918  3.503e+06
     1.938  3.202e+06
     1.958  2.939e+06
     1.977    2.7e+06
     1.995  2.489e+06
     2.013  2.302e+06
     2.029  2.137e+06
     2.045   1.99e+06
     2.061  1.858e+06
     2.076  1.735e+06
      2.09  1.624e+06
     2.104  1.523e+06
     2.118  1.433e+06
     2.131  1.353e+06
     2.144  1.278e+06
     2.156  1.213e+06
     2.168  1.158e+06
      2.18  1.108e+06
     2.192  1.054e+06
     2.203  1.003e+06
     2.214  9.554e+05
     2.224  9.102e+05
     2.234  8.681e+05
     2.245  8.291e+05
     2.254  7.924e+05
     2.264  7.585e+05
     2.274  7.261e+05
     2.283  6.957e+05
     2.292  6.673e+05
     2.301  6.403e+05
     2.309  6.151e+05
     2.318  5.912e+05
     2.326  5.687e+05
     2.334  5.474e+05
     2.342  5.274e+05
      2.35  5.084e+05
     2.358  4.904e+05
     2.366  4.733e+05
     2.373  4.571e+05
     2.381  4.418e+05
     2.388  4.272e+05
     2.395  4.133e+05
     2.402      4e+05
     2.409  3.874e+05
     2.416  3.754e+05
     2.422   3.64e+05
     2.429   3.53e+05
     2.435  3.426e+05
