     2.018      19.73
     6.055      21.76
     10.09      22.32
     14.13      22.59
     18.17      23.35
      22.2      23.38
     26.24      23.97
     30.28      25.36
     34.31      25.84
     38.35      26.59
     42.39      27.21
     46.43      28.27
     50.46      28.97
      54.5      29.37
     58.54      30.18
     62.57      30.93
     66.61      31.76
     70.65      32.64
     74.68       32.7
     78.72      33.25
     82.76      33.42
     86.79      33.82
     90.83      34.17
     94.87      34.49
     98.91      34.35
     102.9      34.39
       107      34.41
       111      34.45
     115.1      34.74
     119.1      35.06
     123.1      35.16
     127.2      35.09
     131.2      34.78
     135.2      34.91
     139.3      34.71
     143.3       34.7
     147.3      34.54
     151.4      34.69
     155.4         35
     159.5      35.05
     163.5      35.24
     167.5      35.27
     171.6      35.35
     175.6      35.28
     179.6      35.32
     183.7      35.37
     187.7      35.44
     191.8      35.46
     195.8      35.48
     199.8      35.51
     203.9      35.46
     207.9      35.52
     211.9      35.52
       216      35.52
       220      35.52
     224.1      35.52
     228.1      35.52
     232.1      35.52
     236.2      35.52
     240.2      35.52
     244.2      35.52
     248.3      35.52
     252.3      35.52
     256.3      35.52
     260.4      35.52
     264.4      35.52
     268.5      35.52
     272.5      35.52
