     6.063  8.762e+08
      10.1  2.493e+08
     14.15  1.226e+08
     18.19  7.374e+07
     22.23  4.945e+07
     26.27  3.546e+07
     30.31    2.7e+07
     34.36  2.141e+07
      38.4  1.734e+07
     42.44  1.436e+07
     46.48    1.2e+07
     50.52  1.019e+07
     54.57  8.742e+06
     58.61  7.574e+06
     62.65   6.63e+06
     66.69  5.879e+06
     70.73  5.267e+06
     74.78  4.799e+06
     78.82   4.36e+06
     82.86  3.966e+06
      86.9  3.618e+06
     90.94  3.316e+06
     94.98   3.05e+06
     99.03  2.814e+06
     103.1  2.602e+06
     107.1  2.414e+06
     111.2  2.241e+06
     115.2  2.089e+06
     119.2  1.953e+06
     123.3  1.827e+06
     127.3  1.715e+06
     131.4  1.612e+06
     135.4  1.517e+06
     139.4   1.43e+06
     143.5  1.349e+06
     147.5  1.276e+06
     151.6  1.209e+06
     155.6  1.148e+06
     159.7   1.09e+06
     163.7  1.037e+06
     167.7   9.87e+05
     171.8  9.407e+05
     175.8  8.975e+05
     179.9  8.573e+05
     183.9  8.202e+05
     187.9  7.851e+05
       192  7.523e+05
       196  7.213e+05
     200.1  6.923e+05
     204.1  6.649e+05
     208.2  6.391e+05
     212.2  6.147e+05
     216.2   5.92e+05
     220.3  5.703e+05
     224.3  5.497e+05
     228.4  5.303e+05
     232.4  5.118e+05
     236.5  4.943e+05
     240.5  4.777e+05
     244.5  4.619e+05
     248.6  4.469e+05
     252.6  4.326e+05
     256.7   4.19e+05
     260.7   4.06e+05
     264.7  3.936e+05
     268.8  3.818e+05
     272.8  3.704e+05
     276.9  3.596e+05
     280.9  3.493e+05
       285  3.394e+05
       289  3.299e+05
       293  3.208e+05
     297.1  3.121e+05
     301.1  3.037e+05
     305.2  2.956e+05
     309.2  2.879e+05
     313.2  2.805e+05
     317.3  2.733e+05
     321.3  2.665e+05
     325.4  2.598e+05
     329.4  2.535e+05
     333.5  2.473e+05
     337.5  2.414e+05
     341.5  2.357e+05
     345.6  2.302e+05
     349.6  2.248e+05
