    0.7827  8.762e+08
     1.005  2.493e+08
     1.151  1.226e+08
      1.26  7.374e+07
     1.347  4.945e+07
      1.42  3.546e+07
     1.482    2.7e+07
     1.536  2.141e+07
     1.584  1.734e+07
     1.628  1.436e+07
     1.667    1.2e+07
     1.703  1.019e+07
     1.737  8.742e+06
     1.768  7.574e+06
     1.797   6.63e+06
     1.824  5.879e+06
      1.85  5.267e+06
     1.874  4.799e+06
     1.897   4.36e+06
     1.918  3.966e+06
     1.939  3.618e+06
     1.959  3.316e+06
     1.978   3.05e+06
     1.996  2.814e+06
     2.013  2.602e+06
      2.03  2.414e+06
     2.046  2.241e+06
     2.061  2.089e+06
     2.076  1.953e+06
     2.091  1.827e+06
     2.105  1.715e+06
     2.118  1.612e+06
     2.132  1.517e+06
     2.144   1.43e+06
     2.157  1.349e+06
     2.169  1.276e+06
     2.181  1.209e+06
     2.192  1.148e+06
     2.203   1.09e+06
     2.214  1.037e+06
     2.225   9.87e+05
     2.235  9.407e+05
     2.245  8.975e+05
     2.255  8.573e+05
     2.265  8.202e+05
     2.274  7.851e+05
     2.283  7.523e+05
     2.292  7.213e+05
     2.301  6.923e+05
      2.31  6.649e+05
     2.318  6.391e+05
     2.327  6.147e+05
     2.335   5.92e+05
     2.343  5.703e+05
     2.351  5.497e+05
     2.359  5.303e+05
     2.366  5.118e+05
     2.374  4.943e+05
     2.381  4.777e+05
     2.388  4.619e+05
     2.395  4.469e+05
     2.402  4.326e+05
     2.409   4.19e+05
     2.416   4.06e+05
     2.423  3.936e+05
     2.429  3.818e+05
     2.436  3.704e+05
     2.442  3.596e+05
     2.449  3.493e+05
     2.455  3.394e+05
     2.461  3.299e+05
     2.467  3.208e+05
     2.473  3.121e+05
     2.479  3.037e+05
     2.485  2.956e+05
      2.49  2.879e+05
     2.496  2.805e+05
     2.501  2.733e+05
     2.507  2.665e+05
     2.512  2.598e+05
     2.518  2.535e+05
     2.523  2.473e+05
     2.528  2.414e+05
     2.533  2.357e+05
     2.539  2.302e+05
     2.544  2.248e+05
