     2.021  3.819e-17
     6.063  1.158e-17
      10.1  6.498e-18
     14.15  5.784e-18
     18.19  2.705e-18
     22.23  2.299e-18
     26.27  1.506e-18
     30.31   1.31e-18
     34.36  9.395e-19
      38.4  8.315e-19
     42.44  4.899e-19
     46.48  3.465e-19
     50.52  2.148e-19
     54.57  1.514e-19
     58.61  1.221e-19
     62.65  1.619e-19
     66.69  1.744e-19
     70.73  2.871e-19
     74.78  2.963e-19
     78.82   1.67e-19
     82.86  1.225e-19
      86.9  7.878e-20
     90.94  8.886e-20
     94.98  5.961e-20
     99.03  4.975e-20
     103.1  3.692e-20
     107.1  2.908e-20
     111.2  2.079e-20
     115.2  2.692e-20
     119.2  2.691e-20
     123.3  1.782e-20
     127.3  1.917e-20
     131.4  1.627e-20
     135.4  6.602e-21
     139.4  9.163e-22
     143.5  2.138e-21
     147.5  9.429e-21
     151.6  5.203e-21
     155.6  4.632e-21
     159.7   1.49e-21
     163.7  6.184e-21
     167.7  1.703e-21
     171.8  6.087e-22
     175.8  8.155e-22
     179.9  4.442e-21
     183.9  4.827e-21
     187.9  2.826e-21
       192  2.145e-21
       196  1.706e-21
     200.1  2.382e-22
     204.1      1e-23
     208.2      1e-23
     212.2  2.652e-22
     216.2  2.216e-21
     220.3  1.005e-23
     224.3      1e-23
     228.4      1e-23
     232.4      1e-23
     236.5      1e-23
     240.5      1e-23
     244.5      1e-23
     248.6      1e-23
     252.6      1e-23
     256.7      1e-23
     260.7      1e-23
     264.7      1e-23
     268.8      1e-23
     272.8      1e-23
     276.9      1e-23
     280.9      1e-23
       285      1e-23
       289      1e-23
       293      1e-23
     297.1      1e-23
     301.1      1e-23
     305.2      1e-23
     309.2      1e-23
     313.2      1e-23
     317.3      1e-23
     321.3      1e-23
     325.4      1e-23
     329.4      1e-23
     333.5      1e-23
     337.5      1e-23
     341.5      1e-23
     345.6      1e-23
     349.6      1e-23
