     6.066  4.909e+08
     10.11  7.916e+07
     14.15   4.18e+07
      18.2  2.101e+07
     22.24  1.124e+07
     26.29  6.203e+06
     30.33  4.223e+06
     34.37   2.92e+06
     38.42  1.572e+06
     42.46  1.688e+06
      46.5  9.692e+05
     50.55  9.841e+05
     54.59  7.926e+05
     58.64  5.039e+05
     62.68  2.837e+05
     66.72  1.984e+05
     70.77  7.263e+04
     74.81   9.97e+04
     78.86  5.152e+04
      82.9  1.496e+05
     86.94  5.293e+04
     90.99  1.056e+05
     95.03  6.042e+04
     99.07   7.36e+04
     103.1  9.033e+04
     107.2  6.708e+04
     111.2  9.657e+04
     115.2  1.006e+05
     119.3  7.904e+04
     123.3  1.106e+05
     127.4   1.36e+05
     131.4  1.035e+05
     135.5  2.091e+04
     139.5  4.041e+04
     143.6  2.904e+04
     147.6  3.771e+04
     151.6       4808
     155.7  1.795e+04
     159.7       4333
     163.8          0
     167.8  1.213e+04
     171.9          0
     175.9  1.199e+04
       180       3758
       184  1.134e+04
       188       3590
     192.1          0
     196.1       3448
     200.2       3409
     204.2          0
     208.3       3200
     212.3          0
     216.3          0
     220.4          0
     224.4          0
     228.5          0
     232.5          0
     236.6          0
     240.6          0
     244.7          0
     248.7          0
     252.7          0
     256.8       2665
     260.8          0
     264.9       2520
     268.9          0
       273          0
       277       2445
       281          0
     285.1          0
     289.1          0
     293.2          0
     297.2          0
     301.3          0
     305.3          0
     309.4          0
     313.4          0
     317.4          0
     321.5          0
     325.5          0
     329.6          0
     333.6          0
     337.7          0
     341.7          0
     345.7          0
     349.8          0
