     6.066  1.014e+09
     10.11  3.128e+08
     14.15  1.623e+08
      18.2  1.005e+08
     22.24  6.834e+07
     26.29  4.936e+07
     30.33  3.738e+07
     34.37  2.931e+07
     38.42  2.348e+07
     42.46  1.934e+07
      46.5  1.615e+07
     50.55  1.373e+07
     54.59  1.182e+07
     58.64  1.026e+07
     62.68  8.973e+06
     66.72  7.911e+06
     70.77  7.016e+06
     74.81  6.269e+06
     78.86  5.631e+06
      82.9  5.097e+06
     86.94  4.628e+06
     90.99  4.226e+06
     95.03  3.872e+06
     99.07  3.562e+06
     103.1   3.29e+06
     107.2  3.047e+06
     111.2  2.832e+06
     115.2   2.64e+06
     119.3  2.467e+06
     123.3  2.312e+06
     127.4  2.174e+06
     131.4  2.047e+06
     135.5  1.926e+06
     139.5  1.817e+06
     143.6  1.716e+06
     147.6  1.624e+06
     151.6  1.538e+06
     155.7  1.459e+06
     159.7  1.385e+06
     163.8  1.317e+06
     167.8  1.254e+06
     171.9  1.195e+06
     175.9   1.14e+06
       180  1.089e+06
       184  1.042e+06
       188  9.974e+05
     192.1  9.554e+05
     196.1  9.161e+05
     200.2  8.792e+05
     204.2  8.444e+05
     208.3  8.118e+05
     212.3  7.808e+05
     216.3  7.517e+05
     220.4  7.241e+05
     224.4   6.98e+05
     228.5  6.733e+05
     232.5  6.499e+05
     236.6  6.276e+05
     240.6  6.065e+05
     244.7  5.865e+05
     248.7  5.674e+05
     252.7  5.493e+05
     256.8  5.321e+05
     260.8  5.156e+05
     264.9  4.999e+05
     268.9  4.849e+05
       273  4.705e+05
       277  4.568e+05
       281  4.437e+05
     285.1  4.311e+05
     289.1   4.19e+05
     293.2  4.075e+05
     297.2  3.964e+05
     301.3  3.858e+05
     305.3  3.755e+05
     309.4  3.657e+05
     313.4  3.563e+05
     317.4  3.472e+05
     321.5  3.385e+05
     325.5  3.301e+05
     329.6   3.22e+05
     333.6  3.142e+05
     337.7  3.066e+05
     341.7  2.994e+05
     345.7  2.924e+05
     349.8  2.856e+05
