    0.7829  1.014e+09
     1.005  3.128e+08
     1.151  1.623e+08
      1.26  1.005e+08
     1.347  6.834e+07
      1.42  4.936e+07
     1.482  3.738e+07
     1.536  2.931e+07
     1.585  2.348e+07
     1.628  1.934e+07
     1.667  1.615e+07
     1.704  1.373e+07
     1.737  1.182e+07
     1.768  1.026e+07
     1.797  8.973e+06
     1.824  7.911e+06
      1.85  7.016e+06
     1.874  6.269e+06
     1.897  5.631e+06
     1.919  5.097e+06
     1.939  4.628e+06
     1.959  4.226e+06
     1.978  3.872e+06
     1.996  3.562e+06
     2.013   3.29e+06
      2.03  3.047e+06
     2.046  2.832e+06
     2.062   2.64e+06
     2.077  2.467e+06
     2.091  2.312e+06
     2.105  2.174e+06
     2.119  2.047e+06
     2.132  1.926e+06
     2.145  1.817e+06
     2.157  1.716e+06
     2.169  1.624e+06
     2.181  1.538e+06
     2.192  1.459e+06
     2.203  1.385e+06
     2.214  1.317e+06
     2.225  1.254e+06
     2.235  1.195e+06
     2.245   1.14e+06
     2.255  1.089e+06
     2.265  1.042e+06
     2.274  9.974e+05
     2.283  9.554e+05
     2.293  9.161e+05
     2.301  8.792e+05
      2.31  8.444e+05
     2.319  8.118e+05
     2.327  7.808e+05
     2.335  7.517e+05
     2.343  7.241e+05
     2.351   6.98e+05
     2.359  6.733e+05
     2.366  6.499e+05
     2.374  6.276e+05
     2.381  6.065e+05
     2.389  5.865e+05
     2.396  5.674e+05
     2.403  5.493e+05
      2.41  5.321e+05
     2.416  5.156e+05
     2.423  4.999e+05
      2.43  4.849e+05
     2.436  4.705e+05
     2.442  4.568e+05
     2.449  4.437e+05
     2.455  4.311e+05
     2.461   4.19e+05
     2.467  4.075e+05
     2.473  3.964e+05
     2.479  3.858e+05
     2.485  3.755e+05
      2.49  3.657e+05
     2.496  3.563e+05
     2.502  3.472e+05
     2.507  3.385e+05
     2.513  3.301e+05
     2.518   3.22e+05
     2.523  3.142e+05
     2.528  3.066e+05
     2.534  2.994e+05
     2.539  2.924e+05
     2.544  2.856e+05
