    0.7829  4.909e+08
     1.005  7.916e+07
     1.151   4.18e+07
      1.26  2.101e+07
     1.347  1.124e+07
      1.42  6.203e+06
     1.482  4.223e+06
     1.536   2.92e+06
     1.585  1.572e+06
     1.628  1.688e+06
     1.667  9.692e+05
     1.704  9.841e+05
     1.737  7.926e+05
     1.768  5.039e+05
     1.797  2.837e+05
     1.824  1.984e+05
      1.85  7.263e+04
     1.874   9.97e+04
     1.897  5.152e+04
     1.919  1.496e+05
     1.939  5.293e+04
     1.959  1.056e+05
     1.978  6.042e+04
     1.996   7.36e+04
     2.013  9.033e+04
      2.03  6.708e+04
     2.046  9.657e+04
     2.062  1.006e+05
     2.077  7.904e+04
     2.091  1.106e+05
     2.105   1.36e+05
     2.119  1.035e+05
     2.132  2.091e+04
     2.145  4.041e+04
     2.157  2.904e+04
     2.169  3.771e+04
     2.181       4808
     2.192  1.795e+04
     2.203       4333
     2.214          0
     2.225  1.213e+04
     2.235          0
     2.245  1.199e+04
     2.255       3758
     2.265  1.134e+04
     2.274       3590
     2.283          0
     2.293       3448
     2.301       3409
      2.31          0
     2.319       3200
     2.327          0
     2.335          0
     2.343          0
     2.351          0
     2.359          0
     2.366          0
     2.374          0
     2.381          0
     2.389          0
     2.396          0
     2.403          0
      2.41       2665
     2.416          0
     2.423       2520
      2.43          0
     2.436          0
     2.442       2445
     2.449          0
     2.455          0
     2.461          0
     2.467          0
     2.473          0
     2.479          0
     2.485          0
      2.49          0
     2.496          0
     2.502          0
     2.507          0
     2.513          0
     2.518          0
     2.523          0
     2.528          0
     2.534          0
     2.539          0
     2.544          0
