     2.022  6.045e+10
     6.066  1.172e+11
     10.11  1.446e+11
     14.15  1.688e+11
      18.2  1.858e+11
     22.24  1.975e+11
     26.29  2.054e+11
     30.33  2.117e+11
     34.37  2.168e+11
     38.42  2.199e+11
     42.46  2.236e+11
      46.5  2.259e+11
     50.55  2.286e+11
     54.59  2.309e+11
     58.64  2.324e+11
     62.68  2.334e+11
     66.72  2.341e+11
     70.77  2.344e+11
     74.81  2.348e+11
     78.86   2.35e+11
      82.9  2.357e+11
     86.94  2.359e+11
     90.99  2.364e+11
     95.03  2.367e+11
     99.07  2.371e+11
     103.1  2.377e+11
     107.2  2.381e+11
     111.2  2.386e+11
     115.2  2.393e+11
     119.3  2.398e+11
     123.3  2.406e+11
     127.4  2.415e+11
     131.4  2.423e+11
     135.5  2.424e+11
     139.5  2.427e+11
     143.6   2.43e+11
     147.6  2.433e+11
     151.6  2.433e+11
     155.7  2.435e+11
     159.7  2.435e+11
     163.8  2.435e+11
     167.8  2.436e+11
     171.9  2.436e+11
     175.9  2.438e+11
       180  2.438e+11
       184  2.439e+11
       188  2.439e+11
     192.1  2.439e+11
     196.1   2.44e+11
     200.2   2.44e+11
     204.2   2.44e+11
     208.3  2.441e+11
     212.3  2.441e+11
     216.3  2.441e+11
     220.4  2.441e+11
     224.4  2.441e+11
     228.5  2.441e+11
     232.5  2.441e+11
     236.6  2.441e+11
     240.6  2.441e+11
     244.7  2.441e+11
     248.7  2.441e+11
     252.7  2.441e+11
     256.8  2.441e+11
     260.8  2.441e+11
     264.9  2.441e+11
     268.9  2.441e+11
       273  2.441e+11
       277  2.442e+11
       281  2.442e+11
     285.1  2.442e+11
     289.1  2.442e+11
     293.2  2.442e+11
     297.2  2.442e+11
     301.3  2.442e+11
     305.3  2.442e+11
     309.4  2.442e+11
     313.4  2.442e+11
     317.4  2.442e+11
     321.5  2.442e+11
     325.5  2.442e+11
     329.6  2.442e+11
     333.6  2.442e+11
     337.7  2.442e+11
     341.7  2.442e+11
     345.7  2.442e+11
     349.8  2.442e+11
