     2.022  2.165e-16
     6.066  2.249e-17
     10.11  9.842e-18
     14.15   5.88e-18
      18.2   3.02e-18
     22.24    1.9e-18
     26.29  1.296e-18
     30.33  8.537e-19
     34.37  5.229e-19
     38.42  4.211e-19
     42.46  3.365e-19
      46.5   2.86e-19
     50.55  2.414e-19
     54.59  2.009e-19
     58.64  1.268e-19
     62.68  6.089e-20
     66.72  5.098e-20
     70.77  2.633e-20
     74.81   5.01e-20
     78.86  4.114e-20
      82.9  4.707e-20
     86.94   2.76e-20
     90.99  4.766e-20
     95.03  1.495e-20
     99.07  2.801e-20
     103.1  3.386e-20
     107.2  3.158e-20
     111.2  4.257e-20
     115.2  4.713e-20
     119.3  4.106e-20
     123.3   6.46e-20
     127.4  5.766e-20
     131.4  2.588e-20
     135.5   1.25e-20
     139.5  1.651e-20
     143.6  1.026e-20
     147.6  7.298e-21
     151.6  5.281e-21
     155.7  4.685e-21
     159.7  2.129e-22
     163.8  3.024e-21
     167.8  6.767e-22
     171.9  2.474e-21
     175.9  3.654e-21
       180  3.677e-21
       184  2.332e-21
       188  9.868e-23
     192.1  3.637e-22
     196.1  1.646e-21
     200.2  3.412e-22
     204.2  1.136e-22
     208.3  7.813e-22
     212.3  1.007e-23
     216.3      1e-23
     220.4      1e-23
     224.4      1e-23
     228.5      1e-23
     232.5      1e-23
     236.6      1e-23
     240.6      1e-23
     244.7      1e-23
     248.7      1e-23
     252.7  3.488e-22
     256.8   9.48e-22
     260.8  2.858e-22
     264.9   9.34e-22
     268.9      1e-23
       273  8.154e-22
       277  8.315e-22
       281      1e-23
     285.1      1e-23
     289.1      1e-23
     293.2      1e-23
     297.2      1e-23
     301.3      1e-23
     305.3      1e-23
     309.4      1e-23
     313.4      1e-23
     317.4      1e-23
     321.5      1e-23
     325.5      1e-23
     329.6      1e-23
     333.6      1e-23
     337.7      1e-23
     341.7      1e-23
     345.7      1e-23
     349.8      1e-23
