     2.022      17.53
     6.066      19.76
     10.11       20.7
     14.15      21.46
      18.2      22.15
     22.24      22.65
     26.29      23.24
     30.33      24.36
     34.37      25.64
     38.42      27.27
     42.46      28.36
      46.5      30.12
     50.55      31.11
     54.59      31.42
     58.64      32.26
     62.68      32.63
     66.72      33.23
     70.77      34.19
     74.81      34.37
     78.86      34.34
      82.9      34.02
     86.94      34.35
     90.99      33.98
     95.03      34.59
     99.07      34.83
     103.1      34.28
     107.2      34.33
     111.2      34.06
     115.2      34.21
     119.3      34.37
     123.3      34.18
     127.4      34.31
     131.4      34.68
     135.5      34.87
     139.5      34.73
     143.6      34.98
     147.6      35.18
     151.6      35.27
     155.7      35.26
     159.7      35.48
     163.8      35.41
     167.8      35.48
     171.9       35.4
     175.9      35.33
       180      35.39
       184       35.4
       188      35.51
     192.1      35.49
     196.1      35.43
     200.2      35.49
     204.2       35.5
     208.3      35.47
     212.3      35.52
     216.3      35.52
     220.4      35.52
     224.4      35.52
     228.5      35.52
     232.5      35.52
     236.6      35.52
     240.6      35.52
     244.7      35.52
     248.7      35.52
     252.7      35.49
     256.8      35.47
     260.8      35.51
     264.9      35.46
     268.9      35.52
       273      35.46
       277      35.45
       281      35.52
     285.1      35.52
     289.1      35.52
     293.2      35.52
     297.2      35.52
     301.3      35.52
     305.3      35.52
     309.4      35.52
     313.4      35.52
     317.4      35.52
     321.5      35.52
     325.5      35.52
     329.6      35.52
     333.6      35.52
     337.7      35.52
     341.7      35.52
     345.7      35.52
     349.8      35.52
