     2.022      17.18
     6.066      19.64
     10.11      20.53
     14.15      21.09
      18.2      21.82
     22.24      22.32
     26.29      22.73
     30.33      23.19
     34.37      23.72
     38.42      23.96
     42.46       24.2
      46.5      24.38
     50.55      24.56
     54.59      24.76
     58.64      25.26
     62.68      26.05
     66.72      26.25
     70.77      26.96
     74.81      26.27
     78.86      26.48
      82.9      26.33
     86.94      26.91
     90.99      26.32
     95.03      27.58
     99.07       26.9
     103.1      26.69
     107.2      26.77
     111.2      26.44
     115.2      26.33
     119.3      26.48
     123.3      25.99
     127.4      26.11
     131.4      26.98
     135.5      27.77
     139.5      27.47
     143.6      27.99
     147.6      28.36
     151.6      28.71
     155.7      28.84
     159.7       32.2
     163.8      29.31
     167.8      30.94
     171.9      29.53
     175.9      29.11
       180       29.1
       184       29.6
       188      33.03
     192.1      31.61
     196.1      29.97
     200.2      31.68
     204.2      32.88
     208.3      30.78
     212.3      35.51
     216.3      35.52
     220.4      35.52
     224.4      35.52
     228.5      35.52
     232.5      35.52
     236.6      35.52
     240.6      35.52
     244.7      35.52
     248.7      35.52
     252.7      31.66
     256.8      30.57
     260.8      31.88
     264.9      30.59
     268.9      35.52
       273      30.74
       277      30.72
       281      35.52
     285.1      35.52
     289.1      35.52
     293.2      35.52
     297.2      35.52
     301.3      35.52
     305.3      35.52
     309.4      35.52
     313.4      35.52
     317.4      35.52
     321.5      35.52
     325.5      35.52
     329.6      35.52
     333.6      35.52
     337.7      35.52
     341.7      35.52
     345.7      35.52
     349.8      35.52
