     6.066   3.33e+07
     10.11  2.285e+07
     14.15  1.968e+07
      18.2  1.911e+07
     22.24  1.805e+07
     26.29  1.696e+07
     30.33  1.646e+07
     34.37  1.607e+07
     38.42  1.818e+07
     42.46  2.256e+07
     46.51  2.078e+07
     50.55  1.881e+07
     54.59  1.701e+07
     58.64  1.555e+07
     62.68  1.439e+07
     66.73  1.328e+07
     70.77  1.232e+07
     74.81  1.151e+07
     78.86  1.078e+07
      82.9  1.005e+07
     86.95  9.413e+06
     90.99  8.825e+06
     95.03  8.286e+06
     99.08   7.78e+06
     103.1  7.305e+06
     107.2  6.868e+06
     111.2  6.466e+06
     115.3  6.096e+06
     119.3  5.759e+06
     123.3  5.435e+06
     127.4  5.133e+06
     131.4  4.881e+06
     135.5  4.647e+06
     139.5   4.43e+06
     143.6  4.238e+06
     147.6  4.067e+06
     151.7   3.89e+06
     155.7  3.717e+06
     159.7  3.548e+06
     163.8  3.394e+06
     167.8  3.253e+06
     171.9  3.119e+06
     175.9  2.993e+06
       180  2.874e+06
       184  2.756e+06
       188  2.643e+06
     192.1  2.541e+06
     196.1  2.444e+06
     200.2  2.352e+06
     204.2  2.264e+06
     208.3  2.181e+06
     212.3  2.103e+06
     216.4  2.028e+06
     220.4  1.956e+06
     224.4  1.888e+06
     228.5  1.822e+06
     232.5  1.762e+06
     236.6  1.704e+06
     240.6  1.648e+06
     244.7  1.595e+06
     248.7  1.543e+06
     252.8  1.494e+06
     256.8  1.448e+06
     260.8  1.404e+06
     264.9  1.361e+06
     268.9  1.321e+06
       273  1.282e+06
       277  1.245e+06
     281.1  1.209e+06
     285.1  1.175e+06
     289.1  1.142e+06
     293.2  1.111e+06
     297.2   1.08e+06
     301.3  1.051e+06
     305.3  1.024e+06
     309.4  9.969e+05
     313.4  9.711e+05
     317.5  9.464e+05
     321.5  9.226e+05
     325.5  8.997e+05
     329.6  8.776e+05
     333.6  8.563e+05
     337.7  8.358e+05
     341.7   8.16e+05
     345.8  7.969e+05
     349.8  7.785e+05
