     6.066  2.964e+07
     10.11  1.936e+07
     14.15  1.714e+07
      18.2  1.839e+07
     22.24  1.617e+07
     26.29  1.448e+07
     30.33  1.507e+07
     34.37  1.479e+07
     38.42  2.614e+07
     42.46  4.124e+07
     46.51  1.227e+07
     50.55  8.461e+06
     54.59  6.613e+06
     58.64  6.462e+06
     62.68  6.518e+06
     66.73  5.214e+06
     70.77  4.931e+06
     74.81  4.805e+06
     78.86  4.316e+06
      82.9  3.348e+06
     86.95  3.188e+06
     90.99  2.795e+06
     95.03  2.491e+06
     99.08  2.084e+06
     103.1  1.726e+06
     107.2  1.506e+06
     111.2  1.347e+06
     115.3  1.186e+06
     119.3  1.131e+06
     123.3  8.047e+05
     127.4   6.89e+05
     131.4  1.025e+06
     135.5  9.629e+05
     139.5  9.095e+05
     143.6  1.009e+06
     147.6  1.134e+06
     151.7  7.398e+05
     155.7  5.549e+05
     159.7  3.848e+05
     163.8   4.32e+05
     167.8  4.705e+05
     171.9  3.927e+05
     175.9    3.9e+05
       180  3.369e+05
       184  1.789e+05
       188  1.481e+05
     192.1  2.097e+05
     196.1  1.966e+05
     200.2  1.562e+05
     204.2   1.34e+05
     208.3  1.232e+05
     212.3  1.341e+05
     216.4  9.591e+04
     220.4  6.897e+04
     224.4  5.776e+04
     228.5  4.113e+04
     232.5  9.186e+04
     236.6  5.076e+04
     240.6  3.735e+04
     244.7  4.777e+04
     248.7  1.361e+04
     252.8   1.45e+04
     256.8  3.446e+04
     260.8  1.052e+04
     264.9  1.481e+04
     268.9  1.201e+04
       273       9951
       277          0
     281.1       4640
     285.1       7031
     289.1       2204
     293.2       4464
     297.2       2143
     301.3       2223
     305.3          0
     309.4          0
     313.4          0
     317.5          0
     321.5          0
     325.5          0
     329.6          0
     333.6          0
     337.7          0
     341.7          0
     345.8          0
     349.8          0
