    0.7829  2.964e+07
     1.005  1.936e+07
     1.151  1.714e+07
      1.26  1.839e+07
     1.347  1.617e+07
      1.42  1.448e+07
     1.482  1.507e+07
     1.536  1.479e+07
     1.585  2.614e+07
     1.628  4.124e+07
     1.668  1.227e+07
     1.704  8.461e+06
     1.737  6.613e+06
     1.768  6.462e+06
     1.797  6.518e+06
     1.824  5.214e+06
      1.85  4.931e+06
     1.874  4.805e+06
     1.897  4.316e+06
     1.919  3.348e+06
     1.939  3.188e+06
     1.959  2.795e+06
     1.978  2.491e+06
     1.996  2.084e+06
     2.013  1.726e+06
      2.03  1.506e+06
     2.046  1.347e+06
     2.062  1.186e+06
     2.077  1.131e+06
     2.091  8.047e+05
     2.105   6.89e+05
     2.119  1.025e+06
     2.132  9.629e+05
     2.145  9.095e+05
     2.157  1.009e+06
     2.169  1.134e+06
     2.181  7.398e+05
     2.192  5.549e+05
     2.203  3.848e+05
     2.214   4.32e+05
     2.225  4.705e+05
     2.235  3.927e+05
     2.245    3.9e+05
     2.255  3.369e+05
     2.265  1.789e+05
     2.274  1.481e+05
     2.284  2.097e+05
     2.293  1.966e+05
     2.301  1.562e+05
      2.31   1.34e+05
     2.319  1.232e+05
     2.327  1.341e+05
     2.335  9.591e+04
     2.343  6.897e+04
     2.351  5.776e+04
     2.359  4.113e+04
     2.366  9.186e+04
     2.374  5.076e+04
     2.381  3.735e+04
     2.389  4.777e+04
     2.396  1.361e+04
     2.403   1.45e+04
      2.41  3.446e+04
     2.416  1.052e+04
     2.423  1.481e+04
      2.43  1.201e+04
     2.436       9951
     2.443          0
     2.449       4640
     2.455       7031
     2.461       2204
     2.467       4464
     2.473       2143
     2.479       2223
     2.485          0
      2.49          0
     2.496          0
     2.502          0
     2.507          0
     2.513          0
     2.518          0
     2.523          0
     2.528          0
     2.534          0
     2.539          0
     2.544          0
