    0.7829   3.33e+07
     1.005  2.285e+07
     1.151  1.968e+07
      1.26  1.911e+07
     1.347  1.805e+07
      1.42  1.696e+07
     1.482  1.646e+07
     1.536  1.607e+07
     1.585  1.818e+07
     1.628  2.256e+07
     1.668  2.078e+07
     1.704  1.881e+07
     1.737  1.701e+07
     1.768  1.555e+07
     1.797  1.439e+07
     1.824  1.328e+07
      1.85  1.232e+07
     1.874  1.151e+07
     1.897  1.078e+07
     1.919  1.005e+07
     1.939  9.413e+06
     1.959  8.825e+06
     1.978  8.286e+06
     1.996   7.78e+06
     2.013  7.305e+06
      2.03  6.868e+06
     2.046  6.466e+06
     2.062  6.096e+06
     2.077  5.759e+06
     2.091  5.435e+06
     2.105  5.133e+06
     2.119  4.881e+06
     2.132  4.647e+06
     2.145   4.43e+06
     2.157  4.238e+06
     2.169  4.067e+06
     2.181   3.89e+06
     2.192  3.717e+06
     2.203  3.548e+06
     2.214  3.394e+06
     2.225  3.253e+06
     2.235  3.119e+06
     2.245  2.993e+06
     2.255  2.874e+06
     2.265  2.756e+06
     2.274  2.643e+06
     2.284  2.541e+06
     2.293  2.444e+06
     2.301  2.352e+06
      2.31  2.264e+06
     2.319  2.181e+06
     2.327  2.103e+06
     2.335  2.028e+06
     2.343  1.956e+06
     2.351  1.888e+06
     2.359  1.822e+06
     2.366  1.762e+06
     2.374  1.704e+06
     2.381  1.648e+06
     2.389  1.595e+06
     2.396  1.543e+06
     2.403  1.494e+06
      2.41  1.448e+06
     2.416  1.404e+06
     2.423  1.361e+06
      2.43  1.321e+06
     2.436  1.282e+06
     2.443  1.245e+06
     2.449  1.209e+06
     2.455  1.175e+06
     2.461  1.142e+06
     2.467  1.111e+06
     2.473   1.08e+06
     2.479  1.051e+06
     2.485  1.024e+06
      2.49  9.969e+05
     2.496  9.711e+05
     2.502  9.464e+05
     2.507  9.226e+05
     2.513  8.997e+05
     2.518  8.776e+05
     2.523  8.563e+05
     2.528  8.358e+05
     2.534   8.16e+05
     2.539  7.969e+05
     2.544  7.785e+05
