     2.022      21.81
     6.066      21.34
     10.11      21.59
     14.15      21.77
      18.2      21.62
     22.24      21.88
     26.29      21.87
     30.33      21.83
     34.37      21.95
     38.42      22.02
     42.46      22.31
     46.51      22.57
     50.55      22.92
     54.59      23.26
     58.64      23.25
     62.68      23.44
     66.73      23.88
     70.77      24.26
     74.81      23.83
     78.86      24.32
      82.9      24.98
     86.95      25.34
     90.99      25.46
     95.03      25.81
     99.08      26.29
     103.1      26.39
     107.2      26.82
     111.2       28.2
     115.3      28.93
     119.3      29.67
     123.3      29.96
     127.4      29.96
     131.4      29.64
     135.5      29.87
     139.5      30.79
     143.6      30.66
     147.6      31.21
     151.7      31.44
     155.7      31.91
     159.7      31.81
     163.8      31.86
     167.8      32.36
     171.9      32.61
     175.9      32.45
       180      32.88
       184      33.48
       188       33.1
     192.1      33.04
     196.1       33.5
     200.2      33.35
     204.2      33.55
     208.3      33.74
     212.3      33.72
     216.4      34.19
     220.4      34.46
     224.4      34.48
     228.5      34.37
     232.5      34.46
     236.6      34.81
     240.6      34.95
     244.7      35.19
     248.7      35.19
     252.8      35.06
     256.8      35.04
     260.8      35.04
     264.9      35.18
     268.9      35.17
       273      35.38
       277      35.41
     281.1      35.24
     285.1      35.22
     289.1      35.35
     293.2      35.25
     297.2      35.41
     301.3      35.37
     305.3      35.51
     309.4      35.52
     313.4      35.52
     317.5      35.52
     321.5      35.52
     325.5      35.52
     329.6      35.52
     333.6      35.52
     337.7      35.52
     341.7      35.52
     345.8      35.52
     349.8      35.52
