     6.002  1.246e+09
        10  6.356e+08
        14  4.484e+08
        18  3.485e+08
     22.01   2.83e+08
     26.01   2.35e+08
     30.01  1.992e+08
     34.01   1.72e+08
     38.01  1.504e+08
     42.01  1.328e+08
     46.01  1.182e+08
     50.01  1.064e+08
     54.01  9.616e+07
     58.02  8.728e+07
     62.02  7.976e+07
     66.02  7.311e+07
     70.02  6.737e+07
     74.02  6.234e+07
     78.02  5.795e+07
     82.02  5.402e+07
     86.02  5.057e+07
     90.02  4.745e+07
     94.03  4.457e+07
     98.03  4.187e+07
       102  3.941e+07
       106  3.718e+07
       110  3.515e+07
       114   3.33e+07
       118  3.161e+07
       122  3.002e+07
       126  2.856e+07
       130  2.722e+07
       134  2.597e+07
       138  2.481e+07
       142  2.374e+07
       146  2.276e+07
       150  2.183e+07
       154  2.096e+07
       158  2.014e+07
       162  1.936e+07
       166  1.862e+07
       170  1.792e+07
       174  1.726e+07
       178  1.663e+07
     182.1  1.604e+07
     186.1  1.548e+07
     190.1  1.494e+07
     194.1  1.444e+07
     198.1  1.397e+07
     202.1  1.352e+07
     206.1   1.31e+07
     210.1  1.271e+07
     214.1  1.233e+07
     218.1  1.196e+07
     222.1  1.162e+07
     226.1   1.13e+07
     230.1  1.099e+07
     234.1  1.069e+07
     238.1   1.04e+07
     242.1  1.013e+07
     246.1  9.858e+06
     250.1    9.6e+06
     254.1  9.342e+06
     258.1   9.09e+06
     262.1  8.845e+06
     266.1  8.605e+06
     270.1  8.371e+06
     274.1  8.145e+06
     278.1  7.924e+06
     282.1  7.712e+06
     286.1  7.508e+06
     290.1   7.31e+06
     294.1  7.119e+06
     298.1  6.935e+06
     302.1  6.759e+06
     306.1  6.587e+06
     310.1  6.421e+06
     314.1   6.26e+06
     318.1  6.105e+06
     322.1  5.956e+06
     326.1  5.812e+06
     330.1  5.672e+06
     334.1  5.538e+06
     338.1  5.408e+06
     342.1  5.282e+06
     346.1  5.161e+06
     350.1  5.043e+06
