     6.002  8.005e+08
        10  4.321e+08
        14  2.986e+08
        18  2.201e+08
     22.01  1.665e+08
     26.01  1.259e+08
     30.01  1.002e+08
     34.01  8.298e+07
     38.01  6.909e+07
     42.01  5.762e+07
     46.01  4.904e+07
     50.01  4.449e+07
     54.01   3.69e+07
     58.02   3.17e+07
     62.02  2.894e+07
     66.02  2.485e+07
     70.02  2.287e+07
     74.02   2.08e+07
     78.02   1.95e+07
     82.02   1.76e+07
     86.02  1.693e+07
     90.02  1.543e+07
     94.03  1.361e+07
     98.03  1.154e+07
       102  1.047e+07
       106  9.769e+06
       110  9.311e+06
       114  8.744e+06
       118  8.464e+06
       122  7.247e+06
       126  7.063e+06
       130  6.718e+06
       134  6.256e+06
       138    6.1e+06
       142  5.797e+06
       146  5.761e+06
       150  5.324e+06
       154   5.18e+06
       158  4.639e+06
       162  4.402e+06
       166  4.014e+06
       170  3.633e+06
       174  3.576e+06
       178  3.316e+06
     182.1  3.132e+06
     186.1  3.008e+06
     190.1  2.803e+06
     194.1  2.658e+06
     198.1  2.785e+06
     202.1  2.619e+06
     206.1  2.849e+06
     210.1  2.753e+06
     214.1  2.551e+06
     218.1  2.301e+06
     222.1  2.579e+06
     226.1  2.497e+06
     230.1  2.373e+06
     234.1  2.115e+06
     238.1  2.287e+06
     242.1  1.995e+06
     246.1   1.91e+06
     250.1  1.781e+06
     254.1  1.437e+06
     258.1  1.193e+06
     262.1  1.068e+06
     266.1  8.561e+05
     270.1  7.175e+05
     274.1  6.305e+05
     278.1  4.688e+05
     282.1  4.633e+05
     286.1  4.012e+05
     290.1  3.466e+05
     294.1  2.791e+05
     298.1   2.76e+05
     302.1  2.777e+05
     306.1  1.888e+05
     310.1  1.519e+05
     314.1  1.069e+05
     318.1  1.064e+05
     322.1  8.334e+04
     326.1  8.287e+04
     330.1   6.35e+04
     334.1  5.399e+04
     338.1  4.635e+04
     342.1  3.737e+04
     346.1  1.947e+04
     350.1       9480
