    0.7783  1.246e+09
         1  6.356e+08
     1.146  4.484e+08
     1.255  3.485e+08
     1.343   2.83e+08
     1.415   2.35e+08
     1.477  1.992e+08
     1.532   1.72e+08
      1.58  1.504e+08
     1.623  1.328e+08
     1.663  1.182e+08
     1.699  1.064e+08
     1.733  9.616e+07
     1.764  8.728e+07
     1.793  7.976e+07
      1.82  7.311e+07
     1.845  6.737e+07
     1.869  6.234e+07
     1.892  5.795e+07
     1.914  5.402e+07
     1.935  5.057e+07
     1.954  4.745e+07
     1.973  4.457e+07
     1.991  4.187e+07
     2.009  3.941e+07
     2.025  3.718e+07
     2.042  3.515e+07
     2.057   3.33e+07
     2.072  3.161e+07
     2.086  3.002e+07
       2.1  2.856e+07
     2.114  2.722e+07
     2.127  2.597e+07
      2.14  2.481e+07
     2.152  2.374e+07
     2.164  2.276e+07
     2.176  2.183e+07
     2.188  2.096e+07
     2.199  2.014e+07
      2.21  1.936e+07
      2.22  1.862e+07
     2.231  1.792e+07
     2.241  1.726e+07
     2.251  1.663e+07
      2.26  1.604e+07
      2.27  1.548e+07
     2.279  1.494e+07
     2.288  1.444e+07
     2.297  1.397e+07
     2.305  1.352e+07
     2.314   1.31e+07
     2.322  1.271e+07
     2.331  1.233e+07
     2.339  1.196e+07
     2.346  1.162e+07
     2.354   1.13e+07
     2.362  1.099e+07
     2.369  1.069e+07
     2.377   1.04e+07
     2.384  1.013e+07
     2.391  9.858e+06
     2.398    9.6e+06
     2.405  9.342e+06
     2.412   9.09e+06
     2.418  8.845e+06
     2.425  8.605e+06
     2.431  8.371e+06
     2.438  8.145e+06
     2.444  7.924e+06
      2.45  7.712e+06
     2.456  7.508e+06
     2.463   7.31e+06
     2.468  7.119e+06
     2.474  6.935e+06
      2.48  6.759e+06
     2.486  6.587e+06
     2.491  6.421e+06
     2.497   6.26e+06
     2.503  6.105e+06
     2.508  5.956e+06
     2.513  5.812e+06
     2.519  5.672e+06
     2.524  5.538e+06
     2.529  5.408e+06
     2.534  5.282e+06
     2.539  5.161e+06
     2.544  5.043e+06
