    0.7783  8.005e+08
         1  4.321e+08
     1.146  2.986e+08
     1.255  2.201e+08
     1.343  1.665e+08
     1.415  1.259e+08
     1.477  1.002e+08
     1.532  8.298e+07
      1.58  6.909e+07
     1.623  5.762e+07
     1.663  4.904e+07
     1.699  4.449e+07
     1.733   3.69e+07
     1.764   3.17e+07
     1.793  2.894e+07
      1.82  2.485e+07
     1.845  2.287e+07
     1.869   2.08e+07
     1.892   1.95e+07
     1.914   1.76e+07
     1.935  1.693e+07
     1.954  1.543e+07
     1.973  1.361e+07
     1.991  1.154e+07
     2.009  1.047e+07
     2.025  9.769e+06
     2.042  9.311e+06
     2.057  8.744e+06
     2.072  8.464e+06
     2.086  7.247e+06
       2.1  7.063e+06
     2.114  6.718e+06
     2.127  6.256e+06
      2.14    6.1e+06
     2.152  5.797e+06
     2.164  5.761e+06
     2.176  5.324e+06
     2.188   5.18e+06
     2.199  4.639e+06
      2.21  4.402e+06
      2.22  4.014e+06
     2.231  3.633e+06
     2.241  3.576e+06
     2.251  3.316e+06
      2.26  3.132e+06
      2.27  3.008e+06
     2.279  2.803e+06
     2.288  2.658e+06
     2.297  2.785e+06
     2.305  2.619e+06
     2.314  2.849e+06
     2.322  2.753e+06
     2.331  2.551e+06
     2.339  2.301e+06
     2.346  2.579e+06
     2.354  2.497e+06
     2.362  2.373e+06
     2.369  2.115e+06
     2.377  2.287e+06
     2.384  1.995e+06
     2.391   1.91e+06
     2.398  1.781e+06
     2.405  1.437e+06
     2.412  1.193e+06
     2.418  1.068e+06
     2.425  8.561e+05
     2.431  7.175e+05
     2.438  6.305e+05
     2.444  4.688e+05
      2.45  4.633e+05
     2.456  4.012e+05
     2.463  3.466e+05
     2.468  2.791e+05
     2.474   2.76e+05
      2.48  2.777e+05
     2.486  1.888e+05
     2.491  1.519e+05
     2.497  1.069e+05
     2.503  1.064e+05
     2.508  8.334e+04
     2.513  8.287e+04
     2.519   6.35e+04
     2.524  5.399e+04
     2.529  4.635e+04
     2.534  3.737e+04
     2.539  1.947e+04
     2.544       9480
