     6.009   3.91e+08
     10.01  1.504e+08
     14.02  8.012e+07
     18.03  4.995e+07
     22.03  3.377e+07
     26.04  2.433e+07
     30.04  1.824e+07
     34.05  1.406e+07
     38.06  1.119e+07
     42.06  9.136e+06
     46.07  7.616e+06
     50.07  6.426e+06
     54.08  5.497e+06
     58.08  4.755e+06
     62.09  4.172e+06
      66.1  3.699e+06
      70.1  3.301e+06
     74.11  2.962e+06
     78.11  2.672e+06
     82.12   2.42e+06
     86.12  2.213e+06
     90.13  2.019e+06
     94.14  1.852e+06
     98.14  1.709e+06
     102.1   1.58e+06
     106.2   1.47e+06
     110.2  1.368e+06
     114.2  1.275e+06
     118.2   1.19e+06
     122.2  1.115e+06
     126.2  1.047e+06
     130.2  9.854e+05
     134.2   9.29e+05
     138.2  8.761e+05
     142.2  8.281e+05
     146.2  7.841e+05
     150.2  7.428e+05
     154.2  7.049e+05
     158.2  6.701e+05
     162.2  6.371e+05
     166.2   6.07e+05
     170.2  5.797e+05
     174.3  5.542e+05
     178.3  5.305e+05
     182.3  5.085e+05
     186.3  4.878e+05
     190.3  4.674e+05
     194.3  4.481e+05
     198.3    4.3e+05
     202.3  4.131e+05
     206.3  3.971e+05
     210.3   3.82e+05
     214.3  3.677e+05
     218.3  3.542e+05
     222.3  3.414e+05
     226.3  3.294e+05
     230.3  3.179e+05
     234.3   3.07e+05
     238.3  2.967e+05
     242.4  2.869e+05
     246.4  2.776e+05
     250.4  2.687e+05
     254.4  2.602e+05
     258.4  2.522e+05
     262.4  2.445e+05
     266.4  2.371e+05
     270.4  2.301e+05
     274.4  2.234e+05
