     6.009  1.776e+08
     10.01  7.022e+07
     14.02  2.388e+07
     18.03  1.117e+07
     22.03  5.008e+06
     26.04  2.859e+06
     30.04  1.371e+06
     34.05  3.945e+05
     38.06  3.844e+05
     42.06  3.958e+05
     46.07  3.786e+05
     50.07   1.63e+05
     54.08  1.496e+05
     58.08  1.127e+05
     62.09  2.279e+05
      66.1  2.681e+05
      70.1  2.155e+05
     74.11  1.634e+05
     78.11  1.304e+05
     82.12  8.846e+04
     86.12  1.908e+05
     90.13  3.214e+04
     94.14   4.95e+04
     98.14  9.813e+04
     102.1  7.384e+04
     106.2   1.17e+05
     110.2  6.593e+04
     114.2   3.89e+04
     118.2  2.917e+04
     122.2  3.566e+04
     126.2  4.523e+04
     130.2  4.998e+04
     134.2  4.148e+04
     138.2  1.559e+04
     142.2  2.459e+04
     146.2  2.452e+04
     150.2       9392
     154.2  1.387e+04
     158.2  1.755e+04
     162.2          0
     166.2  1.378e+04
     170.2  2.642e+04
     174.3  2.412e+04
     178.3  2.811e+04
     182.3  2.917e+04
     186.3  2.706e+04
     190.3       4097
     194.3          0
     198.3          0
     202.3       3291
     206.3          0
     210.3          0
     214.3          0
     218.3          0
     222.3          0
     226.3          0
     230.3          0
     234.3          0
     238.3          0
     242.4          0
     246.4          0
     250.4          0
     254.4          0
     258.4          0
     262.4          0
     266.4          0
     270.4          0
     274.4          0
