    0.7788  1.776e+08
     1.001  7.022e+07
     1.147  2.388e+07
     1.256  1.117e+07
     1.343  5.008e+06
     1.416  2.859e+06
     1.478  1.371e+06
     1.532  3.945e+05
      1.58  3.844e+05
     1.624  3.958e+05
     1.663  3.786e+05
       1.7   1.63e+05
     1.733  1.496e+05
     1.764  1.127e+05
     1.793  2.279e+05
      1.82  2.681e+05
     1.846  2.155e+05
      1.87  1.634e+05
     1.893  1.304e+05
     1.914  8.846e+04
     1.935  1.908e+05
     1.955  3.214e+04
     1.974   4.95e+04
     1.992  9.813e+04
     2.009  7.384e+04
     2.026   1.17e+05
     2.042  6.593e+04
     2.058   3.89e+04
     2.073  2.917e+04
     2.087  3.566e+04
     2.101  4.523e+04
     2.115  4.998e+04
     2.128  4.148e+04
     2.141  1.559e+04
     2.153  2.459e+04
     2.165  2.452e+04
     2.177       9392
     2.188  1.387e+04
     2.199  1.755e+04
      2.21          0
     2.221  1.378e+04
     2.231  2.642e+04
     2.241  2.412e+04
     2.251  2.811e+04
     2.261  2.917e+04
      2.27  2.706e+04
     2.279       4097
     2.288          0
     2.297          0
     2.306       3291
     2.314          0
     2.323          0
     2.331          0
     2.339          0
     2.347          0
     2.355          0
     2.362          0
      2.37          0
     2.377          0
     2.384          0
     2.392          0
     2.399          0
     2.405          0
     2.412          0
     2.419          0
     2.426          0
     2.432          0
     2.438          0
