    0.7788   3.91e+08
     1.001  1.504e+08
     1.147  8.012e+07
     1.256  4.995e+07
     1.343  3.377e+07
     1.416  2.433e+07
     1.478  1.824e+07
     1.532  1.406e+07
      1.58  1.119e+07
     1.624  9.136e+06
     1.663  7.616e+06
       1.7  6.426e+06
     1.733  5.497e+06
     1.764  4.755e+06
     1.793  4.172e+06
      1.82  3.699e+06
     1.846  3.301e+06
      1.87  2.962e+06
     1.893  2.672e+06
     1.914   2.42e+06
     1.935  2.213e+06
     1.955  2.019e+06
     1.974  1.852e+06
     1.992  1.709e+06
     2.009   1.58e+06
     2.026   1.47e+06
     2.042  1.368e+06
     2.058  1.275e+06
     2.073   1.19e+06
     2.087  1.115e+06
     2.101  1.047e+06
     2.115  9.854e+05
     2.128   9.29e+05
     2.141  8.761e+05
     2.153  8.281e+05
     2.165  7.841e+05
     2.177  7.428e+05
     2.188  7.049e+05
     2.199  6.701e+05
      2.21  6.371e+05
     2.221   6.07e+05
     2.231  5.797e+05
     2.241  5.542e+05
     2.251  5.305e+05
     2.261  5.085e+05
      2.27  4.878e+05
     2.279  4.674e+05
     2.288  4.481e+05
     2.297    4.3e+05
     2.306  4.131e+05
     2.314  3.971e+05
     2.323   3.82e+05
     2.331  3.677e+05
     2.339  3.542e+05
     2.347  3.414e+05
     2.355  3.294e+05
     2.362  3.179e+05
      2.37   3.07e+05
     2.377  2.967e+05
     2.384  2.869e+05
     2.392  2.776e+05
     2.399  2.687e+05
     2.405  2.602e+05
     2.412  2.522e+05
     2.419  2.445e+05
     2.426  2.371e+05
     2.432  2.301e+05
     2.438  2.234e+05
