     2.003      19.03
     6.009      20.66
     10.01      22.11
     14.02      24.54
     18.03      26.15
     22.03      28.59
     26.04      29.17
     30.04      31.76
     34.05      32.18
     38.06      32.61
     42.06      32.84
     46.07      33.53
     50.07      34.11
     54.08      34.35
     58.08      33.96
     62.09      33.86
      66.1      34.58
      70.1      34.27
     74.11      34.22
     78.11      34.71
     82.12      34.45
     86.12      34.67
     90.13      35.09
     94.14      34.95
     98.14      35.01
     102.1       34.7
     106.2      34.79
     110.2      34.84
     114.2       35.1
     118.2      35.15
     122.2      35.11
     126.2      35.15
     130.2       35.1
     134.2      35.28
     138.2       35.3
     142.2      35.27
     146.2      35.31
     150.2      35.33
     154.2      35.36
     158.2      35.41
     162.2      35.39
     166.2      35.35
     170.2      35.25
     174.3      35.32
     178.3      35.31
     182.3      35.36
     186.3      35.41
     190.3      35.48
     194.3      35.52
     198.3      35.49
     202.3      35.52
     206.3      35.52
     210.3      35.52
     214.3      35.52
     218.3      35.52
     222.3      35.52
     226.3      35.52
     230.3      35.52
     234.3      35.52
     238.3      35.52
     242.4      35.52
     246.4      35.52
     250.4      35.52
     254.4      35.52
     258.4      35.52
     262.4      35.52
     266.4      35.52
     270.4      35.52
     274.4      35.52
