     6.083  2.762e+08
     10.14  1.944e+07
     14.19  6.845e+06
     18.25  2.429e+06
      22.3  2.135e+06
     26.36  9.732e+05
     30.41  1.279e+06
     34.47  8.863e+05
     38.52  2.299e+06
     42.58  9.554e+05
     46.63  7.082e+05
     50.69  4.203e+05
     54.74  1.128e+05
      58.8  7.534e+04
     62.85  1.378e+05
     66.91   7.74e+04
     70.97   3.26e+04
     75.02  2.043e+04
     79.08  8.853e+04
     83.13  4.318e+04
     87.19  1.123e+05
     91.24  7.045e+04
      95.3  3.711e+04
     99.35  4.308e+04
     103.4  1.174e+05
     107.5   2.59e+05
     111.5  2.497e+04
     115.6  1.282e+04
     119.6       5856
     123.7          0
     127.7  1.131e+04
     131.8       5640
     135.8          0
     139.9          0
       144          0
       148          0
     152.1          0
     156.1          0
     160.2          0
     164.2       4260
     168.3          0
     172.3          0
     176.4          0
     180.5          0
     184.5       3819
     188.6          0
     192.6          0
     196.7          0
     200.7          0
     204.8          0
     208.8          0
     212.9          0
       217          0
       221          0
     225.1          0
     229.1          0
