     6.083  8.077e+08
     10.14  2.165e+08
     14.19      1e+08
     18.25  5.733e+07
      22.3  3.746e+07
     26.36  2.631e+07
     30.41  1.967e+07
     34.47  1.527e+07
     38.52  1.255e+07
     42.58  1.034e+07
     46.63  8.671e+06
     50.69  7.353e+06
     54.74  6.282e+06
      58.8  5.427e+06
     62.85  4.745e+06
     66.91   4.18e+06
     70.97  3.706e+06
     75.02  3.308e+06
     79.08  2.978e+06
     83.13  2.692e+06
     87.19  2.452e+06
     91.24  2.241e+06
      95.3  2.053e+06
     99.35  1.889e+06
     103.4   1.75e+06
     107.5  1.638e+06
     111.5  1.521e+06
     115.6  1.415e+06
     119.6  1.319e+06
     123.7  1.233e+06
     127.7  1.155e+06
     131.8  1.085e+06
     135.8   1.02e+06
     139.9  9.607e+05
       144  9.066e+05
       148  8.569e+05
     152.1  8.112e+05
     156.1  7.691e+05
     160.2  7.301e+05
     164.2  6.943e+05
     168.3  6.608e+05
     172.3  6.297e+05
     176.4  6.008e+05
     180.5  5.738e+05
     184.5  5.487e+05
     188.6  5.251e+05
     192.6   5.03e+05
     196.7  4.823e+05
     200.7  4.628e+05
     204.8  4.445e+05
     208.8  4.272e+05
     212.9   4.11e+05
       217  3.956e+05
       221  3.811e+05
     225.1  3.673e+05
     229.1  3.543e+05
