    0.7841  2.762e+08
     1.006  1.944e+07
     1.152  6.845e+06
     1.261  2.429e+06
     1.348  2.135e+06
     1.421  9.732e+05
     1.483  1.279e+06
     1.537  8.863e+05
     1.586  2.299e+06
     1.629  9.554e+05
     1.669  7.082e+05
     1.705  4.203e+05
     1.738  1.128e+05
     1.769  7.534e+04
     1.798  1.378e+05
     1.825   7.74e+04
     1.851   3.26e+04
     1.875  2.043e+04
     1.898  8.853e+04
      1.92  4.318e+04
      1.94  1.123e+05
      1.96  7.045e+04
     1.979  3.711e+04
     1.997  4.308e+04
     2.015  1.174e+05
     2.031   2.59e+05
     2.047  2.497e+04
     2.063  1.282e+04
     2.078       5856
     2.092          0
     2.106  1.131e+04
      2.12       5640
     2.133          0
     2.146          0
     2.158          0
      2.17          0
     2.182          0
     2.193          0
     2.205          0
     2.215       4260
     2.226          0
     2.236          0
     2.246          0
     2.256          0
     2.266       3819
     2.275          0
     2.285          0
     2.294          0
     2.303          0
     2.311          0
      2.32          0
     2.328          0
     2.336          0
     2.344          0
     2.352          0
      2.36          0
