    0.7841  8.077e+08
     1.006  2.165e+08
     1.152      1e+08
     1.261  5.733e+07
     1.348  3.746e+07
     1.421  2.631e+07
     1.483  1.967e+07
     1.537  1.527e+07
     1.586  1.255e+07
     1.629  1.034e+07
     1.669  8.671e+06
     1.705  7.353e+06
     1.738  6.282e+06
     1.769  5.427e+06
     1.798  4.745e+06
     1.825   4.18e+06
     1.851  3.706e+06
     1.875  3.308e+06
     1.898  2.978e+06
      1.92  2.692e+06
      1.94  2.452e+06
      1.96  2.241e+06
     1.979  2.053e+06
     1.997  1.889e+06
     2.015   1.75e+06
     2.031  1.638e+06
     2.047  1.521e+06
     2.063  1.415e+06
     2.078  1.319e+06
     2.092  1.233e+06
     2.106  1.155e+06
      2.12  1.085e+06
     2.133   1.02e+06
     2.146  9.607e+05
     2.158  9.066e+05
      2.17  8.569e+05
     2.182  8.112e+05
     2.193  7.691e+05
     2.205  7.301e+05
     2.215  6.943e+05
     2.226  6.608e+05
     2.236  6.297e+05
     2.246  6.008e+05
     2.256  5.738e+05
     2.266  5.487e+05
     2.275  5.251e+05
     2.285   5.03e+05
     2.294  4.823e+05
     2.303  4.628e+05
     2.311  4.445e+05
      2.32  4.272e+05
     2.328   4.11e+05
     2.336  3.956e+05
     2.344  3.811e+05
     2.352  3.673e+05
      2.36  3.543e+05
