     2.028      19.25
     6.083      21.93
     10.14      23.56
     14.19      25.52
     18.25      27.36
      22.3      29.22
     26.36      29.81
     30.41      31.08
     34.47      31.69
     38.52      31.11
     42.58       31.6
     46.63      32.76
     50.69      34.44
     54.74      34.83
      58.8      34.49
     62.85      34.89
     66.91      35.05
     70.97      35.39
     75.02      35.18
     79.08      34.98
     83.13       34.9
     87.19      34.78
     91.24      35.01
      95.3      35.19
     99.35      35.16
     103.4      35.07
     107.5      35.18
     111.5      35.45
     115.6      35.43
     119.6       35.5
     123.7      35.51
     127.7      35.43
     131.8      35.46
     135.8      35.52
     139.9      35.52
       144      35.52
       148      35.52
     152.1      35.52
     156.1      35.52
     160.2      35.51
     164.2      35.49
     168.3      35.52
     172.3      35.52
     176.4      35.52
     180.5      35.48
     184.5      35.52
     188.6      35.52
     192.6      35.52
     196.7      35.52
     200.7      35.52
     204.8      35.52
     208.8      35.52
     212.9      35.52
       217      35.52
       221      35.52
     225.1      35.52
     229.1      35.52
