     6.065  9.699e+08
     10.11  3.289e+08
     14.15   1.72e+08
      18.2  1.073e+08
     22.24   7.21e+07
     26.28  5.186e+07
     30.33  3.885e+07
     34.37  3.017e+07
     38.41  2.404e+07
     42.46  1.961e+07
      46.5   1.63e+07
     50.55  1.378e+07
     54.59   1.18e+07
     58.63  1.022e+07
     62.68  8.945e+06
     66.72  7.914e+06
     70.76  7.073e+06
     74.81  6.337e+06
     78.85  5.715e+06
     82.89  5.181e+06
     86.94   4.73e+06
     90.98  4.335e+06
     95.03  3.994e+06
     99.07  3.683e+06
     103.1  3.403e+06
     107.2  3.151e+06
     111.2  2.924e+06
     115.2   2.72e+06
     119.3  2.538e+06
     123.3  2.373e+06
     127.4  2.225e+06
     131.4  2.091e+06
     135.5  1.969e+06
     139.5  1.857e+06
     143.5  1.755e+06
     147.6  1.661e+06
     151.6   1.58e+06
     155.7  1.502e+06
     159.7  1.428e+06
     163.8  1.359e+06
     167.8  1.294e+06
     171.9  1.234e+06
     175.9  1.178e+06
     179.9  1.125e+06
       184  1.076e+06
       188   1.03e+06
     192.1  9.877e+05
     196.1  9.476e+05
     200.2    9.1e+05
     204.2  8.746e+05
     208.2  8.412e+05
     212.3  8.097e+05
     216.3  7.801e+05
     220.4  7.516e+05
     224.4  7.247e+05
     228.5  6.991e+05
     232.5  6.748e+05
     236.6  6.519e+05
     240.6    6.3e+05
     244.6  6.092e+05
     248.7  5.894e+05
     252.7  5.705e+05
     256.8  5.526e+05
     260.8  5.354e+05
     264.9  5.191e+05
     268.9  5.035e+05
     272.9  4.886e+05
       277  4.743e+05
       281  4.607e+05
     285.1  4.476e+05
     289.1  4.351e+05
     293.2  4.231e+05
     297.2  4.116e+05
     301.3  4.005e+05
     305.3  3.899e+05
     309.3  3.797e+05
     313.4  3.699e+05
     317.4  3.605e+05
