     6.065  4.351e+08
     10.11  1.152e+08
     14.15  4.647e+07
      18.2  2.416e+07
     22.24  9.521e+06
     26.28  5.866e+06
     30.33   2.81e+06
     34.37  1.815e+06
     38.41  9.611e+05
     42.46  7.056e+05
      46.5  5.697e+05
     50.55  4.799e+05
     54.59  3.948e+05
     58.63  3.367e+05
     62.68  3.497e+05
     66.72  4.281e+05
     70.76  5.493e+05
     74.81  2.635e+05
     78.85  2.595e+05
     82.89  2.447e+05
     86.94  3.314e+05
     90.98  2.864e+05
     95.03  3.222e+05
     99.07  1.756e+05
     103.1  1.152e+05
     107.2  5.975e+04
     111.2  3.183e+04
     115.2   1.98e+04
     119.3  2.956e+04
     123.3  2.844e+04
     127.4   3.31e+04
     131.4  5.387e+04
     135.5  4.417e+04
     139.5   4.43e+04
     143.5  3.335e+04
     147.6  3.761e+04
     151.6  1.435e+05
     155.7  8.125e+04
     159.7  4.465e+04
     163.8  2.105e+04
     167.8  2.115e+04
     171.9    1.2e+04
     175.9       7970
     179.9       7789
       184       3734
       188  1.835e+04
     192.1  2.143e+04
     196.1  1.403e+04
     200.2  1.731e+04
     204.2  1.667e+04
     208.2    1.3e+04
     212.3  1.613e+04
     216.3  1.558e+04
     220.4       3100
     224.4       6104
     228.5       2927
     232.5          0
     236.6       2868
     240.6       2787
     244.6          0
     248.7          0
     252.7          0
     256.8          0
     260.8          0
     264.9          0
     268.9          0
     272.9          0
       277          0
       281          0
     285.1          0
     289.1          0
     293.2          0
     297.2          0
     301.3          0
     305.3          0
     309.3          0
     313.4          0
     317.4          0
