    0.7829  4.351e+08
     1.005  1.152e+08
     1.151  4.647e+07
      1.26  2.416e+07
     1.347  9.521e+06
      1.42  5.866e+06
     1.482   2.81e+06
     1.536  1.815e+06
     1.584  9.611e+05
     1.628  7.056e+05
     1.667  5.697e+05
     1.704  4.799e+05
     1.737  3.948e+05
     1.768  3.367e+05
     1.797  3.497e+05
     1.824  4.281e+05
      1.85  5.493e+05
     1.874  2.635e+05
     1.897  2.595e+05
     1.919  2.447e+05
     1.939  3.314e+05
     1.959  2.864e+05
     1.978  3.222e+05
     1.996  1.756e+05
     2.013  1.152e+05
      2.03  5.975e+04
     2.046  3.183e+04
     2.062   1.98e+04
     2.077  2.956e+04
     2.091  2.844e+04
     2.105   3.31e+04
     2.119  5.387e+04
     2.132  4.417e+04
     2.145   4.43e+04
     2.157  3.335e+04
     2.169  3.761e+04
     2.181  1.435e+05
     2.192  8.125e+04
     2.203  4.465e+04
     2.214  2.105e+04
     2.225  2.115e+04
     2.235    1.2e+04
     2.245       7970
     2.255       7789
     2.265       3734
     2.274  1.835e+04
     2.283  2.143e+04
     2.293  1.403e+04
     2.301  1.731e+04
      2.31  1.667e+04
     2.319    1.3e+04
     2.327  1.613e+04
     2.335  1.558e+04
     2.343       3100
     2.351       6104
     2.359       2927
     2.366          0
     2.374       2868
     2.381       2787
     2.389          0
     2.396          0
     2.403          0
      2.41          0
     2.416          0
     2.423          0
      2.43          0
     2.436          0
     2.442          0
     2.449          0
     2.455          0
     2.461          0
     2.467          0
     2.473          0
     2.479          0
     2.485          0
      2.49          0
     2.496          0
     2.502          0
