    0.7829  9.699e+08
     1.005  3.289e+08
     1.151   1.72e+08
      1.26  1.073e+08
     1.347   7.21e+07
      1.42  5.186e+07
     1.482  3.885e+07
     1.536  3.017e+07
     1.584  2.404e+07
     1.628  1.961e+07
     1.667   1.63e+07
     1.704  1.378e+07
     1.737   1.18e+07
     1.768  1.022e+07
     1.797  8.945e+06
     1.824  7.914e+06
      1.85  7.073e+06
     1.874  6.337e+06
     1.897  5.715e+06
     1.919  5.181e+06
     1.939   4.73e+06
     1.959  4.335e+06
     1.978  3.994e+06
     1.996  3.683e+06
     2.013  3.403e+06
      2.03  3.151e+06
     2.046  2.924e+06
     2.062   2.72e+06
     2.077  2.538e+06
     2.091  2.373e+06
     2.105  2.225e+06
     2.119  2.091e+06
     2.132  1.969e+06
     2.145  1.857e+06
     2.157  1.755e+06
     2.169  1.661e+06
     2.181   1.58e+06
     2.192  1.502e+06
     2.203  1.428e+06
     2.214  1.359e+06
     2.225  1.294e+06
     2.235  1.234e+06
     2.245  1.178e+06
     2.255  1.125e+06
     2.265  1.076e+06
     2.274   1.03e+06
     2.283  9.877e+05
     2.293  9.476e+05
     2.301    9.1e+05
      2.31  8.746e+05
     2.319  8.412e+05
     2.327  8.097e+05
     2.335  7.801e+05
     2.343  7.516e+05
     2.351  7.247e+05
     2.359  6.991e+05
     2.366  6.748e+05
     2.374  6.519e+05
     2.381    6.3e+05
     2.389  6.092e+05
     2.396  5.894e+05
     2.403  5.705e+05
      2.41  5.526e+05
     2.416  5.354e+05
     2.423  5.191e+05
      2.43  5.035e+05
     2.436  4.886e+05
     2.442  4.743e+05
     2.449  4.607e+05
     2.455  4.476e+05
     2.461  4.351e+05
     2.467  4.231e+05
     2.473  4.116e+05
     2.479  4.005e+05
     2.485  3.899e+05
      2.49  3.797e+05
     2.496  3.699e+05
     2.502  3.605e+05
