     2.022      17.54
     6.065      19.28
     10.11      20.31
     14.15      21.21
      18.2      22.23
     22.24      23.39
     26.28      25.13
     30.33      27.43
     34.37      28.34
     38.41      29.32
     42.46       30.5
      46.5      30.89
     50.55       31.7
     54.59      31.89
     58.63      32.91
     62.68      33.26
     66.72      33.34
     70.76       33.5
     74.81      33.35
     78.85      33.51
     82.89      33.25
     86.94      33.22
     90.98      33.64
     95.03      34.28
     99.07       34.2
     103.1      34.37
     107.2      34.88
     111.2      35.16
     115.2      35.09
     119.3      35.14
     123.3      35.08
     127.4      34.94
     131.4      35.07
     135.5      35.02
     139.5      35.17
     143.5      35.27
     147.6      35.09
     151.6      35.16
     155.7      35.21
     159.7      35.25
     163.8      35.38
     167.8      35.41
     171.9      35.26
     175.9      35.35
     179.9      35.42
       184      35.37
       188      35.32
     192.1      35.38
     196.1      35.31
     200.2      35.35
     204.2      35.34
     208.2      35.32
     212.3      35.29
     216.3      35.33
     220.4      35.46
     224.4      35.43
     228.5       35.5
     232.5      35.51
     236.6      35.43
     240.6      35.49
     244.6      35.52
     248.7      35.52
     252.7      35.52
     256.8      35.52
     260.8      35.52
     264.9      35.52
     268.9      35.52
     272.9      35.52
       277      35.52
       281      35.52
     285.1      35.52
     289.1      35.52
     293.2      35.52
     297.2      35.52
     301.3      35.52
     305.3      35.52
     309.3      35.52
     313.4      35.52
     317.4      35.52
