     6.051  5.839e+08
     10.08  1.746e+08
     14.12   8.52e+07
     18.15  5.067e+07
     22.19  3.322e+07
     26.22  2.373e+07
     30.25  1.788e+07
     34.29  1.411e+07
     38.32  1.142e+07
     42.36  9.442e+06
     46.39   7.94e+06
     50.42  6.722e+06
     54.46  5.757e+06
     58.49  4.987e+06
     62.52  4.366e+06
     66.56  3.878e+06
     70.59  3.459e+06
     74.63  3.096e+06
     78.66  2.784e+06
     82.69  2.522e+06
     86.73  2.292e+06
     90.76  2.091e+06
      94.8  1.914e+06
     98.83  1.764e+06
     102.9  1.628e+06
     106.9  1.508e+06
     110.9  1.402e+06
       115  1.308e+06
       119  1.223e+06
       123  1.148e+06
     127.1  1.078e+06
     131.1  1.012e+06
     135.1   9.53e+05
     139.2  8.989e+05
     143.2  8.494e+05
     147.2  8.036e+05
     151.3  7.619e+05
     155.3  7.235e+05
     159.3  6.873e+05
     163.4   6.54e+05
     167.4  6.231e+05
     171.4  5.945e+05
     175.5  5.682e+05
     179.5  5.446e+05
     183.5  5.227e+05
     187.6  5.006e+05
     191.6  4.802e+05
     195.6  4.611e+05
     199.7  4.429e+05
     203.7  4.255e+05
     207.7  4.094e+05
     211.8  3.939e+05
     215.8  3.792e+05
     219.8  3.653e+05
     223.9  3.521e+05
     227.9  3.396e+05
     231.9  3.278e+05
       236  3.166e+05
       240   3.06e+05
       244  2.959e+05
     248.1  2.862e+05
     252.1  2.771e+05
     256.1  2.684e+05
     260.2    2.6e+05
     264.2  2.521e+05
     268.3  2.445e+05
     272.3  2.373e+05
