     6.051  2.238e+08
     10.08  3.819e+07
     14.12  1.366e+07
     18.15  6.266e+06
     22.19  2.212e+06
     26.22  2.147e+06
     30.25  1.681e+06
     34.29  1.791e+06
     38.32  1.314e+06
     42.36  9.965e+05
     46.39  7.896e+05
     50.42   3.14e+05
     54.46  1.957e+05
     58.49  1.722e+05
     62.52  1.641e+05
     66.56  3.404e+05
     70.59  2.102e+05
     74.63  9.075e+04
     78.66  5.752e+04
     82.69  9.421e+04
     86.73  4.928e+04
     90.76  3.033e+04
      94.8       7727
     98.83  8.198e+04
     102.9  2.068e+04
     106.9  3.891e+04
     110.9  5.583e+04
       115  5.377e+04
       119  5.197e+04
       123  7.825e+04
     127.1   4.55e+04
     131.1  1.568e+04
     135.1  2.023e+04
     139.2  1.942e+04
     143.2  1.899e+04
     147.2  1.391e+04
     151.3  2.217e+04
     155.3  2.162e+04
     159.3       8601
     163.4  1.242e+04
     167.4  1.257e+04
     171.4  1.571e+04
     175.5  2.303e+04
     179.5  4.184e+04
     183.5   4.79e+04
     187.6       7438
     191.6  1.769e+04
     195.6  1.694e+04
     199.7  1.082e+04
     203.7       3269
     207.7       9693
     211.8       3167
     215.8          0
     219.8          0
     223.9          0
     227.9          0
     231.9          0
       236          0
       240          0
       244          0
     248.1          0
     252.1          0
     256.1          0
     260.2          0
     264.2          0
     268.3          0
     272.3          0
