    0.7818  2.238e+08
     1.004  3.819e+07
      1.15  1.366e+07
     1.259  6.266e+06
     1.346  2.212e+06
     1.419  2.147e+06
     1.481  1.681e+06
     1.535  1.791e+06
     1.583  1.314e+06
     1.627  9.965e+05
     1.666  7.896e+05
     1.703   3.14e+05
     1.736  1.957e+05
     1.767  1.722e+05
     1.796  1.641e+05
     1.823  3.404e+05
     1.849  2.102e+05
     1.873  9.075e+04
     1.896  5.752e+04
     1.917  9.421e+04
     1.938  4.928e+04
     1.958  3.033e+04
     1.977       7727
     1.995  8.198e+04
     2.012  2.068e+04
     2.029  3.891e+04
     2.045  5.583e+04
     2.061  5.377e+04
     2.076  5.197e+04
      2.09  7.825e+04
     2.104   4.55e+04
     2.118  1.568e+04
     2.131  2.023e+04
     2.144  1.942e+04
     2.156  1.899e+04
     2.168  1.391e+04
      2.18  2.217e+04
     2.191  2.162e+04
     2.202       8601
     2.213  1.242e+04
     2.224  1.257e+04
     2.234  1.571e+04
     2.244  2.303e+04
     2.254  4.184e+04
     2.264   4.79e+04
     2.273       7438
     2.282  1.769e+04
     2.291  1.694e+04
       2.3  1.082e+04
     2.309       3269
     2.318       9693
     2.326       3167
     2.334          0
     2.342          0
      2.35          0
     2.358          0
     2.365          0
     2.373          0
      2.38          0
     2.387          0
     2.395          0
     2.402          0
     2.408          0
     2.415          0
     2.422          0
     2.429          0
     2.435          0
