    0.7818  5.839e+08
     1.004  1.746e+08
      1.15   8.52e+07
     1.259  5.067e+07
     1.346  3.322e+07
     1.419  2.373e+07
     1.481  1.788e+07
     1.535  1.411e+07
     1.583  1.142e+07
     1.627  9.442e+06
     1.666   7.94e+06
     1.703  6.722e+06
     1.736  5.757e+06
     1.767  4.987e+06
     1.796  4.366e+06
     1.823  3.878e+06
     1.849  3.459e+06
     1.873  3.096e+06
     1.896  2.784e+06
     1.917  2.522e+06
     1.938  2.292e+06
     1.958  2.091e+06
     1.977  1.914e+06
     1.995  1.764e+06
     2.012  1.628e+06
     2.029  1.508e+06
     2.045  1.402e+06
     2.061  1.308e+06
     2.076  1.223e+06
      2.09  1.148e+06
     2.104  1.078e+06
     2.118  1.012e+06
     2.131   9.53e+05
     2.144  8.989e+05
     2.156  8.494e+05
     2.168  8.036e+05
      2.18  7.619e+05
     2.191  7.235e+05
     2.202  6.873e+05
     2.213   6.54e+05
     2.224  6.231e+05
     2.234  5.945e+05
     2.244  5.682e+05
     2.254  5.446e+05
     2.264  5.227e+05
     2.273  5.006e+05
     2.282  4.802e+05
     2.291  4.611e+05
       2.3  4.429e+05
     2.309  4.255e+05
     2.318  4.094e+05
     2.326  3.939e+05
     2.334  3.792e+05
     2.342  3.653e+05
      2.35  3.521e+05
     2.358  3.396e+05
     2.365  3.278e+05
     2.373  3.166e+05
      2.38   3.06e+05
     2.387  2.959e+05
     2.395  2.862e+05
     2.402  2.771e+05
     2.408  2.684e+05
     2.415    2.6e+05
     2.422  2.521e+05
     2.429  2.445e+05
     2.435  2.373e+05
