     2.017      19.13
     6.051      21.04
     10.08      21.91
     14.12      23.24
     18.15      25.98
     22.19      29.63
     26.22      29.61
     30.25      30.15
     34.29      31.66
     38.32      32.07
     42.36      32.72
     46.39      33.01
     50.42      33.93
     54.46      33.64
     58.49      33.87
     62.52      34.13
     66.56      34.22
     70.59      34.56
     74.63      34.69
     78.66       34.7
     82.69       34.9
     86.73      35.19
     90.76      35.23
      94.8      35.02
     98.83      34.96
     102.9      35.24
     106.9       34.9
     110.9       35.1
       115      35.11
       119      35.07
       123      35.14
     127.1      35.18
     131.1      35.31
     135.1      35.23
     139.2      35.29
     143.2      35.28
     147.2      35.38
     151.3      35.38
     155.3      35.31
     159.3      35.38
     163.4      35.41
     167.4       35.4
     171.4      35.29
     175.5      35.22
     179.5      35.21
     183.5      35.27
     187.6      35.42
     191.6      35.33
     195.6      35.38
     199.7      35.41
     203.7       35.4
     207.7      35.41
     211.8       35.5
     215.8      35.52
     219.8      35.52
     223.9      35.52
     227.9      35.52
     231.9      35.52
       236      35.52
       240      35.52
       244      35.52
     248.1      35.52
     252.1      35.52
     256.1      35.52
     260.2      35.52
     264.2      35.52
     268.3      35.52
     272.3      35.52
