     6.002   8.25e+08
        10  4.396e+08
     14.01  3.176e+08
     18.01  2.562e+08
     22.01  1.992e+08
     26.01  1.582e+08
     30.01   1.29e+08
     34.01  1.072e+08
     38.02   9.11e+07
     42.02  7.855e+07
     46.02  6.855e+07
     50.02  6.048e+07
     54.02  5.384e+07
     58.02  4.834e+07
     62.02   4.37e+07
     66.03  3.984e+07
     70.03  3.647e+07
     74.03  3.359e+07
     78.03  3.103e+07
     82.03  2.881e+07
     86.03  2.688e+07
     90.04  2.517e+07
     94.04   2.36e+07
     98.04  2.222e+07
       102  2.102e+07
       106  1.997e+07
       110  1.893e+07
       114  1.795e+07
       118    1.7e+07
       122  1.613e+07
       126  1.533e+07
     130.1  1.457e+07
     134.1  1.389e+07
     138.1  1.327e+07
     142.1  1.267e+07
     146.1  1.211e+07
     150.1  1.161e+07
     154.1  1.116e+07
     158.1  1.072e+07
     162.1  1.031e+07
     166.1  9.923e+06
     170.1   9.55e+06
     174.1  9.204e+06
     178.1  8.892e+06
     182.1  8.606e+06
     186.1  8.321e+06
     190.1  8.051e+06
     194.1  7.802e+06
     198.1  7.551e+06
     202.1  7.309e+06
     206.1  7.074e+06
     210.1  6.847e+06
     214.1  6.633e+06
     218.1   6.43e+06
     222.1  6.237e+06
     226.1  6.054e+06
     230.1   5.88e+06
     234.1  5.722e+06
     238.1  5.562e+06
     242.1  5.413e+06
     246.1  5.262e+06
     250.1  5.113e+06
     254.1  4.967e+06
     258.1  4.824e+06
     262.1  4.685e+06
     266.1  4.552e+06
     270.1  4.423e+06
     274.1  4.298e+06
     278.1   4.18e+06
     282.1  4.066e+06
     286.1  3.956e+06
     290.1   3.85e+06
     294.1  3.748e+06
     298.1  3.649e+06
     302.1  3.553e+06
     306.1  3.463e+06
     310.1  3.377e+06
     314.1  3.294e+06
     318.1  3.213e+06
     322.1  3.134e+06
     326.1  3.058e+06
     330.1  2.984e+06
     334.1  2.913e+06
     338.1  2.844e+06
     342.1  2.778e+06
     346.1  2.714e+06
     350.1  2.652e+06
