     6.002  7.285e+08
        10  3.112e+08
     14.01  2.199e+08
     18.01  1.773e+08
     22.01   9.78e+07
     26.01  6.519e+07
     30.01  4.802e+07
     34.01  3.581e+07
     38.02  3.066e+07
     42.02  2.502e+07
     46.02  2.093e+07
     50.02  1.803e+07
     54.02  1.561e+07
     58.02  1.389e+07
     62.02  1.238e+07
     66.03  1.177e+07
     70.03  1.037e+07
     74.03  9.764e+06
     78.03  8.676e+06
     82.03   8.26e+06
     86.03   8.01e+06
     90.04  7.673e+06
     94.04  6.746e+06
     98.04  6.593e+06
       102  6.918e+06
       106  7.135e+06
       110  5.692e+06
       114  4.887e+06
       118  3.965e+06
       122  3.803e+06
       126  3.408e+06
     130.1  3.101e+06
     134.1  3.083e+06
     138.1  3.233e+06
     142.1  2.644e+06
     146.1  2.332e+06
     150.1   2.83e+06
     154.1   2.87e+06
     158.1  2.589e+06
     162.1  2.266e+06
     166.1   2.37e+06
     170.1  1.985e+06
     174.1  2.039e+06
     178.1  2.256e+06
     182.1  2.378e+06
     186.1  1.991e+06
     190.1  1.893e+06
     194.1  2.012e+06
     198.1  1.582e+06
     202.1  1.443e+06
     206.1  1.265e+06
     210.1   1.11e+06
     214.1  1.132e+06
     218.1  1.108e+06
     222.1  1.062e+06
     226.1  1.076e+06
     230.1  1.039e+06
     234.1  1.259e+06
     238.1  9.775e+05
     242.1  1.033e+06
     246.1  7.698e+05
     250.1  6.193e+05
     254.1  4.708e+05
     258.1  3.608e+05
     262.1  2.609e+05
     266.1  2.552e+05
     270.1  2.081e+05
     274.1  1.476e+05
     278.1   2.05e+05
     282.1  1.498e+05
     286.1  1.334e+05
     290.1  1.011e+05
     294.1  1.094e+05
     298.1  5.053e+04
     302.1  5.583e+04
     306.1  1.094e+05
     310.1  1.186e+05
     314.1  1.232e+05
     318.1   5.31e+04
     322.1   3.87e+04
     326.1  2.777e+04
     330.1  1.175e+04
     334.1  2.266e+04
     338.1       4400
     342.1       6150
     346.1       5868
     350.1       1760
