    0.7783   8.25e+08
         1  4.396e+08
     1.146  3.176e+08
     1.255  2.562e+08
     1.343  1.992e+08
     1.415  1.582e+08
     1.477   1.29e+08
     1.532  1.072e+08
      1.58   9.11e+07
     1.623  7.855e+07
     1.663  6.855e+07
     1.699  6.048e+07
     1.733  5.384e+07
     1.764  4.834e+07
     1.793   4.37e+07
      1.82  3.984e+07
     1.845  3.647e+07
     1.869  3.359e+07
     1.892  3.103e+07
     1.914  2.881e+07
     1.935  2.688e+07
     1.954  2.517e+07
     1.973   2.36e+07
     1.991  2.222e+07
     2.009  2.102e+07
     2.025  1.997e+07
     2.042  1.893e+07
     2.057  1.795e+07
     2.072    1.7e+07
     2.087  1.613e+07
     2.101  1.533e+07
     2.114  1.457e+07
     2.127  1.389e+07
      2.14  1.327e+07
     2.152  1.267e+07
     2.165  1.211e+07
     2.176  1.161e+07
     2.188  1.116e+07
     2.199  1.072e+07
      2.21  1.031e+07
      2.22  9.923e+06
     2.231   9.55e+06
     2.241  9.204e+06
     2.251  8.892e+06
      2.26  8.606e+06
      2.27  8.321e+06
     2.279  8.051e+06
     2.288  7.802e+06
     2.297  7.551e+06
     2.306  7.309e+06
     2.314  7.074e+06
     2.322  6.847e+06
     2.331  6.633e+06
     2.339   6.43e+06
     2.347  6.237e+06
     2.354  6.054e+06
     2.362   5.88e+06
     2.369  5.722e+06
     2.377  5.562e+06
     2.384  5.413e+06
     2.391  5.262e+06
     2.398  5.113e+06
     2.405  4.967e+06
     2.412  4.824e+06
     2.418  4.685e+06
     2.425  4.552e+06
     2.432  4.423e+06
     2.438  4.298e+06
     2.444   4.18e+06
      2.45  4.066e+06
     2.457  3.956e+06
     2.463   3.85e+06
     2.469  3.748e+06
     2.474  3.649e+06
      2.48  3.553e+06
     2.486  3.463e+06
     2.492  3.377e+06
     2.497  3.294e+06
     2.503  3.213e+06
     2.508  3.134e+06
     2.513  3.058e+06
     2.519  2.984e+06
     2.524  2.913e+06
     2.529  2.844e+06
     2.534  2.778e+06
     2.539  2.714e+06
     2.544  2.652e+06
