    0.7783  7.285e+08
         1  3.112e+08
     1.146  2.199e+08
     1.255  1.773e+08
     1.343   9.78e+07
     1.415  6.519e+07
     1.477  4.802e+07
     1.532  3.581e+07
      1.58  3.066e+07
     1.623  2.502e+07
     1.663  2.093e+07
     1.699  1.803e+07
     1.733  1.561e+07
     1.764  1.389e+07
     1.793  1.238e+07
      1.82  1.177e+07
     1.845  1.037e+07
     1.869  9.764e+06
     1.892  8.676e+06
     1.914   8.26e+06
     1.935   8.01e+06
     1.954  7.673e+06
     1.973  6.746e+06
     1.991  6.593e+06
     2.009  6.918e+06
     2.025  7.135e+06
     2.042  5.692e+06
     2.057  4.887e+06
     2.072  3.965e+06
     2.087  3.803e+06
     2.101  3.408e+06
     2.114  3.101e+06
     2.127  3.083e+06
      2.14  3.233e+06
     2.152  2.644e+06
     2.165  2.332e+06
     2.176   2.83e+06
     2.188   2.87e+06
     2.199  2.589e+06
      2.21  2.266e+06
      2.22   2.37e+06
     2.231  1.985e+06
     2.241  2.039e+06
     2.251  2.256e+06
      2.26  2.378e+06
      2.27  1.991e+06
     2.279  1.893e+06
     2.288  2.012e+06
     2.297  1.582e+06
     2.306  1.443e+06
     2.314  1.265e+06
     2.322   1.11e+06
     2.331  1.132e+06
     2.339  1.108e+06
     2.347  1.062e+06
     2.354  1.076e+06
     2.362  1.039e+06
     2.369  1.259e+06
     2.377  9.775e+05
     2.384  1.033e+06
     2.391  7.698e+05
     2.398  6.193e+05
     2.405  4.708e+05
     2.412  3.608e+05
     2.418  2.609e+05
     2.425  2.552e+05
     2.432  2.081e+05
     2.438  1.476e+05
     2.444   2.05e+05
      2.45  1.498e+05
     2.457  1.334e+05
     2.463  1.011e+05
     2.469  1.094e+05
     2.474  5.053e+04
      2.48  5.583e+04
     2.486  1.094e+05
     2.492  1.186e+05
     2.497  1.232e+05
     2.503   5.31e+04
     2.508   3.87e+04
     2.513  2.777e+04
     2.519  1.175e+04
     2.524  2.266e+04
     2.529       4400
     2.534       6150
     2.539       5868
     2.544       1760
