     2.001      19.69
     6.002      20.01
        10      20.35
     14.01      20.55
     18.01       21.1
     22.01      21.35
     26.01      21.66
     30.01      22.03
     34.01      22.08
     38.02      22.32
     42.02      22.49
     46.02      22.64
     50.02      22.81
     54.02      22.95
     58.02      23.08
     62.02       23.2
     66.03      23.36
     70.03      23.43
     74.03      23.81
     78.03      23.88
     82.03      23.85
     86.03      23.82
     90.04      23.97
     94.04      24.05
     98.04       24.3
       102      24.17
       106      24.43
       110      24.69
       114      24.79
       118      24.96
       122      24.99
       126      25.22
     130.1      25.27
     134.1      25.59
     138.1      25.61
     142.1      25.92
     146.1      26.04
     150.1      25.81
     154.1      26.01
     158.1      26.14
     162.1      26.24
     166.1      26.19
     170.1      26.48
     174.1      26.37
     178.1      26.86
     182.1      26.79
     186.1      27.03
     190.1      26.95
     194.1      27.33
     198.1      27.36
     202.1      27.47
     206.1      28.08
     210.1      28.23
     214.1      28.25
     218.1      28.19
     222.1      28.51
     226.1      28.82
     230.1      28.79
     234.1      29.24
     238.1      28.93
     242.1      28.98
     246.1      29.48
     250.1      30.35
     254.1      30.73
     258.1      31.19
     262.1      31.32
     266.1      30.99
     270.1      31.17
     274.1      31.16
     278.1      30.54
     282.1      30.79
     286.1      31.35
     290.1      31.09
     294.1      31.86
     298.1      32.16
     302.1       31.4
     306.1      30.01
     310.1      30.64
     314.1      31.44
     318.1      32.02
     322.1      32.14
     326.1      33.06
     330.1      33.08
     334.1      33.34
     338.1      33.72
     342.1      33.42
     346.1      34.11
     350.1      34.17
