     6.052  1.367e+08
     10.09  2.597e+07
     14.12  1.825e+07
     18.16  1.245e+07
     22.19  9.455e+06
     26.23  7.996e+06
     30.26  6.972e+06
     34.29  6.138e+06
     38.33  4.621e+06
     42.36  4.337e+06
      46.4  4.168e+06
     50.43  2.803e+06
     54.47   2.02e+06
      58.5  1.319e+06
     62.54  1.083e+06
     66.57  6.444e+05
     70.61  4.241e+05
     74.64  3.652e+05
     78.68  3.456e+05
     82.71  2.711e+05
     86.75  2.654e+05
     90.78  2.285e+05
     94.81  1.405e+05
     98.85  1.125e+05
     102.9  9.727e+04
     106.9  1.227e+05
       111  1.131e+05
       115  1.135e+05
       119  3.467e+04
     123.1  4.394e+04
     127.1  3.291e+04
     131.1  6.574e+04
     135.2  8.545e+04
     139.2  7.078e+04
     143.2  1.133e+05
     147.3  2.076e+05
     151.3  2.267e+05
     155.3  6.289e+04
     159.4  4.674e+04
     163.4  4.281e+04
     167.4  1.667e+04
     171.5  1.601e+04
     175.5  1.956e+04
     179.5  1.179e+04
     183.6  2.267e+04
     187.6       3780
     191.6       3722
     195.7       7509
     199.7          0
     203.8       3372
     207.8          0
     211.8          0
     215.9          0
     219.9          0
     223.9          0
       228          0
       232          0
       236          0
     240.1          0
     244.1          0
     248.1          0
     252.2          0
     256.2          0
     260.2          0
     264.3          0
     268.3          0
     272.3          0
     276.4          0
     280.4          0
     284.4          0
     288.5          0
     292.5          0
     296.5          0
     300.6          0
     304.6          0
     308.7          0
     312.7          0
     316.7          0
     320.8          0
     324.8          0
     328.8          0
