     6.052  2.903e+08
     10.09  9.207e+07
     14.12  5.106e+07
     18.16  3.417e+07
     22.19  2.527e+07
     26.23  1.999e+07
     30.26  1.654e+07
     34.29   1.41e+07
     38.33  1.211e+07
     42.36  1.063e+07
      46.4  9.512e+06
     50.43   8.44e+06
     54.47   7.49e+06
      58.5   6.64e+06
     62.54  5.924e+06
     66.57  5.285e+06
     70.61   4.73e+06
     74.64  4.258e+06
     78.68  3.857e+06
     82.71  3.508e+06
     86.75  3.206e+06
     90.78  2.942e+06
     94.81  2.703e+06
     98.85  2.492e+06
     102.9  2.304e+06
     106.9   2.14e+06
       111  1.992e+06
       115   1.86e+06
       119  1.737e+06
     123.1  1.626e+06
     127.1  1.525e+06
     131.1  1.435e+06
     135.2  1.354e+06
     139.2   1.28e+06
     143.2  1.214e+06
     147.3  1.159e+06
     151.3  1.109e+06
     155.3  1.055e+06
     159.4  1.004e+06
     163.4  9.565e+05
     167.4  9.112e+05
     171.5  8.691e+05
     175.5    8.3e+05
     179.5  7.933e+05
     183.6  7.594e+05
     187.6  7.269e+05
     191.6  6.965e+05
     195.7   6.68e+05
     199.7  6.411e+05
     203.8  6.158e+05
     207.8  5.919e+05
     211.8  5.693e+05
     215.9  5.481e+05
     219.9   5.28e+05
     223.9  5.089e+05
       228  4.909e+05
       232  4.738e+05
       236  4.576e+05
     240.1  4.423e+05
     244.1  4.276e+05
     248.1  4.137e+05
     252.2  4.005e+05
     256.2  3.879e+05
     260.2  3.759e+05
     264.3  3.644e+05
     268.3  3.534e+05
     272.3   3.43e+05
     276.4  3.329e+05
     280.4  3.234e+05
     284.4  3.142e+05
     288.5  3.054e+05
     292.5   2.97e+05
     296.5  2.889e+05
     300.6  2.811e+05
     304.6  2.737e+05
     308.7  2.665e+05
     312.7  2.597e+05
     316.7   2.53e+05
     320.8  2.467e+05
     324.8  2.405e+05
     328.8  2.346e+05
