    0.7819  1.367e+08
     1.004  2.597e+07
      1.15  1.825e+07
     1.259  1.245e+07
     1.346  9.455e+06
     1.419  7.996e+06
     1.481  6.972e+06
     1.535  6.138e+06
     1.584  4.621e+06
     1.627  4.337e+06
     1.667  4.168e+06
     1.703  2.803e+06
     1.736   2.02e+06
     1.767  1.319e+06
     1.796  1.083e+06
     1.823  6.444e+05
     1.849  4.241e+05
     1.873  3.652e+05
     1.896  3.456e+05
     1.918  2.711e+05
     1.938  2.654e+05
     1.958  2.285e+05
     1.977  1.405e+05
     1.995  1.125e+05
     2.012  9.727e+04
     2.029  1.227e+05
     2.045  1.131e+05
     2.061  1.135e+05
     2.076  3.467e+04
      2.09  4.394e+04
     2.104  3.291e+04
     2.118  6.574e+04
     2.131  8.545e+04
     2.144  7.078e+04
     2.156  1.133e+05
     2.168  2.076e+05
      2.18  2.267e+05
     2.191  6.289e+04
     2.202  4.674e+04
     2.213  4.281e+04
     2.224  1.667e+04
     2.234  1.601e+04
     2.244  1.956e+04
     2.254  1.179e+04
     2.264  2.267e+04
     2.273       3780
     2.283       3722
     2.292       7509
       2.3          0
     2.309       3372
     2.318          0
     2.326          0
     2.334          0
     2.342          0
      2.35          0
     2.358          0
     2.365          0
     2.373          0
      2.38          0
     2.388          0
     2.395          0
     2.402          0
     2.409          0
     2.415          0
     2.422          0
     2.429          0
     2.435          0
     2.441          0
     2.448          0
     2.454          0
      2.46          0
     2.466          0
     2.472          0
     2.478          0
     2.484          0
     2.489          0
     2.495          0
     2.501          0
     2.506          0
     2.512          0
     2.517          0
