    0.7819  2.903e+08
     1.004  9.207e+07
      1.15  5.106e+07
     1.259  3.417e+07
     1.346  2.527e+07
     1.419  1.999e+07
     1.481  1.654e+07
     1.535   1.41e+07
     1.584  1.211e+07
     1.627  1.063e+07
     1.667  9.512e+06
     1.703   8.44e+06
     1.736   7.49e+06
     1.767   6.64e+06
     1.796  5.924e+06
     1.823  5.285e+06
     1.849   4.73e+06
     1.873  4.258e+06
     1.896  3.857e+06
     1.918  3.508e+06
     1.938  3.206e+06
     1.958  2.942e+06
     1.977  2.703e+06
     1.995  2.492e+06
     2.012  2.304e+06
     2.029   2.14e+06
     2.045  1.992e+06
     2.061   1.86e+06
     2.076  1.737e+06
      2.09  1.626e+06
     2.104  1.525e+06
     2.118  1.435e+06
     2.131  1.354e+06
     2.144   1.28e+06
     2.156  1.214e+06
     2.168  1.159e+06
      2.18  1.109e+06
     2.191  1.055e+06
     2.202  1.004e+06
     2.213  9.565e+05
     2.224  9.112e+05
     2.234  8.691e+05
     2.244    8.3e+05
     2.254  7.933e+05
     2.264  7.594e+05
     2.273  7.269e+05
     2.283  6.965e+05
     2.292   6.68e+05
       2.3  6.411e+05
     2.309  6.158e+05
     2.318  5.919e+05
     2.326  5.693e+05
     2.334  5.481e+05
     2.342   5.28e+05
      2.35  5.089e+05
     2.358  4.909e+05
     2.365  4.738e+05
     2.373  4.576e+05
      2.38  4.423e+05
     2.388  4.276e+05
     2.395  4.137e+05
     2.402  4.005e+05
     2.409  3.879e+05
     2.415  3.759e+05
     2.422  3.644e+05
     2.429  3.534e+05
     2.435   3.43e+05
     2.441  3.329e+05
     2.448  3.234e+05
     2.454  3.142e+05
      2.46  3.054e+05
     2.466   2.97e+05
     2.472  2.889e+05
     2.478  2.811e+05
     2.484  2.737e+05
     2.489  2.665e+05
     2.495  2.597e+05
     2.501   2.53e+05
     2.506  2.467e+05
     2.512  2.405e+05
     2.517  2.346e+05
