     2.017  1.768e+10
     6.052  3.341e+10
     10.09  4.238e+10
     14.12  5.288e+10
     18.16   6.29e+10
     22.19  7.269e+10
     26.23  8.281e+10
     30.26  9.324e+10
     34.29  1.038e+11
     38.33  1.129e+11
     42.36  1.224e+11
      46.4  1.324e+11
     50.43  1.398e+11
     54.47  1.457e+11
      58.5  1.498e+11
     62.54  1.534e+11
     66.57  1.557e+11
     70.61  1.573e+11
     74.64  1.587e+11
     78.68  1.602e+11
     82.71  1.614e+11
     86.75  1.627e+11
     90.78  1.638e+11
     94.81  1.645e+11
     98.85  1.652e+11
     102.9  1.657e+11
     106.9  1.664e+11
       111  1.671e+11
       115  1.678e+11
       119  1.681e+11
     123.1  1.684e+11
     127.1  1.686e+11
     131.1  1.691e+11
     135.2  1.697e+11
     139.2  1.703e+11
     143.2  1.711e+11
     147.3  1.728e+11
     151.3  1.747e+11
     155.3  1.753e+11
     159.4  1.757e+11
     163.4  1.761e+11
     167.4  1.763e+11
     171.5  1.764e+11
     175.5  1.766e+11
     179.5  1.767e+11
     183.6  1.769e+11
     187.6   1.77e+11
     191.6   1.77e+11
     195.7  1.771e+11
     199.7  1.771e+11
     203.8  1.771e+11
     207.8  1.771e+11
     211.8  1.771e+11
     215.9  1.771e+11
     219.9  1.771e+11
     223.9  1.771e+11
       228  1.771e+11
       232  1.771e+11
       236  1.771e+11
     240.1  1.771e+11
     244.1  1.771e+11
     248.1  1.771e+11
     252.2  1.771e+11
     256.2  1.771e+11
     260.2  1.771e+11
     264.3  1.771e+11
     268.3  1.771e+11
     272.3  1.771e+11
     276.4  1.771e+11
     280.4  1.771e+11
     284.4  1.771e+11
     288.5  1.771e+11
     292.5  1.771e+11
     296.5  1.771e+11
     300.6  1.771e+11
     304.6  1.771e+11
     308.7  1.771e+11
     312.7  1.771e+11
     316.7  1.771e+11
     320.8  1.771e+11
     324.8  1.771e+11
     328.8  1.771e+11
