     2.017  4.424e-17
     6.052  6.023e-18
     10.09  4.165e-18
     14.12  4.121e-18
     18.16    2.8e-18
     22.19  2.367e-18
     26.23  2.144e-18
     30.26  1.676e-18
     34.29  1.463e-18
     38.33  1.343e-18
     42.36  1.334e-18
      46.4  1.119e-18
     50.43  7.887e-19
     54.47  4.389e-19
      58.5  3.723e-19
     62.54  2.239e-19
     66.57   1.37e-19
     70.61  1.188e-19
     74.64   1.08e-19
     78.68  8.738e-20
     82.71  7.116e-20
     86.75  1.176e-19
     90.78  5.033e-20
     94.81   4.54e-20
     98.85    2.9e-20
     102.9  4.655e-20
     106.9  3.627e-20
       111  3.256e-20
       115  2.289e-20
       119  1.269e-20
     123.1  1.132e-20
     127.1  1.118e-20
     131.1  3.133e-20
     135.2  1.952e-20
     139.2  3.907e-20
     143.2  4.241e-20
     147.3  1.025e-19
     151.3  4.217e-20
     155.3  1.937e-20
     159.4  1.658e-20
     163.4  7.491e-21
     167.4  7.288e-21
     171.5   3.21e-21
     175.5  5.897e-21
     179.5  6.261e-21
     183.6      4e-21
     187.6  2.371e-21
     191.6  1.431e-21
     195.7  9.574e-22
     199.7  2.426e-23
     203.8  1.011e-21
     207.8  1.892e-23
     211.8      1e-23
     215.9      1e-23
     219.9      1e-23
     223.9      1e-23
       228      1e-23
       232      1e-23
       236      1e-23
     240.1      1e-23
     244.1      1e-23
     248.1      1e-23
     252.2      1e-23
     256.2      1e-23
     260.2      1e-23
     264.3      1e-23
     268.3      1e-23
     272.3      1e-23
     276.4      1e-23
     280.4      1e-23
     284.4      1e-23
     288.5      1e-23
     292.5      1e-23
     296.5      1e-23
     300.6      1e-23
     304.6      1e-23
     308.7      1e-23
     312.7      1e-23
     316.7      1e-23
     320.8      1e-23
     324.8      1e-23
     328.8      1e-23
