     2.017      19.23
     6.052      21.28
     10.09      21.94
     14.12      22.09
     18.16      22.74
     22.19      22.84
     26.23      23.25
     30.26      24.45
     34.29      25.07
     38.33       25.7
     42.36      26.44
      46.4      27.68
     50.43      28.21
     54.47      28.73
      58.5      29.25
     62.54      29.97
     66.57      30.89
     70.61      31.74
     74.64      32.07
     78.68       32.6
     82.71      33.01
     86.75      33.44
     90.78      33.83
     94.81      33.98
     98.85      33.92
     102.9         34
     106.9      33.94
       111       34.1
       115       34.4
       119      34.95
     123.1      35.02
     127.1      34.91
     131.1      34.58
     135.2      34.75
     139.2      34.49
     143.2       34.5
     147.3      34.33
     151.3      34.48
     155.3       34.8
     159.4      34.87
     163.4      35.16
     167.4      35.17
     171.5      35.26
     175.5       35.2
     179.5      35.23
     183.6      35.29
     187.6      35.42
     191.6      35.43
     195.7      35.45
     199.7       35.5
     203.8      35.47
     207.8      35.51
     211.8      35.52
     215.9      35.52
     219.9      35.52
     223.9      35.52
       228      35.52
       232      35.52
       236      35.52
     240.1      35.52
     244.1      35.52
     248.1      35.52
     252.2      35.52
     256.2      35.52
     260.2      35.52
     264.3      35.52
     268.3      35.52
     272.3      35.52
     276.4      35.52
     280.4      35.52
     284.4      35.52
     288.5      35.52
     292.5      35.52
     296.5      35.52
     300.6      35.52
     304.6      35.52
     308.7      35.52
     312.7      35.52
     316.7      35.52
     320.8      35.52
     324.8      35.52
     328.8      35.52
