     2.017       18.9
     6.052      21.07
     10.09      21.47
     14.12      21.48
     18.16       21.9
     22.19      22.08
     26.23      22.19
     30.26      22.46
     34.29       22.6
     38.33       22.7
     42.36       22.7
      46.4      22.89
     50.43      23.27
     54.47      23.91
      58.5      24.09
     62.54      24.64
     66.57      25.17
     70.61      25.33
     74.64      25.43
     78.68      25.66
     82.71      25.89
     86.75      25.34
     90.78      26.26
     94.81      26.37
     98.85      26.86
     102.9      26.35
     106.9      26.62
       111      26.73
       115      27.12
       119      27.76
     123.1      27.88
     127.1       27.9
     131.1      26.78
     135.2      27.29
     139.2      26.54
     143.2      26.45
     147.3      25.49
     151.3      26.45
     155.3       27.3
     159.4      27.47
     163.4      28.33
     167.4      28.36
     171.5      29.25
     175.5      28.59
     179.5      28.52
     183.6      29.01
     187.6      29.58
     191.6      30.13
     195.7      30.56
     199.7      34.55
     203.8       30.5
     207.8      34.82
     211.8      35.52
     215.9      35.52
     219.9      35.52
     223.9      35.52
       228      35.52
       232      35.52
       236      35.52
     240.1      35.52
     244.1      35.52
     248.1      35.52
     252.2      35.52
     256.2      35.52
     260.2      35.52
     264.3      35.52
     268.3      35.52
     272.3      35.52
     276.4      35.52
     280.4      35.52
     284.4      35.52
     288.5      35.52
     292.5      35.52
     296.5      35.52
     300.6      35.52
     304.6      35.52
     308.7      35.52
     312.7      35.52
     316.7      35.52
     320.8      35.52
     324.8      35.52
     328.8      35.52
