     6.021  5.417e+08
     10.04  1.647e+08
     14.05  8.358e+07
     18.06   5.16e+07
     22.08  3.549e+07
     26.09   2.66e+07
     30.11  2.061e+07
     34.12  1.658e+07
     38.14  1.368e+07
     42.15  1.143e+07
     46.16  9.776e+06
     50.18  8.529e+06
     54.19  7.442e+06
     58.21  6.536e+06
     62.22   5.79e+06
     66.23  5.191e+06
     70.25  4.652e+06
     74.26  4.235e+06
     78.28  3.894e+06
     82.29  3.545e+06
     86.31   3.24e+06
     90.32  2.973e+06
     94.33  2.744e+06
     98.35   2.54e+06
     102.4  2.351e+06
     106.4  2.185e+06
     110.4  2.036e+06
     114.4    1.9e+06
     118.4  1.777e+06
     122.4  1.662e+06
     126.4  1.561e+06
     130.5  1.473e+06
     134.5  1.388e+06
     138.5  1.307e+06
     142.5  1.234e+06
     146.5  1.167e+06
     150.5  1.105e+06
     154.5  1.047e+06
     158.6  9.948e+05
     162.6  9.459e+05
     166.6  9.005e+05
     170.6  8.584e+05
     174.6  8.189e+05
     178.6  7.821e+05
     182.6  7.477e+05
     186.7  7.156e+05
     190.7  6.854e+05
     194.7  6.573e+05
     198.7  6.308e+05
     202.7   6.06e+05
     206.7  5.824e+05
     210.7  5.604e+05
     214.8  5.396e+05
     218.8  5.198e+05
     222.8   5.01e+05
     226.8  4.834e+05
     230.8  4.667e+05
     234.8   4.51e+05
     238.8  4.358e+05
     242.9  4.214e+05
     246.9  4.077e+05
     250.9  3.948e+05
     254.9  3.823e+05
     258.9  3.705e+05
     262.9  3.592e+05
     266.9  3.484e+05
       271   3.38e+05
       275  3.282e+05
       279  3.187e+05
       283  3.097e+05
       287   3.01e+05
       291  2.927e+05
       295  2.848e+05
     299.1  2.771e+05
     303.1  2.698e+05
     307.1  2.627e+05
     311.1  2.559e+05
     315.1  2.494e+05
     319.1  2.431e+05
     323.1  2.371e+05
     327.2  2.313e+05
