     6.021  2.191e+08
     10.04  3.902e+07
     14.05  1.871e+07
     18.06  1.048e+07
     22.08  6.839e+06
     26.09  6.405e+06
     30.11   4.02e+06
     34.12  3.398e+06
     38.14  2.756e+06
     42.15  1.884e+06
     46.16  1.875e+06
     50.18  1.972e+06
     54.19  1.177e+06
     58.21  8.667e+05
     62.22  7.493e+05
     66.23  8.423e+05
     70.25  4.701e+05
     74.26  7.895e+05
     78.28  9.083e+05
     82.29  3.183e+05
     86.31  2.623e+05
     90.32  2.387e+05
     94.33  2.726e+05
     98.35  2.473e+05
     102.4  1.288e+05
     106.4   1.51e+05
     110.4  1.309e+05
     114.4  1.029e+05
     118.4  8.945e+04
     122.4  2.301e+04
     126.4  7.174e+04
     130.5  1.184e+05
     134.5  4.928e+04
     138.5       5143
     142.5  1.035e+04
     146.5          0
     150.5       4479
     154.5          0
     158.6       9059
     162.6       4261
     166.6       4127
     170.6       4031
     174.6          0
     178.6          0
     182.6          0
     186.7          0
     190.7          0
     194.7       4038
     198.7          0
     202.7       3852
     206.7          0
     210.7       3676
     214.8       3453
     218.8          0
     222.8          0
     226.8       3282
     230.8       3151
     234.8       6328
     238.8          0
     242.9          0
     246.9          0
     250.9       2977
     254.9          0
     258.9          0
     262.9          0
     266.9          0
       271          0
       275          0
       279          0
       283          0
       287          0
       291          0
       295          0
     299.1          0
     303.1          0
     307.1          0
     311.1          0
     315.1          0
     319.1          0
     323.1          0
     327.2          0
