    0.7797  2.191e+08
     1.002  3.902e+07
     1.148  1.871e+07
     1.257  1.048e+07
     1.344  6.839e+06
     1.417  6.405e+06
     1.479   4.02e+06
     1.533  3.398e+06
     1.581  2.756e+06
     1.625  1.884e+06
     1.664  1.875e+06
     1.701  1.972e+06
     1.734  1.177e+06
     1.765  8.667e+05
     1.794  7.493e+05
     1.821  8.423e+05
     1.847  4.701e+05
     1.871  7.895e+05
     1.894  9.083e+05
     1.915  3.183e+05
     1.936  2.623e+05
     1.956  2.387e+05
     1.975  2.726e+05
     1.993  2.473e+05
      2.01  1.288e+05
     2.027   1.51e+05
     2.043  1.309e+05
     2.058  1.029e+05
     2.073  8.945e+04
     2.088  2.301e+04
     2.102  7.174e+04
     2.115  1.184e+05
     2.129  4.928e+04
     2.141       5143
     2.154  1.035e+04
     2.166          0
     2.178       4479
     2.189          0
       2.2       9059
     2.211       4261
     2.222       4127
     2.232       4031
     2.242          0
     2.252          0
     2.262          0
     2.271          0
      2.28          0
     2.289       4038
     2.298          0
     2.307       3852
     2.315          0
     2.324       3676
     2.332       3453
      2.34          0
     2.348          0
     2.356       3282
     2.363       3151
     2.371       6328
     2.378          0
     2.385          0
     2.392          0
     2.399       2977
     2.406          0
     2.413          0
      2.42          0
     2.426          0
     2.433          0
     2.439          0
     2.446          0
     2.452          0
     2.458          0
     2.464          0
      2.47          0
     2.476          0
     2.482          0
     2.487          0
     2.493          0
     2.498          0
     2.504          0
     2.509          0
     2.515          0
