    0.7797  5.417e+08
     1.002  1.647e+08
     1.148  8.358e+07
     1.257   5.16e+07
     1.344  3.549e+07
     1.417   2.66e+07
     1.479  2.061e+07
     1.533  1.658e+07
     1.581  1.368e+07
     1.625  1.143e+07
     1.664  9.776e+06
     1.701  8.529e+06
     1.734  7.442e+06
     1.765  6.536e+06
     1.794   5.79e+06
     1.821  5.191e+06
     1.847  4.652e+06
     1.871  4.235e+06
     1.894  3.894e+06
     1.915  3.545e+06
     1.936   3.24e+06
     1.956  2.973e+06
     1.975  2.744e+06
     1.993   2.54e+06
      2.01  2.351e+06
     2.027  2.185e+06
     2.043  2.036e+06
     2.058    1.9e+06
     2.073  1.777e+06
     2.088  1.662e+06
     2.102  1.561e+06
     2.115  1.473e+06
     2.129  1.388e+06
     2.141  1.307e+06
     2.154  1.234e+06
     2.166  1.167e+06
     2.178  1.105e+06
     2.189  1.047e+06
       2.2  9.948e+05
     2.211  9.459e+05
     2.222  9.005e+05
     2.232  8.584e+05
     2.242  8.189e+05
     2.252  7.821e+05
     2.262  7.477e+05
     2.271  7.156e+05
      2.28  6.854e+05
     2.289  6.573e+05
     2.298  6.308e+05
     2.307   6.06e+05
     2.315  5.824e+05
     2.324  5.604e+05
     2.332  5.396e+05
      2.34  5.198e+05
     2.348   5.01e+05
     2.356  4.834e+05
     2.363  4.667e+05
     2.371   4.51e+05
     2.378  4.358e+05
     2.385  4.214e+05
     2.392  4.077e+05
     2.399  3.948e+05
     2.406  3.823e+05
     2.413  3.705e+05
      2.42  3.592e+05
     2.426  3.484e+05
     2.433   3.38e+05
     2.439  3.282e+05
     2.446  3.187e+05
     2.452  3.097e+05
     2.458   3.01e+05
     2.464  2.927e+05
      2.47  2.848e+05
     2.476  2.771e+05
     2.482  2.698e+05
     2.487  2.627e+05
     2.493  2.559e+05
     2.498  2.494e+05
     2.504  2.431e+05
     2.509  2.371e+05
     2.515  2.313e+05
