     2.007       18.1
     6.021      20.09
     10.04      20.69
     14.05      21.61
     18.06      22.32
     22.08      22.91
     26.09      23.72
     30.11      24.12
     34.12         25
     38.14      25.61
     42.15       25.9
     46.16      26.88
     50.18       27.8
     54.19      29.36
     58.21       30.2
     62.22      30.68
     66.23      31.43
     70.25      32.43
     74.26      32.56
     78.28      32.84
     82.29      33.52
     86.31      33.76
     90.32      33.51
     94.33      33.48
     98.35      34.02
     102.4      34.13
     106.4      34.07
     110.4      34.51
     114.4      34.64
     118.4      34.92
     122.4      34.99
     126.4      34.76
     130.5      34.69
     134.5      35.15
     138.5      35.34
     142.5      35.45
     146.5      35.47
     150.5      35.47
     154.5      35.43
     158.6      35.38
     162.6      35.46
     166.6      35.46
     170.6      35.47
     174.6      35.51
     178.6      35.52
     182.6      35.52
     186.7      35.52
     190.7       35.5
     194.7      35.47
     198.7      35.46
     202.7       35.5
     206.7       35.5
     210.7      35.43
     214.8      35.48
     218.8      35.52
     222.8      35.51
     226.8      35.45
     230.8      35.46
     234.8      35.43
     238.8      35.52
     242.9      35.51
     246.9      35.45
     250.9      35.51
     254.9      35.52
     258.9      35.52
     262.9      35.52
     266.9      35.52
       271      35.52
       275      35.52
       279      35.52
       283      35.52
       287      35.52
       291      35.52
       295      35.52
     299.1      35.52
     303.1      35.52
     307.1      35.52
     311.1      35.52
     315.1      35.52
     319.1      35.52
     323.1      35.52
     327.2      35.52
