     6.017  5.894e+08
     10.03  1.766e+08
     14.04    8.6e+07
     18.05  5.123e+07
     22.06  3.359e+07
     26.07  2.398e+07
     30.09  1.807e+07
      34.1  1.426e+07
     38.11  1.153e+07
     42.12  9.526e+06
     46.13  8.026e+06
     50.14  6.797e+06
     54.15  5.819e+06
     58.17  5.041e+06
     62.18  4.415e+06
     66.19  3.918e+06
      70.2  3.497e+06
     74.21   3.13e+06
     78.22  2.815e+06
     82.24  2.548e+06
     86.25  2.317e+06
     90.26  2.114e+06
     94.27  1.935e+06
     98.28  1.784e+06
     102.3  1.646e+06
     106.3  1.524e+06
     110.3  1.418e+06
     114.3  1.322e+06
     118.3  1.236e+06
     122.3   1.16e+06
     126.4  1.089e+06
     130.4  1.023e+06
     134.4  9.634e+05
     138.4   9.09e+05
     142.4  8.586e+05
     146.4  8.126e+05
     150.4    7.7e+05
     154.4  7.316e+05
     158.5   6.95e+05
     162.5  6.613e+05
     166.5  6.298e+05
     170.5  6.011e+05
     174.5  5.746e+05
     178.5    5.5e+05
     182.5  5.282e+05
     186.5  5.062e+05
     190.5  4.856e+05
     194.6  4.663e+05
     198.6  4.477e+05
     202.6  4.303e+05
     206.6   4.14e+05
     210.6  3.983e+05
     214.6  3.834e+05
     218.6  3.694e+05
     222.6   3.56e+05
     226.6  3.434e+05
     230.7  3.315e+05
     234.7  3.202e+05
     238.7  3.094e+05
     242.7  2.992e+05
     246.7  2.895e+05
     250.7  2.802e+05
     254.7  2.714e+05
     258.7   2.63e+05
     262.8  2.549e+05
     266.8  2.473e+05
     270.8  2.399e+05
     274.8  2.329e+05
     278.8  2.262e+05
     282.8  2.198e+05
     286.8  2.137e+05
     290.8  2.078e+05
     294.8  2.021e+05
     298.9  1.967e+05
     302.9  1.915e+05
     306.9  1.865e+05
     310.9  1.817e+05
     314.9   1.77e+05
     318.9  1.726e+05
     322.9  1.683e+05
     326.9  1.642e+05
     330.9  1.602e+05
       335  1.563e+05
       339  1.526e+05
       343  1.491e+05
       347  1.456e+05
