     6.017  2.268e+08
     10.03  3.896e+07
     14.04  1.354e+07
     18.05  6.527e+06
     22.06  2.237e+06
     26.07  2.142e+06
     30.09  1.699e+06
      34.1  1.789e+06
     38.11  1.287e+06
     42.12  9.685e+05
     46.13  8.807e+05
     50.14  3.342e+05
     54.15  1.829e+05
     58.17  1.732e+05
     62.18  1.796e+05
     66.19  3.113e+05
      70.2  2.333e+05
     74.21  1.014e+05
     78.22  5.816e+04
     82.24  7.199e+04
     86.25  6.364e+04
     90.26  3.861e+04
     94.27       7814
     98.28  7.559e+04
     102.3  2.792e+04
     106.3  3.287e+04
     110.3  6.268e+04
     114.3  4.829e+04
     118.3  5.842e+04
     122.3  6.721e+04
     126.4  5.195e+04
     130.4  1.613e+04
     134.4  2.048e+04
     138.4  2.444e+04
     142.4  1.437e+04
     146.4  1.877e+04
     150.4  1.346e+04
     154.4  3.059e+04
     158.5       8697
     162.5  1.256e+04
     166.5       8719
     170.5  1.978e+04
     174.5  2.329e+04
     178.5  2.741e+04
     182.5  5.556e+04
     186.5  1.479e+04
     190.5  1.789e+04
     194.6  1.713e+04
     198.6       6762
     202.6       7403
     206.6       9802
     210.6       3202
     214.6          0
     218.6          0
     222.6          0
     226.6          0
     230.7          0
     234.7          0
     238.7          0
     242.7          0
     246.7          0
     250.7          0
     254.7          0
     258.7          0
     262.8          0
     266.8          0
     270.8          0
     274.8          0
     278.8          0
     282.8          0
     286.8          0
     290.8          0
     294.8          0
     298.9          0
     302.9          0
     306.9          0
     310.9          0
     314.9          0
     318.9          0
     322.9          0
     326.9          0
     330.9          0
       335          0
       339          0
       343          0
       347          0
