    0.7794  5.894e+08
     1.001  1.766e+08
     1.147    8.6e+07
     1.257  5.123e+07
     1.344  3.359e+07
     1.416  2.398e+07
     1.478  1.807e+07
     1.533  1.426e+07
     1.581  1.153e+07
     1.624  9.526e+06
     1.664  8.026e+06
       1.7  6.797e+06
     1.734  5.819e+06
     1.765  5.041e+06
     1.794  4.415e+06
     1.821  3.918e+06
     1.846  3.497e+06
      1.87   3.13e+06
     1.893  2.815e+06
     1.915  2.548e+06
     1.936  2.317e+06
     1.955  2.114e+06
     1.974  1.935e+06
     1.992  1.784e+06
      2.01  1.646e+06
     2.027  1.524e+06
     2.043  1.418e+06
     2.058  1.322e+06
     2.073  1.236e+06
     2.088   1.16e+06
     2.102  1.089e+06
     2.115  1.023e+06
     2.128  9.634e+05
     2.141   9.09e+05
     2.154  8.586e+05
     2.166  8.126e+05
     2.177    7.7e+05
     2.189  7.316e+05
       2.2   6.95e+05
     2.211  6.613e+05
     2.221  6.298e+05
     2.232  6.011e+05
     2.242  5.746e+05
     2.252    5.5e+05
     2.261  5.282e+05
     2.271  5.062e+05
      2.28  4.856e+05
     2.289  4.663e+05
     2.298  4.477e+05
     2.307  4.303e+05
     2.315   4.14e+05
     2.323  3.983e+05
     2.332  3.834e+05
      2.34  3.694e+05
     2.348   3.56e+05
     2.355  3.434e+05
     2.363  3.315e+05
      2.37  3.202e+05
     2.378  3.094e+05
     2.385  2.992e+05
     2.392  2.895e+05
     2.399  2.802e+05
     2.406  2.714e+05
     2.413   2.63e+05
      2.42  2.549e+05
     2.426  2.473e+05
     2.433  2.399e+05
     2.439  2.329e+05
     2.445  2.262e+05
     2.451  2.198e+05
     2.458  2.137e+05
     2.464  2.078e+05
      2.47  2.021e+05
     2.475  1.967e+05
     2.481  1.915e+05
     2.487  1.865e+05
     2.493  1.817e+05
     2.498   1.77e+05
     2.504  1.726e+05
     2.509  1.683e+05
     2.514  1.642e+05
      2.52  1.602e+05
     2.525  1.563e+05
      2.53  1.526e+05
     2.535  1.491e+05
      2.54  1.456e+05
