    0.7794  2.268e+08
     1.001  3.896e+07
     1.147  1.354e+07
     1.257  6.527e+06
     1.344  2.237e+06
     1.416  2.142e+06
     1.478  1.699e+06
     1.533  1.789e+06
     1.581  1.287e+06
     1.624  9.685e+05
     1.664  8.807e+05
       1.7  3.342e+05
     1.734  1.829e+05
     1.765  1.732e+05
     1.794  1.796e+05
     1.821  3.113e+05
     1.846  2.333e+05
      1.87  1.014e+05
     1.893  5.816e+04
     1.915  7.199e+04
     1.936  6.364e+04
     1.955  3.861e+04
     1.974       7814
     1.992  7.559e+04
      2.01  2.792e+04
     2.027  3.287e+04
     2.043  6.268e+04
     2.058  4.829e+04
     2.073  5.842e+04
     2.088  6.721e+04
     2.102  5.195e+04
     2.115  1.613e+04
     2.128  2.048e+04
     2.141  2.444e+04
     2.154  1.437e+04
     2.166  1.877e+04
     2.177  1.346e+04
     2.189  3.059e+04
       2.2       8697
     2.211  1.256e+04
     2.221       8719
     2.232  1.978e+04
     2.242  2.329e+04
     2.252  2.741e+04
     2.261  5.556e+04
     2.271  1.479e+04
      2.28  1.789e+04
     2.289  1.713e+04
     2.298       6762
     2.307       7403
     2.315       9802
     2.323       3202
     2.332          0
      2.34          0
     2.348          0
     2.355          0
     2.363          0
      2.37          0
     2.378          0
     2.385          0
     2.392          0
     2.399          0
     2.406          0
     2.413          0
      2.42          0
     2.426          0
     2.433          0
     2.439          0
     2.445          0
     2.451          0
     2.458          0
     2.464          0
      2.47          0
     2.475          0
     2.481          0
     2.487          0
     2.493          0
     2.498          0
     2.504          0
     2.509          0
     2.514          0
      2.52          0
     2.525          0
      2.53          0
     2.535          0
      2.54          0
