     2.006  4.124e+10
     6.017  6.705e+10
     10.03  8.034e+10
     14.04  8.804e+10
     18.05  9.324e+10
     22.06  9.553e+10
     26.07  9.821e+10
     30.09  1.007e+11
      34.1  1.038e+11
     38.11  1.063e+11
     42.12  1.084e+11
     46.13  1.105e+11
     50.14  1.113e+11
     54.15  1.119e+11
     58.17  1.124e+11
     62.18   1.13e+11
     66.19  1.141e+11
      70.2   1.15e+11
     74.21  1.154e+11
     78.22  1.156e+11
     82.24  1.159e+11
     86.25  1.162e+11
     90.26  1.164e+11
     94.27  1.164e+11
     98.28  1.169e+11
     102.3   1.17e+11
     106.3  1.172e+11
     110.3  1.176e+11
     114.3  1.179e+11
     118.3  1.183e+11
     122.3  1.187e+11
     126.4  1.191e+11
     130.4  1.192e+11
     134.4  1.193e+11
     138.4  1.195e+11
     142.4  1.196e+11
     146.4  1.198e+11
     150.4  1.199e+11
     154.4  1.202e+11
     158.5  1.202e+11
     162.5  1.203e+11
     166.5  1.204e+11
     170.5  1.206e+11
     174.5  1.208e+11
     178.5  1.211e+11
     182.5  1.217e+11
     186.5  1.218e+11
     190.5   1.22e+11
     194.6  1.222e+11
     198.6  1.223e+11
     202.6  1.224e+11
     206.6  1.225e+11
     210.6  1.225e+11
     214.6  1.225e+11
     218.6  1.225e+11
     222.6  1.225e+11
     226.6  1.225e+11
     230.7  1.225e+11
     234.7  1.225e+11
     238.7  1.225e+11
     242.7  1.225e+11
     246.7  1.225e+11
     250.7  1.225e+11
     254.7  1.225e+11
     258.7  1.225e+11
     262.8  1.225e+11
     266.8  1.225e+11
     270.8  1.225e+11
     274.8  1.225e+11
     278.8  1.225e+11
     282.8  1.225e+11
     286.8  1.225e+11
     290.8  1.225e+11
     294.8  1.225e+11
     298.9  1.225e+11
     302.9  1.225e+11
     306.9  1.225e+11
     310.9  1.225e+11
     314.9  1.225e+11
     318.9  1.225e+11
     322.9  1.225e+11
     326.9  1.225e+11
     330.9  1.225e+11
       335  1.225e+11
       339  1.225e+11
       343  1.225e+11
       347  1.225e+11
