     2.006  1.317e-16
     6.017  1.106e-17
     10.03  4.227e-18
     14.04  2.212e-18
     18.05  9.848e-19
     22.06  5.142e-19
     26.07  5.413e-19
     30.09  4.841e-19
      34.1  4.321e-19
     38.11  2.792e-19
     42.12  2.786e-19
     46.13  1.776e-19
     50.14  7.194e-20
     54.15  5.777e-20
     58.17  5.012e-20
     62.18   7.18e-20
     66.19  1.283e-19
      70.2  2.832e-20
     74.21  2.955e-20
     78.22  2.367e-20
     82.24  2.539e-20
     86.25  1.174e-20
     90.26  7.082e-21
     94.27  1.263e-20
     98.28  1.893e-20
     102.3  9.659e-21
     106.3  1.444e-20
     110.3  1.481e-20
     114.3  1.865e-20
     118.3  1.764e-20
     122.3  1.527e-20
     126.4  8.491e-21
     130.4  3.606e-21
     134.4  6.457e-21
     138.4   5.37e-21
     142.4  4.043e-21
     146.4  3.332e-21
     150.4  4.567e-21
     154.4   5.99e-21
     158.5  2.769e-21
     162.5  2.188e-21
     166.5  3.397e-21
     170.5  4.663e-21
     174.5  7.272e-21
     178.5  1.093e-20
     182.5  9.952e-21
     186.5  2.178e-21
     190.5   4.68e-21
     194.6  3.474e-21
     198.6  2.361e-21
     202.6   1.38e-21
     206.6  1.728e-21
     210.6  3.696e-22
     214.6  9.997e-24
     218.6      1e-23
     222.6      1e-23
     226.6      1e-23
     230.7      1e-23
     234.7      1e-23
     238.7      1e-23
     242.7      1e-23
     246.7      1e-23
     250.7      1e-23
     254.7      1e-23
     258.7      1e-23
     262.8      1e-23
     266.8      1e-23
     270.8      1e-23
     274.8      1e-23
     278.8      1e-23
     282.8      1e-23
     286.8      1e-23
     290.8      1e-23
     294.8      1e-23
     298.9      1e-23
     302.9      1e-23
     306.9      1e-23
     310.9      1e-23
     314.9      1e-23
     318.9      1e-23
     322.9      1e-23
     326.9      1e-23
     330.9      1e-23
       335      1e-23
       339      1e-23
       343      1e-23
       347      1e-23
