     2.006      18.32
     6.017      20.67
     10.03      21.72
     14.04      22.69
     18.05      24.46
     22.06      28.12
     26.07       28.1
     30.09      28.92
      34.1      30.51
     38.11       31.3
     42.12         32
     46.13      32.32
     50.14      33.33
     54.15      32.89
     58.17      33.19
     62.18      33.55
     66.19      33.88
      70.2      34.11
     74.21      34.17
     78.22      34.33
     82.24      34.49
     86.25      34.92
     90.26      35.05
     94.27      34.88
     98.28      34.63
     102.3      35.06
     106.3      34.75
     110.3      34.79
     114.3       34.9
     118.3      34.98
     122.3      34.98
     126.4      35.01
     130.4       35.2
     134.4      35.12
     138.4      35.14
     142.4      35.23
     146.4      35.25
     150.4      35.31
     154.4      35.22
     158.5      35.33
     162.5      35.34
     166.5      35.34
     170.5      35.21
     174.5      35.09
     178.5      35.11
     182.5      35.13
     186.5      35.35
     190.5      35.31
     194.6      35.29
     198.6      35.36
     202.6       35.4
     206.6      35.43
     210.6      35.48
     214.6      35.52
     218.6      35.52
     222.6      35.52
     226.6      35.52
     230.7      35.52
     234.7      35.52
     238.7      35.52
     242.7      35.52
     246.7      35.52
     250.7      35.52
     254.7      35.52
     258.7      35.52
     262.8      35.52
     266.8      35.52
     270.8      35.52
     274.8      35.52
     278.8      35.52
     282.8      35.52
     286.8      35.52
     290.8      35.52
     294.8      35.52
     298.9      35.52
     302.9      35.52
     306.9      35.52
     310.9      35.52
     314.9      35.52
     318.9      35.52
     322.9      35.52
     326.9      35.52
     330.9      35.52
       335      35.52
       339      35.52
       343      35.52
       347      35.52
