     2.006      17.72
     6.017      20.41
     10.03      21.45
     14.04      22.15
     18.05      23.03
     22.06      23.74
     26.07      23.68
     30.09       23.8
      34.1      23.93
     38.11       24.4
     42.12       24.4
     46.13      24.89
     50.14      25.87
     54.15      26.11
     58.17      26.27
     62.18      25.88
     66.19      25.25
      70.2      26.89
     74.21      26.84
     78.22      27.08
     82.24         27
     86.25      27.84
     90.26      28.39
     94.27      27.76
     98.28      27.32
     102.3      28.05
     106.3      27.62
     110.3      27.59
     114.3      27.34
     118.3       27.4
     122.3      27.56
     126.4      28.19
     130.4      29.12
     134.4      28.49
     138.4      28.69
     142.4         29
     146.4      29.21
     150.4      28.87
     154.4      28.57
     158.5      29.41
     162.5      29.67
     166.5      29.19
     170.5      28.84
     174.5      28.36
     178.5      27.92
     182.5      28.02
     186.5      29.67
     190.5      28.84
     194.6      29.16
     198.6      29.58
     202.6      30.17
     206.6      29.92
     210.6       31.6
     214.6      35.52
     218.6      35.52
     222.6      35.52
     226.6      35.52
     230.7      35.52
     234.7      35.52
     238.7      35.52
     242.7      35.52
     246.7      35.52
     250.7      35.52
     254.7      35.52
     258.7      35.52
     262.8      35.52
     266.8      35.52
     270.8      35.52
     274.8      35.52
     278.8      35.52
     282.8      35.52
     286.8      35.52
     290.8      35.52
     294.8      35.52
     298.9      35.52
     302.9      35.52
     306.9      35.52
     310.9      35.52
     314.9      35.52
     318.9      35.52
     322.9      35.52
     326.9      35.52
     330.9      35.52
       335      35.52
       339      35.52
       343      35.52
       347      35.52
