     6.002  6.668e+08
        10  3.173e+08
        14  2.096e+08
     18.01  1.617e+08
     22.01  1.315e+08
     26.01  1.087e+08
     30.01  9.205e+07
     34.01  7.933e+07
     38.01  6.839e+07
     42.01  5.981e+07
     46.01  5.312e+07
     50.02   4.77e+07
     54.02  4.323e+07
     58.02  3.935e+07
     62.02  3.586e+07
     66.02  3.289e+07
     70.02  3.045e+07
     74.02  2.815e+07
     78.02  2.609e+07
     82.03  2.421e+07
     86.03  2.255e+07
     90.03  2.113e+07
     94.03  1.984e+07
     98.03  1.863e+07
       102  1.748e+07
       106  1.644e+07
       110  1.549e+07
       114  1.463e+07
       118  1.387e+07
       122  1.318e+07
       126  1.252e+07
       130  1.195e+07
       134  1.144e+07
       138  1.094e+07
       142  1.048e+07
       146  1.007e+07
       150  9.692e+06
       154  9.318e+06
       158  8.953e+06
     162.1  8.607e+06
     166.1  8.276e+06
     170.1  7.971e+06
     174.1  7.687e+06
     178.1  7.408e+06
     182.1  7.154e+06
     186.1  6.906e+06
     190.1   6.66e+06
     194.1  6.429e+06
     198.1   6.21e+06
     202.1  6.001e+06
     206.1  5.799e+06
     210.1  5.604e+06
     214.1  5.419e+06
     218.1   5.25e+06
     222.1  5.082e+06
     226.1  4.922e+06
     230.1   4.77e+06
     234.1  4.631e+06
     238.1  4.492e+06
     242.1  4.362e+06
     246.1  4.234e+06
     250.1  4.113e+06
     254.1  3.998e+06
     258.1  3.888e+06
     262.1  3.782e+06
     266.1  3.683e+06
     270.1  3.591e+06
     274.1  3.497e+06
     278.1  3.403e+06
     282.1  3.314e+06
     286.1  3.227e+06
     290.1  3.143e+06
     294.1  3.063e+06
     298.1  2.986e+06
     302.1   2.91e+06
     306.1  2.838e+06
     310.1   2.77e+06
     314.1  2.702e+06
     318.1  2.636e+06
     322.1  2.572e+06
     326.1   2.51e+06
     330.1   2.45e+06
     334.1  2.392e+06
     338.1  2.335e+06
     342.1  2.281e+06
     346.1  2.228e+06
     350.1  2.178e+06
