     6.002  5.387e+08
        10  2.009e+08
        14  1.234e+08
     18.01  1.001e+08
     22.01  7.796e+07
     26.01  5.664e+07
     30.01  4.606e+07
     34.01   3.78e+07
     38.01  2.717e+07
     42.01  2.322e+07
     46.01  2.128e+07
     50.02  1.918e+07
     54.02  1.752e+07
     58.02  1.505e+07
     62.02  1.226e+07
     66.02  1.136e+07
     70.02  1.147e+07
     74.02  9.222e+06
     78.02  8.026e+06
     82.03   6.82e+06
     86.03  6.299e+06
     90.03   6.56e+06
     94.03  6.008e+06
     98.03  5.015e+06
       102  4.014e+06
       106  3.627e+06
       110  3.337e+06
       114  3.317e+06
       118  3.437e+06
       122  3.247e+06
       126  2.819e+06
       130  3.309e+06
       134  3.286e+06
       138  2.961e+06
       142  2.755e+06
       146  2.934e+06
       150  2.977e+06
       154  2.494e+06
       158  2.113e+06
     162.1   1.94e+06
     166.1  1.739e+06
     170.1  1.803e+06
     174.1   1.79e+06
     178.1  1.463e+06
     182.1  1.643e+06
     186.1  1.384e+06
     190.1  1.061e+06
     194.1  1.063e+06
     198.1  9.943e+05
     202.1  9.391e+05
     206.1  7.953e+05
     210.1  6.868e+05
     214.1  6.533e+05
     218.1  8.206e+05
     222.1  5.784e+05
     226.1  5.657e+05
     230.1  5.629e+05
     234.1  6.772e+05
     238.1  5.201e+05
     242.1  5.453e+05
     246.1  4.349e+05
     250.1  4.472e+05
     254.1  4.455e+05
     258.1  4.524e+05
     262.1  4.128e+05
     266.1  4.948e+05
     270.1  5.925e+05
     274.1   3.63e+05
     278.1  2.481e+05
     282.1  2.385e+05
     286.1  2.309e+05
     290.1  1.849e+05
     294.1  1.965e+05
     298.1  1.665e+05
     302.1   1.42e+05
     306.1  1.379e+05
     310.1  2.094e+05
     314.1  1.089e+05
     318.1  6.576e+04
     322.1  6.405e+04
     326.1  3.616e+04
     330.1  4.368e+04
     334.1  2.404e+04
     338.1  1.338e+04
     342.1  1.153e+04
     346.1       3639
     350.1       2147
