    0.7783  6.668e+08
         1  3.173e+08
     1.146  2.096e+08
     1.255  1.617e+08
     1.343  1.315e+08
     1.415  1.087e+08
     1.477  9.205e+07
     1.532  7.933e+07
      1.58  6.839e+07
     1.623  5.981e+07
     1.663  5.312e+07
     1.699   4.77e+07
     1.733  4.323e+07
     1.764  3.935e+07
     1.793  3.586e+07
      1.82  3.289e+07
     1.845  3.045e+07
     1.869  2.815e+07
     1.892  2.609e+07
     1.914  2.421e+07
     1.935  2.255e+07
     1.954  2.113e+07
     1.973  1.984e+07
     1.991  1.863e+07
     2.009  1.748e+07
     2.025  1.644e+07
     2.042  1.549e+07
     2.057  1.463e+07
     2.072  1.387e+07
     2.086  1.318e+07
     2.101  1.252e+07
     2.114  1.195e+07
     2.127  1.144e+07
      2.14  1.094e+07
     2.152  1.048e+07
     2.164  1.007e+07
     2.176  9.692e+06
     2.188  9.318e+06
     2.199  8.953e+06
      2.21  8.607e+06
      2.22  8.276e+06
     2.231  7.971e+06
     2.241  7.687e+06
     2.251  7.408e+06
      2.26  7.154e+06
      2.27  6.906e+06
     2.279   6.66e+06
     2.288  6.429e+06
     2.297   6.21e+06
     2.305  6.001e+06
     2.314  5.799e+06
     2.322  5.604e+06
     2.331  5.419e+06
     2.339   5.25e+06
     2.346  5.082e+06
     2.354  4.922e+06
     2.362   4.77e+06
     2.369  4.631e+06
     2.377  4.492e+06
     2.384  4.362e+06
     2.391  4.234e+06
     2.398  4.113e+06
     2.405  3.998e+06
     2.412  3.888e+06
     2.418  3.782e+06
     2.425  3.683e+06
     2.432  3.591e+06
     2.438  3.497e+06
     2.444  3.403e+06
      2.45  3.314e+06
     2.457  3.227e+06
     2.463  3.143e+06
     2.468  3.063e+06
     2.474  2.986e+06
      2.48   2.91e+06
     2.486  2.838e+06
     2.491   2.77e+06
     2.497  2.702e+06
     2.503  2.636e+06
     2.508  2.572e+06
     2.513   2.51e+06
     2.519   2.45e+06
     2.524  2.392e+06
     2.529  2.335e+06
     2.534  2.281e+06
     2.539  2.228e+06
     2.544  2.178e+06
