    0.7783  5.387e+08
         1  2.009e+08
     1.146  1.234e+08
     1.255  1.001e+08
     1.343  7.796e+07
     1.415  5.664e+07
     1.477  4.606e+07
     1.532   3.78e+07
      1.58  2.717e+07
     1.623  2.322e+07
     1.663  2.128e+07
     1.699  1.918e+07
     1.733  1.752e+07
     1.764  1.505e+07
     1.793  1.226e+07
      1.82  1.136e+07
     1.845  1.147e+07
     1.869  9.222e+06
     1.892  8.026e+06
     1.914   6.82e+06
     1.935  6.299e+06
     1.954   6.56e+06
     1.973  6.008e+06
     1.991  5.015e+06
     2.009  4.014e+06
     2.025  3.627e+06
     2.042  3.337e+06
     2.057  3.317e+06
     2.072  3.437e+06
     2.086  3.247e+06
     2.101  2.819e+06
     2.114  3.309e+06
     2.127  3.286e+06
      2.14  2.961e+06
     2.152  2.755e+06
     2.164  2.934e+06
     2.176  2.977e+06
     2.188  2.494e+06
     2.199  2.113e+06
      2.21   1.94e+06
      2.22  1.739e+06
     2.231  1.803e+06
     2.241   1.79e+06
     2.251  1.463e+06
      2.26  1.643e+06
      2.27  1.384e+06
     2.279  1.061e+06
     2.288  1.063e+06
     2.297  9.943e+05
     2.305  9.391e+05
     2.314  7.953e+05
     2.322  6.868e+05
     2.331  6.533e+05
     2.339  8.206e+05
     2.346  5.784e+05
     2.354  5.657e+05
     2.362  5.629e+05
     2.369  6.772e+05
     2.377  5.201e+05
     2.384  5.453e+05
     2.391  4.349e+05
     2.398  4.472e+05
     2.405  4.455e+05
     2.412  4.524e+05
     2.418  4.128e+05
     2.425  4.948e+05
     2.432  5.925e+05
     2.438   3.63e+05
     2.444  2.481e+05
      2.45  2.385e+05
     2.457  2.309e+05
     2.463  1.849e+05
     2.468  1.965e+05
     2.474  1.665e+05
      2.48   1.42e+05
     2.486  1.379e+05
     2.491  2.094e+05
     2.497  1.089e+05
     2.503  6.576e+04
     2.508  6.405e+04
     2.513  3.616e+04
     2.519  4.368e+04
     2.524  2.404e+04
     2.529  1.338e+04
     2.534  1.153e+04
     2.539       3639
     2.544       2147
