     2.001      19.55
     6.002      20.05
        10      20.34
        14      20.46
     18.01      20.72
     22.01      21.01
     26.01      21.32
     30.01      21.44
     34.01       21.8
     38.01         22
     42.01      22.16
     46.01      22.22
     50.02      22.44
     54.02      22.71
     58.02      23.01
     62.02      23.14
     66.02      23.19
     70.02      23.36
     74.02      23.67
     78.02      23.75
     82.03       23.9
     86.03      23.89
     90.03      23.97
     94.03      24.31
     98.03      24.32
       102      24.51
       106       24.7
       110      24.91
       114      25.16
       118      25.05
       122       25.1
       126      25.29
       130      25.29
       134      25.67
       138      25.73
       142      25.52
       146      25.68
       150      25.78
       154      26.28
       158      26.55
     162.1      26.62
     166.1      26.71
     170.1      26.88
     174.1      27.42
     178.1      27.27
     182.1      27.55
     186.1      27.62
     190.1      28.12
     194.1      28.14
     198.1      28.29
     202.1      28.44
     206.1      28.95
     210.1      29.31
     214.1      29.37
     218.1      29.49
     222.1      29.59
     226.1      29.83
     230.1       29.8
     234.1      29.87
     238.1      30.35
     242.1       30.3
     246.1      30.61
     250.1      30.92
     254.1      30.61
     258.1       30.4
     262.1      30.23
     266.1      30.15
     270.1       30.2
     274.1      30.59
     278.1      30.45
     282.1      30.99
     286.1      30.79
     290.1      30.91
     294.1      31.47
     298.1      30.81
     302.1      30.93
     306.1      30.84
     310.1      31.24
     314.1      31.83
     318.1      31.64
     322.1      31.52
     326.1      31.65
     330.1      32.26
     334.1      32.97
     338.1      33.11
     342.1      33.66
     346.1      33.53
     350.1      34.12
