     6.002  8.764e+08
        10  2.769e+08
     14.01   1.64e+08
     18.01  1.098e+08
     22.01  8.264e+07
     26.01  6.952e+07
     30.01  5.849e+07
     34.01   4.99e+07
     38.02  4.127e+07
     42.02  3.742e+07
     46.02   3.43e+07
     50.02  2.917e+07
     54.02  3.048e+07
     58.02  2.962e+07
     62.02  2.301e+07
     66.03  1.928e+07
     70.03  1.835e+07
     74.03  2.052e+07
     78.03  1.882e+07
     82.03  1.303e+07
     86.03  1.082e+07
     90.04  9.968e+06
     94.04      1e+07
     98.04   8.66e+06
       102  9.462e+06
       106  8.683e+06
       110  5.868e+06
       114  5.267e+06
       118  4.834e+06
       122  4.099e+06
       126  3.706e+06
     130.1   3.62e+06
     134.1  2.535e+06
     138.1  2.234e+06
     142.1  2.313e+06
     146.1  2.144e+06
     150.1   1.81e+06
     154.1  1.998e+06
     158.1  1.894e+06
     162.1  1.752e+06
     166.1  1.592e+06
     170.1  1.831e+06
     174.1  1.539e+06
     178.1  1.462e+06
     182.1  1.464e+06
     186.1  1.709e+06
     190.1  1.753e+06
     194.1  1.293e+06
     198.1  1.148e+06
     202.1  1.006e+06
     206.1  8.488e+05
     210.1  7.962e+05
     214.1  8.821e+05
     218.1  7.295e+05
     222.1  6.508e+05
     226.1  6.452e+05
     230.1  6.856e+05
     234.1  6.772e+05
     238.1   7.58e+05
     242.1   7.22e+05
     246.1  6.013e+05
     250.1   4.92e+05
     254.1    3.4e+05
     258.1  2.581e+05
     262.1  2.267e+05
     266.1  2.283e+05
     270.1  1.937e+05
     274.1  2.116e+05
     278.1  3.788e+05
     282.1  3.386e+05
     286.1  1.482e+05
     290.1  7.935e+04
     294.1  7.366e+04
     298.1  4.751e+04
     302.1  4.715e+04
     306.1  4.524e+04
     310.1  4.277e+04
     314.1  2.198e+04
     318.1  3.318e+04
     322.1  2.782e+04
     326.1  1.767e+04
     330.1  1.619e+04
     334.1  1.949e+04
     338.1  1.194e+04
     342.1       7931
     346.1       9552
     350.1       3730
