     6.002  1.193e+09
        10  5.058e+08
     14.01  3.159e+08
     18.01  2.257e+08
     22.01  1.742e+08
     26.01  1.422e+08
     30.01    1.2e+08
     34.01  1.036e+08
     38.02  9.051e+07
     42.02  8.042e+07
     46.02  7.241e+07
     50.02  6.551e+07
     54.02  6.033e+07
     58.02   5.61e+07
     62.02  5.183e+07
     66.03  4.789e+07
     70.03  4.452e+07
     74.03  4.193e+07
     78.03  3.956e+07
     82.03  3.697e+07
     86.03  3.454e+07
     90.04  3.236e+07
     94.04  3.045e+07
     98.04  2.868e+07
       102  2.717e+07
       106  2.578e+07
       110  2.433e+07
       114  2.299e+07
       118  2.176e+07
       122   2.06e+07
       126  1.953e+07
     130.1  1.855e+07
     134.1  1.759e+07
     138.1   1.67e+07
     142.1  1.589e+07
     146.1  1.514e+07
     150.1  1.443e+07
     154.1  1.378e+07
     158.1  1.318e+07
     162.1  1.262e+07
     166.1  1.209e+07
     170.1   1.16e+07
     174.1  1.114e+07
     178.1  1.071e+07
     182.1   1.03e+07
     186.1  9.931e+06
     190.1  9.586e+06
     194.1  9.244e+06
     198.1  8.917e+06
     202.1  8.604e+06
     206.1  8.303e+06
     210.1  8.017e+06
     214.1   7.75e+06
     218.1  7.493e+06
     222.1  7.246e+06
     226.1  7.012e+06
     230.1  6.792e+06
     234.1  6.583e+06
     238.1  6.388e+06
     242.1    6.2e+06
     246.1  6.018e+06
     250.1  5.841e+06
     254.1  5.668e+06
     258.1    5.5e+06
     262.1  5.339e+06
     266.1  5.186e+06
     270.1  5.038e+06
     274.1  4.897e+06
     278.1  4.767e+06
     282.1  4.641e+06
     286.1  4.516e+06
     290.1  4.393e+06
     294.1  4.276e+06
     298.1  4.162e+06
     302.1  4.053e+06
     306.1  3.948e+06
     310.1  3.848e+06
     314.1   3.75e+06
     318.1  3.657e+06
     322.1  3.566e+06
     326.1  3.479e+06
     330.1  3.395e+06
     334.1  3.315e+06
     338.1  3.236e+06
     342.1  3.161e+06
     346.1  3.088e+06
     350.1  3.018e+06
