    0.7783  1.193e+09
         1  5.058e+08
     1.146  3.159e+08
     1.255  2.257e+08
     1.343  1.742e+08
     1.415  1.422e+08
     1.477    1.2e+08
     1.532  1.036e+08
      1.58  9.051e+07
     1.623  8.042e+07
     1.663  7.241e+07
     1.699  6.551e+07
     1.733  6.033e+07
     1.764   5.61e+07
     1.793  5.183e+07
      1.82  4.789e+07
     1.845  4.452e+07
     1.869  4.193e+07
     1.892  3.956e+07
     1.914  3.697e+07
     1.935  3.454e+07
     1.954  3.236e+07
     1.973  3.045e+07
     1.991  2.868e+07
     2.009  2.717e+07
     2.025  2.578e+07
     2.042  2.433e+07
     2.057  2.299e+07
     2.072  2.176e+07
     2.087   2.06e+07
     2.101  1.953e+07
     2.114  1.855e+07
     2.127  1.759e+07
      2.14   1.67e+07
     2.152  1.589e+07
     2.165  1.514e+07
     2.176  1.443e+07
     2.188  1.378e+07
     2.199  1.318e+07
      2.21  1.262e+07
      2.22  1.209e+07
     2.231   1.16e+07
     2.241  1.114e+07
     2.251  1.071e+07
      2.26   1.03e+07
      2.27  9.931e+06
     2.279  9.586e+06
     2.288  9.244e+06
     2.297  8.917e+06
     2.306  8.604e+06
     2.314  8.303e+06
     2.322  8.017e+06
     2.331   7.75e+06
     2.339  7.493e+06
     2.347  7.246e+06
     2.354  7.012e+06
     2.362  6.792e+06
     2.369  6.583e+06
     2.377  6.388e+06
     2.384    6.2e+06
     2.391  6.018e+06
     2.398  5.841e+06
     2.405  5.668e+06
     2.412    5.5e+06
     2.418  5.339e+06
     2.425  5.186e+06
     2.432  5.038e+06
     2.438  4.897e+06
     2.444  4.767e+06
      2.45  4.641e+06
     2.457  4.516e+06
     2.463  4.393e+06
     2.469  4.276e+06
     2.474  4.162e+06
      2.48  4.053e+06
     2.486  3.948e+06
     2.492  3.848e+06
     2.497   3.75e+06
     2.503  3.657e+06
     2.508  3.566e+06
     2.513  3.479e+06
     2.519  3.395e+06
     2.524  3.315e+06
     2.529  3.236e+06
     2.534  3.161e+06
     2.539  3.088e+06
     2.544  3.018e+06
