    0.7783  8.764e+08
         1  2.769e+08
     1.146   1.64e+08
     1.255  1.098e+08
     1.343  8.264e+07
     1.415  6.952e+07
     1.477  5.849e+07
     1.532   4.99e+07
      1.58  4.127e+07
     1.623  3.742e+07
     1.663   3.43e+07
     1.699  2.917e+07
     1.733  3.048e+07
     1.764  2.962e+07
     1.793  2.301e+07
      1.82  1.928e+07
     1.845  1.835e+07
     1.869  2.052e+07
     1.892  1.882e+07
     1.914  1.303e+07
     1.935  1.082e+07
     1.954  9.968e+06
     1.973      1e+07
     1.991   8.66e+06
     2.009  9.462e+06
     2.025  8.683e+06
     2.042  5.868e+06
     2.057  5.267e+06
     2.072  4.834e+06
     2.087  4.099e+06
     2.101  3.706e+06
     2.114   3.62e+06
     2.127  2.535e+06
      2.14  2.234e+06
     2.152  2.313e+06
     2.165  2.144e+06
     2.176   1.81e+06
     2.188  1.998e+06
     2.199  1.894e+06
      2.21  1.752e+06
      2.22  1.592e+06
     2.231  1.831e+06
     2.241  1.539e+06
     2.251  1.462e+06
      2.26  1.464e+06
      2.27  1.709e+06
     2.279  1.753e+06
     2.288  1.293e+06
     2.297  1.148e+06
     2.306  1.006e+06
     2.314  8.488e+05
     2.322  7.962e+05
     2.331  8.821e+05
     2.339  7.295e+05
     2.347  6.508e+05
     2.354  6.452e+05
     2.362  6.856e+05
     2.369  6.772e+05
     2.377   7.58e+05
     2.384   7.22e+05
     2.391  6.013e+05
     2.398   4.92e+05
     2.405    3.4e+05
     2.412  2.581e+05
     2.418  2.267e+05
     2.425  2.283e+05
     2.432  1.937e+05
     2.438  2.116e+05
     2.444  3.788e+05
      2.45  3.386e+05
     2.457  1.482e+05
     2.463  7.935e+04
     2.469  7.366e+04
     2.474  4.751e+04
      2.48  4.715e+04
     2.486  4.524e+04
     2.492  4.277e+04
     2.497  2.198e+04
     2.503  3.318e+04
     2.508  2.782e+04
     2.513  1.767e+04
     2.519  1.619e+04
     2.524  1.949e+04
     2.529  1.194e+04
     2.534       7931
     2.539       9552
     2.544       3730
