     2.001      18.09
     6.002      19.63
        10      20.18
     14.01      20.64
     18.01      20.96
     22.01      21.18
     26.01      21.34
     30.01      21.47
     34.01      21.61
     38.02      21.84
     42.02      21.95
     46.02      22.12
     50.02      22.32
     54.02      22.26
     58.02      22.36
     62.02      22.56
     66.03      22.65
     70.03      22.77
     74.03       22.9
     78.03      22.99
     82.03      23.19
     86.03      23.38
     90.04       23.4
     94.04      23.49
     98.04      23.79
       102      23.88
       106      24.13
       110      24.23
       114      24.37
       118      24.72
       122       25.2
       126      25.17
     130.1      25.47
     134.1      26.07
     138.1      26.29
     142.1      26.26
     146.1       26.6
     150.1      26.75
     154.1      27.02
     158.1      27.55
     162.1      27.54
     166.1       27.8
     170.1       27.9
     174.1      28.54
     178.1      28.37
     182.1      28.24
     186.1      29.01
     190.1      29.47
     194.1      29.31
     198.1      29.84
     202.1      30.32
     206.1      29.97
     210.1      30.05
     214.1      30.51
     218.1      30.84
     222.1      30.64
     226.1      30.65
     230.1      30.82
     234.1      30.53
     238.1      30.96
     242.1      31.25
     246.1      31.44
     250.1      32.03
     254.1      32.16
     258.1      31.96
     262.1      32.08
     266.1      31.89
     270.1      32.37
     274.1      31.83
     278.1      32.09
     282.1      32.74
     286.1      32.95
     290.1      33.17
     294.1      32.63
     298.1      32.96
     302.1      32.85
     306.1      32.72
     310.1      33.51
     314.1      32.94
     318.1      32.75
     322.1      32.93
     326.1       33.2
     330.1       32.8
     334.1      33.18
     338.1      33.87
     342.1       32.7
     346.1      32.75
     350.1      35.55
