     6.051  4.562e+08
     10.08  1.015e+08
     14.12  3.406e+07
     18.15  1.961e+07
     22.19  1.323e+07
     26.22  1.054e+07
     30.25   8.75e+06
     34.29  6.698e+06
     38.32  5.092e+06
     42.36  2.821e+06
     46.39  1.767e+06
     50.42  1.635e+06
     54.46  1.042e+06
     58.49  7.184e+05
     62.52  7.989e+05
     66.56  5.693e+05
     70.59  4.874e+05
     74.63  4.729e+05
     78.66  4.716e+05
     82.69  3.792e+05
     86.73  1.834e+05
     90.76  2.084e+05
     94.79  1.783e+05
     98.83  1.643e+05
     102.9  1.194e+05
     106.9  1.079e+05
     110.9  1.055e+05
       115  6.918e+04
       119  1.948e+05
       123  3.358e+05
     127.1  1.592e+05
     131.1   1.48e+05
     135.1  1.058e+05
     139.2  1.316e+05
     143.2  1.735e+05
     147.2  1.696e+05
     151.3   1.23e+05
     155.3  7.702e+04
     159.3  4.063e+04
     163.4       4150
     167.4  2.886e+04
     171.4       7936
     175.5  2.084e+04
     179.5  2.679e+04
     183.5       8919
     187.6  2.811e+04
     191.6  1.932e+04
     195.6       8487
     199.7  5.559e+04
     203.7  6.297e+04
     207.7  5.842e+04
     211.8  2.863e+04
     215.8  5.852e+04
     219.8  3.845e+04
     223.9  2.639e+04
     227.9  3.521e+04
     231.9  1.693e+04
       236  1.169e+04
       240       6516
       244       8526
     248.1  1.166e+04
     252.1       6207
     256.1  1.281e+04
     260.2       6184
     264.2          0
     268.2       3481
     272.3       2484
     276.3          0
     280.4          0
     284.4       5072
     288.4          0
     292.5          0
     296.5          0
     300.5          0
     304.6          0
     308.6          0
     312.6          0
     316.7          0
     320.7          0
     324.7          0
     328.8          0
     332.8          0
     336.8          0
     340.9          0
     344.9          0
     348.9          0
