     6.051  9.768e+08
     10.08  3.203e+08
     14.12  1.613e+08
     18.15   9.93e+07
     22.19  6.831e+07
     26.22  5.066e+07
     30.25  3.954e+07
     34.29  3.184e+07
     38.32  2.623e+07
     42.36  2.178e+07
     46.39  1.831e+07
     50.42  1.564e+07
     54.46  1.348e+07
     58.49  1.173e+07
     62.52  1.032e+07
     66.56  9.137e+06
     70.59   8.15e+06
     74.63   7.32e+06
     78.66  6.618e+06
     82.69   6.01e+06
     86.73  5.468e+06
     90.76  5.001e+06
     94.79  4.591e+06
     98.83   4.23e+06
     102.9  3.907e+06
     106.9  3.621e+06
     110.9  3.365e+06
       115  3.134e+06
       119  2.935e+06
       123  2.764e+06
     127.1  2.599e+06
     131.1  2.448e+06
     135.1  2.308e+06
     139.2  2.182e+06
     143.2  2.069e+06
     147.2  1.965e+06
     151.3  1.867e+06
     155.3  1.774e+06
     159.3  1.686e+06
     163.4  1.603e+06
     167.4  1.527e+06
     171.4  1.456e+06
     175.5   1.39e+06
     179.5  1.328e+06
     183.5   1.27e+06
     187.6  1.217e+06
     191.6  1.167e+06
     195.6  1.119e+06
     199.7  1.076e+06
     203.7  1.036e+06
     207.7  9.979e+05
     211.8  9.609e+05
     215.8  9.272e+05
     219.8  8.946e+05
     223.9  8.633e+05
     227.9   8.34e+05
     231.9  8.056e+05
       236  7.784e+05
       240  7.525e+05
       244  7.279e+05
     248.1  7.046e+05
     252.1  6.823e+05
     256.1  6.612e+05
     260.2  6.409e+05
     264.2  6.213e+05
     268.2  6.027e+05
     272.3  5.849e+05
     276.3  5.679e+05
     280.4  5.515e+05
     284.4   5.36e+05
     288.4   5.21e+05
     292.5  5.067e+05
     296.5  4.929e+05
     300.5  4.796e+05
     304.6  4.669e+05
     308.6  4.547e+05
     312.6   4.43e+05
     316.7  4.317e+05
     320.7  4.208e+05
     324.7  4.104e+05
     328.8  4.003e+05
     332.8  3.906e+05
     336.8  3.813e+05
     340.9  3.722e+05
     344.9  3.635e+05
     348.9  3.551e+05
