    0.7818  4.562e+08
     1.004  1.015e+08
      1.15  3.406e+07
     1.259  1.961e+07
     1.346  1.323e+07
     1.419  1.054e+07
     1.481   8.75e+06
     1.535  6.698e+06
     1.583  5.092e+06
     1.627  2.821e+06
     1.666  1.767e+06
     1.703  1.635e+06
     1.736  1.042e+06
     1.767  7.184e+05
     1.796  7.989e+05
     1.823  5.693e+05
     1.849  4.874e+05
     1.873  4.729e+05
     1.896  4.716e+05
     1.917  3.792e+05
     1.938  1.834e+05
     1.958  2.084e+05
     1.977  1.783e+05
     1.995  1.643e+05
     2.012  1.194e+05
     2.029  1.079e+05
     2.045  1.055e+05
     2.061  6.918e+04
     2.076  1.948e+05
      2.09  3.358e+05
     2.104  1.592e+05
     2.118   1.48e+05
     2.131  1.058e+05
     2.144  1.316e+05
     2.156  1.735e+05
     2.168  1.696e+05
      2.18   1.23e+05
     2.191  7.702e+04
     2.202  4.063e+04
     2.213       4150
     2.224  2.886e+04
     2.234       7936
     2.244  2.084e+04
     2.254  2.679e+04
     2.264       8919
     2.273  2.811e+04
     2.282  1.932e+04
     2.291       8487
       2.3  5.559e+04
     2.309  6.297e+04
     2.318  5.842e+04
     2.326  2.863e+04
     2.334  5.852e+04
     2.342  3.845e+04
      2.35  2.639e+04
     2.358  3.521e+04
     2.365  1.693e+04
     2.373  1.169e+04
      2.38       6516
     2.387       8526
     2.395  1.166e+04
     2.402       6207
     2.408  1.281e+04
     2.415       6184
     2.422          0
     2.429       3481
     2.435       2484
     2.441          0
     2.448          0
     2.454       5072
      2.46          0
     2.466          0
     2.472          0
     2.478          0
     2.484          0
     2.489          0
     2.495          0
     2.501          0
     2.506          0
     2.512          0
     2.517          0
     2.522          0
     2.527          0
     2.533          0
     2.538          0
     2.543          0
