    0.7818  9.768e+08
     1.004  3.203e+08
      1.15  1.613e+08
     1.259   9.93e+07
     1.346  6.831e+07
     1.419  5.066e+07
     1.481  3.954e+07
     1.535  3.184e+07
     1.583  2.623e+07
     1.627  2.178e+07
     1.666  1.831e+07
     1.703  1.564e+07
     1.736  1.348e+07
     1.767  1.173e+07
     1.796  1.032e+07
     1.823  9.137e+06
     1.849   8.15e+06
     1.873   7.32e+06
     1.896  6.618e+06
     1.917   6.01e+06
     1.938  5.468e+06
     1.958  5.001e+06
     1.977  4.591e+06
     1.995   4.23e+06
     2.012  3.907e+06
     2.029  3.621e+06
     2.045  3.365e+06
     2.061  3.134e+06
     2.076  2.935e+06
      2.09  2.764e+06
     2.104  2.599e+06
     2.118  2.448e+06
     2.131  2.308e+06
     2.144  2.182e+06
     2.156  2.069e+06
     2.168  1.965e+06
      2.18  1.867e+06
     2.191  1.774e+06
     2.202  1.686e+06
     2.213  1.603e+06
     2.224  1.527e+06
     2.234  1.456e+06
     2.244   1.39e+06
     2.254  1.328e+06
     2.264   1.27e+06
     2.273  1.217e+06
     2.282  1.167e+06
     2.291  1.119e+06
       2.3  1.076e+06
     2.309  1.036e+06
     2.318  9.979e+05
     2.326  9.609e+05
     2.334  9.272e+05
     2.342  8.946e+05
      2.35  8.633e+05
     2.358   8.34e+05
     2.365  8.056e+05
     2.373  7.784e+05
      2.38  7.525e+05
     2.387  7.279e+05
     2.395  7.046e+05
     2.402  6.823e+05
     2.408  6.612e+05
     2.415  6.409e+05
     2.422  6.213e+05
     2.429  6.027e+05
     2.435  5.849e+05
     2.441  5.679e+05
     2.448  5.515e+05
     2.454   5.36e+05
      2.46   5.21e+05
     2.466  5.067e+05
     2.472  4.929e+05
     2.478  4.796e+05
     2.484  4.669e+05
     2.489  4.547e+05
     2.495   4.43e+05
     2.501  4.317e+05
     2.506  4.208e+05
     2.512  4.104e+05
     2.517  4.003e+05
     2.522  3.906e+05
     2.527  3.813e+05
     2.533  3.722e+05
     2.538  3.635e+05
     2.543  3.551e+05
