     2.017      17.81
     6.051      19.43
     10.08      20.38
     14.12      21.15
     18.15      21.58
     22.19      22.04
     26.22      22.26
     30.25      22.77
     34.29      23.11
     38.32      24.55
     42.36      25.65
     46.39       26.7
     50.42      27.41
     54.46      27.94
     58.49      28.32
     62.52      28.58
     66.56      29.86
     70.59      30.23
     74.63      30.62
     78.66      30.67
     82.69      31.95
     86.73       32.8
     90.76      32.48
     94.79       33.2
     98.83      33.45
     102.9      33.79
     106.9      33.99
     110.9      34.35
       115      34.61
       119      34.31
       123      34.31
     127.1      34.36
     131.1      34.44
     135.1       34.6
     139.2      34.41
     143.2      34.39
     147.2      34.95
     151.3      34.95
     155.3      34.78
     159.3      35.15
     163.4      35.18
     167.4      35.25
     171.4      35.23
     175.5      35.23
     179.5       35.3
     183.5      35.16
     187.6      35.17
     191.6      35.25
     195.6      35.16
     199.7      35.14
     203.7      35.15
     207.7      35.13
     211.8      35.05
     215.8      35.13
     219.8      35.11
     223.9      35.15
     227.9      35.27
     231.9      35.34
       236      35.36
       240      35.42
       244      35.36
     248.1      35.38
     252.1      35.27
     256.1      35.33
     260.2      35.43
     264.2      35.47
     268.2       35.4
     272.3      35.47
     276.3      35.52
     280.4      35.37
     284.4      35.38
     288.4       35.5
     292.5      35.52
     296.5      35.52
     300.5      35.52
     304.6      35.52
     308.6      35.52
     312.6      35.52
     316.7      35.52
     320.7      35.52
     324.7      35.52
     328.8      35.52
     332.8      35.52
     336.8      35.52
     340.9      35.52
     344.9      35.52
     348.9      35.52
