    0.7826  6.269e+08
     1.004  1.181e+08
     1.151  4.467e+07
      1.26  2.644e+07
     1.347  1.405e+07
     1.419  9.296e+06
     1.482  7.861e+06
     1.536  7.564e+06
     1.584  6.072e+06
     1.628  5.385e+06
     1.667  3.904e+06
     1.703  2.265e+06
     1.737   1.71e+06
     1.768  1.195e+06
     1.797  1.541e+06
     1.824  7.882e+05
      1.85   7.36e+05
     1.874  6.148e+05
     1.897  5.407e+05
     1.918  7.997e+05
     1.939  5.749e+05
     1.959  5.062e+05
     1.978  3.189e+05
     1.996  3.893e+05
     2.013  4.884e+05
      2.03  7.427e+05
     2.046  5.218e+05
     2.061  6.221e+05
     2.076   3.47e+05
     2.091   2.03e+05
     2.105  1.352e+05
     2.118  7.205e+04
     2.132  5.677e+04
     2.144  9.148e+04
     2.157  4.326e+04
     2.169  1.166e+05
     2.181  2.838e+04
     2.192  3.163e+04
     2.203   3.99e+04
     2.214  2.128e+04
     2.225   2.92e+04
     2.235  1.999e+04
     2.245  4.408e+04
     2.255   4.89e+04
     2.265  3.729e+04
     2.274  1.775e+04
     2.283  2.147e+04
     2.292          0
     2.301  1.403e+04
      2.31  1.371e+04
     2.318  1.957e+04
     2.327       9541
     2.335  1.894e+04
     2.343  2.453e+04
     2.351  1.493e+04
     2.359  2.345e+04
     2.366  2.897e+04
     2.374  1.432e+04
     2.381  1.695e+04
     2.388       8399
     2.395  1.654e+04
     2.402  1.071e+04
     2.409       5475
     2.416       7733
     2.423       7537
     2.429  1.503e+04
     2.436       2576
     2.442       9855
     2.449          0
     2.455       2418
     2.461          0
     2.467          0
     2.473          0
     2.479          0
     2.484          0
      2.49          0
     2.496          0
     2.501          0
     2.507          0
     2.512          0
     2.518          0
     2.523          0
     2.528          0
     2.533          0
     2.539          0
     2.544          0
