    0.7826  1.255e+09
     1.004  4.022e+08
     1.151  2.036e+08
      1.26  1.261e+08
     1.347  8.575e+07
     1.419  6.239e+07
     1.482  4.792e+07
     1.536  3.846e+07
     1.584  3.166e+07
     1.628  2.667e+07
     1.667  2.272e+07
     1.703  1.945e+07
     1.737  1.683e+07
     1.768  1.467e+07
     1.797  1.298e+07
     1.824  1.151e+07
      1.85  1.028e+07
     1.874  9.232e+06
     1.897  8.341e+06
     1.918  7.606e+06
     1.939  6.952e+06
     1.959  6.379e+06
     1.978  5.864e+06
     1.996  5.417e+06
     2.013  5.031e+06
      2.03  4.707e+06
     2.046  4.403e+06
     2.061  4.138e+06
     2.076  3.881e+06
     2.091   3.64e+06
     2.105  3.417e+06
     2.118  3.211e+06
     2.132  3.023e+06
     2.144  2.853e+06
     2.157  2.695e+06
     2.169  2.554e+06
     2.181  2.419e+06
     2.192  2.295e+06
     2.203  2.181e+06
     2.214  2.074e+06
     2.225  1.976e+06
     2.235  1.884e+06
     2.245  1.799e+06
     2.255   1.72e+06
     2.265  1.646e+06
     2.274  1.576e+06
     2.283  1.511e+06
     2.292  1.449e+06
     2.301  1.391e+06
      2.31  1.336e+06
     2.318  1.285e+06
     2.327  1.236e+06
     2.335  1.191e+06
     2.343  1.148e+06
     2.351  1.107e+06
     2.359  1.069e+06
     2.366  1.033e+06
     2.374   9.98e+05
     2.381   9.65e+05
     2.388  9.334e+05
     2.395  9.036e+05
     2.402   8.75e+05
     2.409  8.476e+05
     2.416  8.216e+05
     2.423  7.967e+05
     2.429  7.732e+05
     2.436  7.504e+05
     2.442  7.288e+05
     2.449  7.078e+05
     2.455  6.878e+05
     2.461  6.685e+05
     2.467  6.501e+05
     2.473  6.324e+05
     2.479  6.154e+05
     2.484  5.991e+05
      2.49  5.835e+05
     2.496  5.684e+05
     2.501  5.539e+05
     2.507    5.4e+05
     2.512  5.266e+05
     2.518  5.137e+05
     2.523  5.012e+05
     2.528  4.892e+05
     2.533  4.776e+05
     2.539  4.665e+05
     2.544  4.557e+05
