     2.021      17.59
     6.062      19.36
      10.1      20.33
     14.15      21.08
     18.19      21.55
     22.23      21.96
     26.27      22.17
     30.31      22.54
     34.35      22.91
      38.4      23.27
     42.44      23.29
     46.48       24.1
     50.52      24.35
     54.56      25.66
      58.6      26.55
     62.64      28.26
     66.69      27.93
     70.73      28.71
     74.77       29.3
     78.81      29.88
     82.85      29.99
     86.89      30.02
     90.94      30.93
     94.98      31.87
     99.02      31.89
     103.1      31.73
     107.1      31.71
     111.1      31.85
     115.2      31.86
     119.2      32.59
     123.3      33.46
     127.3      33.98
     131.4      34.46
     135.4      34.12
     139.4       34.5
     143.5      34.55
     147.5      34.79
     151.6      34.89
     155.6      34.87
     159.6      34.94
     163.7      35.08
     167.7      35.04
     171.8      34.99
     175.8       35.1
     179.9      35.01
     183.9      35.18
     187.9      35.15
       192       35.4
       196      35.36
     200.1      35.23
     204.1      35.19
     208.1      35.21
     212.2      35.27
     216.2      35.22
     220.3      35.15
     224.3      35.18
     228.3      35.08
     232.4      35.21
     236.4      35.19
     240.5      35.28
     244.5      35.22
     248.6      35.24
     252.6      35.38
     256.6      35.39
     260.7      35.25
     264.7       35.2
     268.8      35.31
     272.8      35.37
     276.8      35.33
     280.9      35.46
     284.9      35.41
       289      35.52
       293      35.52
     297.1      35.52
     301.1      35.52
     305.1      35.52
     309.2      35.52
     313.2      35.52
     317.3      35.52
     321.3      35.52
     325.3      35.52
     329.4      35.52
     333.4      35.52
     337.5      35.52
     341.5      35.52
     345.6      35.52
     349.6      35.52
