     6.001  1.185e+09
        10  3.956e+08
        14  2.388e+08
        18  1.523e+08
     22.01  1.013e+08
     26.01  6.371e+07
     30.01  4.534e+07
     34.01  3.502e+07
     38.01  2.737e+07
     42.01  2.143e+07
     46.01  1.853e+07
     50.01  1.493e+07
     54.01  1.139e+07
     58.01  1.084e+07
     62.01  8.916e+06
     66.02  6.982e+06
     70.02  6.605e+06
     74.02  6.106e+06
     78.02  7.109e+06
     82.02  5.458e+06
     86.02  4.806e+06
     90.02  3.972e+06
     94.02  3.512e+06
     98.02  3.761e+06
       102  3.241e+06
       106  2.949e+06
       110  2.358e+06
       114  2.494e+06
       118  2.283e+06
       122  2.072e+06
       126  1.678e+06
       130  1.594e+06
       134  1.467e+06
       138  1.405e+06
       142  1.217e+06
       146   1.25e+06
       150  8.417e+05
       154  8.623e+05
       158  8.034e+05
       162  7.196e+05
       166  8.079e+05
       170  7.676e+05
       174  7.863e+05
       178  7.799e+05
       182  7.412e+05
       186  6.382e+05
       190  6.075e+05
       194  6.091e+05
       198  7.032e+05
       202  6.426e+05
       206  5.561e+05
       210  4.748e+05
     214.1  4.156e+05
     218.1  4.463e+05
     222.1  3.985e+05
     226.1  4.381e+05
     230.1  3.458e+05
     234.1   3.46e+05
     238.1  2.736e+05
     242.1  2.315e+05
     246.1  2.278e+05
     250.1  2.457e+05
     254.1  3.913e+05
     258.1  1.887e+05
     262.1  1.499e+05
     266.1  1.262e+05
     270.1  1.199e+05
     274.1  1.051e+05
     278.1   1.37e+05
     282.1  1.179e+05
     286.1  6.847e+04
     290.1  8.039e+04
     294.1  7.001e+04
     298.1  8.161e+04
     302.1  4.867e+04
     306.1  5.322e+04
     310.1  3.917e+04
     314.1  5.226e+04
     318.1  2.545e+04
     322.1    2.7e+04
     326.1  3.348e+04
     330.1  4.349e+04
     334.1  2.063e+04
     338.1       7796
     342.1  1.284e+04
     346.1       7565
     350.1       1771
