     6.001  1.831e+09
        10  7.546e+08
        14   4.68e+08
        18  3.299e+08
     22.01  2.476e+08
     26.01  1.914e+08
     30.01  1.527e+08
     34.01  1.251e+08
     38.01  1.046e+08
     42.01  8.878e+07
     46.01  7.659e+07
     50.01  6.674e+07
     54.01  5.855e+07
     58.01  5.198e+07
     62.01  4.643e+07
     66.02  4.165e+07
     70.02  3.765e+07
     74.02  3.424e+07
     78.02  3.146e+07
     82.02  2.893e+07
     86.02  2.668e+07
     90.02  2.467e+07
     94.02  2.287e+07
     98.02  2.131e+07
       102  1.989e+07
       106  1.861e+07
       110  1.743e+07
       114  1.638e+07
       118  1.543e+07
       122  1.455e+07
       126  1.374e+07
       130  1.299e+07
       134   1.23e+07
       138  1.167e+07
       142  1.108e+07
       146  1.054e+07
       150  1.002e+07
       154  9.549e+06
       158  9.106e+06
       162  8.692e+06
       166  8.312e+06
       170  7.957e+06
       174  7.627e+06
       178   7.32e+06
       182   7.03e+06
       186  6.756e+06
       190  6.497e+06
       194  6.254e+06
       198   6.03e+06
       202  5.816e+06
       206  5.612e+06
       210  5.416e+06
     214.1  5.229e+06
     218.1  5.054e+06
     222.1  4.886e+06
     226.1  4.729e+06
     230.1  4.576e+06
     234.1  4.432e+06
     238.1  4.292e+06
     242.1  4.158e+06
     246.1   4.03e+06
     250.1  3.909e+06
     254.1  3.798e+06
     258.1  3.686e+06
     262.1  3.578e+06
     266.1  3.474e+06
     270.1  3.375e+06
     274.1   3.28e+06
     278.1  3.189e+06
     282.1  3.102e+06
     286.1  3.017e+06
     290.1  2.936e+06
     294.1  2.858e+06
     298.1  2.784e+06
     302.1  2.711e+06
     306.1  2.642e+06
     310.1  2.575e+06
     314.1   2.51e+06
     318.1  2.448e+06
     322.1  2.388e+06
     326.1   2.33e+06
     330.1  2.274e+06
     334.1   2.22e+06
     338.1  2.168e+06
     342.1  2.118e+06
     346.1  2.069e+06
     350.1  2.022e+06
