    0.7783  1.185e+09
         1  3.956e+08
     1.146  2.388e+08
     1.255  1.523e+08
     1.343  1.013e+08
     1.415  6.371e+07
     1.477  4.534e+07
     1.532  3.502e+07
      1.58  2.737e+07
     1.623  2.143e+07
     1.663  1.853e+07
     1.699  1.493e+07
     1.732  1.139e+07
     1.764  1.084e+07
     1.792  8.916e+06
      1.82  6.982e+06
     1.845  6.605e+06
     1.869  6.106e+06
     1.892  7.109e+06
     1.914  5.458e+06
     1.935  4.806e+06
     1.954  3.972e+06
     1.973  3.512e+06
     1.991  3.761e+06
     2.009  3.241e+06
     2.025  2.949e+06
     2.041  2.358e+06
     2.057  2.494e+06
     2.072  2.283e+06
     2.086  2.072e+06
       2.1  1.678e+06
     2.114  1.594e+06
     2.127  1.467e+06
      2.14  1.405e+06
     2.152  1.217e+06
     2.164   1.25e+06
     2.176  8.417e+05
     2.188  8.623e+05
     2.199  8.034e+05
      2.21  7.196e+05
      2.22  8.079e+05
     2.231  7.676e+05
     2.241  7.863e+05
     2.251  7.799e+05
      2.26  7.412e+05
      2.27  6.382e+05
     2.279  6.075e+05
     2.288  6.091e+05
     2.297  7.032e+05
     2.305  6.426e+05
     2.314  5.561e+05
     2.322  4.748e+05
     2.331  4.156e+05
     2.339  4.463e+05
     2.346  3.985e+05
     2.354  4.381e+05
     2.362  3.458e+05
     2.369   3.46e+05
     2.377  2.736e+05
     2.384  2.315e+05
     2.391  2.278e+05
     2.398  2.457e+05
     2.405  3.913e+05
     2.412  1.887e+05
     2.418  1.499e+05
     2.425  1.262e+05
     2.431  1.199e+05
     2.438  1.051e+05
     2.444   1.37e+05
      2.45  1.179e+05
     2.456  6.847e+04
     2.463  8.039e+04
     2.468  7.001e+04
     2.474  8.161e+04
      2.48  4.867e+04
     2.486  5.322e+04
     2.491  3.917e+04
     2.497  5.226e+04
     2.503  2.545e+04
     2.508    2.7e+04
     2.513  3.348e+04
     2.519  4.349e+04
     2.524  2.063e+04
     2.529       7796
     2.534  1.284e+04
     2.539       7565
     2.544       1771
