    0.7783  1.831e+09
         1  7.546e+08
     1.146   4.68e+08
     1.255  3.299e+08
     1.343  2.476e+08
     1.415  1.914e+08
     1.477  1.527e+08
     1.532  1.251e+08
      1.58  1.046e+08
     1.623  8.878e+07
     1.663  7.659e+07
     1.699  6.674e+07
     1.732  5.855e+07
     1.764  5.198e+07
     1.792  4.643e+07
      1.82  4.165e+07
     1.845  3.765e+07
     1.869  3.424e+07
     1.892  3.146e+07
     1.914  2.893e+07
     1.935  2.668e+07
     1.954  2.467e+07
     1.973  2.287e+07
     1.991  2.131e+07
     2.009  1.989e+07
     2.025  1.861e+07
     2.041  1.743e+07
     2.057  1.638e+07
     2.072  1.543e+07
     2.086  1.455e+07
       2.1  1.374e+07
     2.114  1.299e+07
     2.127   1.23e+07
      2.14  1.167e+07
     2.152  1.108e+07
     2.164  1.054e+07
     2.176  1.002e+07
     2.188  9.549e+06
     2.199  9.106e+06
      2.21  8.692e+06
      2.22  8.312e+06
     2.231  7.957e+06
     2.241  7.627e+06
     2.251   7.32e+06
      2.26   7.03e+06
      2.27  6.756e+06
     2.279  6.497e+06
     2.288  6.254e+06
     2.297   6.03e+06
     2.305  5.816e+06
     2.314  5.612e+06
     2.322  5.416e+06
     2.331  5.229e+06
     2.339  5.054e+06
     2.346  4.886e+06
     2.354  4.729e+06
     2.362  4.576e+06
     2.369  4.432e+06
     2.377  4.292e+06
     2.384  4.158e+06
     2.391   4.03e+06
     2.398  3.909e+06
     2.405  3.798e+06
     2.412  3.686e+06
     2.418  3.578e+06
     2.425  3.474e+06
     2.431  3.375e+06
     2.438   3.28e+06
     2.444  3.189e+06
      2.45  3.102e+06
     2.456  3.017e+06
     2.463  2.936e+06
     2.468  2.858e+06
     2.474  2.784e+06
      2.48  2.711e+06
     2.486  2.642e+06
     2.491  2.575e+06
     2.497   2.51e+06
     2.503  2.448e+06
     2.508  2.388e+06
     2.513   2.33e+06
     2.519  2.274e+06
     2.524   2.22e+06
     2.529  2.168e+06
     2.534  2.118e+06
     2.539  2.069e+06
     2.544  2.022e+06
