         2      18.31
     6.001      19.53
        10      20.05
        14      20.41
        18      20.84
     22.01       21.2
     26.01      21.64
     30.01      21.92
     34.01      22.08
     38.01      22.22
     42.01      22.45
     46.01      22.61
     50.01      22.94
     54.01      23.07
     58.01      23.21
     62.01      23.47
     66.02      23.58
     70.02      23.82
     74.02      23.79
     78.02      23.95
     82.02      24.07
     86.02      24.19
     90.02      24.54
     94.02      24.61
     98.02      24.81
       102      24.92
       106      25.29
       110      25.45
       114      25.41
       118      25.59
       122      26.18
       126      26.24
       130      26.47
       134      26.67
       138      26.86
       142      27.13
       146      27.81
       150      28.39
       154      28.62
       158      29.15
       162      29.19
       166      29.12
       170      29.17
       174      29.74
       178      28.84
       182      29.63
       186       29.9
       190       29.9
       194      30.08
       198      29.92
       202      30.23
       206      30.64
       210      31.12
     214.1      31.07
     218.1      30.77
     222.1      30.58
     226.1      31.04
     230.1      31.47
     234.1      31.85
     238.1      32.49
     242.1      32.31
     246.1      32.34
     250.1      32.44
     254.1       32.4
     258.1      32.63
     262.1      32.77
     266.1      32.94
     270.1      32.41
     274.1      32.64
     278.1      32.65
     282.1      32.56
     286.1      33.47
     290.1      33.08
     294.1      33.19
     298.1      32.58
     302.1      33.23
     306.1      33.03
     310.1      32.75
     314.1      32.62
     318.1      33.37
     322.1      32.95
     326.1      32.84
     330.1      32.77
     334.1      32.98
     338.1      33.48
     342.1       32.6
     346.1      33.99
     350.1      34.21
