     6.068  5.539e+08
     10.11  1.745e+08
     14.16  7.073e+07
      18.2  4.232e+07
     22.25  2.264e+07
     26.29  1.446e+07
     30.34  1.204e+07
     34.38  1.081e+07
     38.43  1.021e+07
     42.47  8.401e+06
     46.52  7.013e+06
     50.56  7.062e+06
     54.61  5.794e+06
     58.65  4.841e+06
      62.7  3.729e+06
     66.74  2.725e+06
     70.79  2.295e+06
     74.84  2.346e+06
     78.88  2.248e+06
     82.93  1.966e+06
     86.97  1.677e+06
     91.02  1.764e+06
     95.06  1.747e+06
     99.11  1.467e+06
     103.2  1.424e+06
     107.2  1.062e+06
     111.2  9.245e+05
     115.3  8.944e+05
     119.3  9.507e+05
     123.4  8.361e+05
     127.4  8.231e+05
     131.5  1.201e+06
     135.5  6.787e+05
     139.6  5.549e+05
     143.6  4.169e+05
     147.6  3.648e+05
     151.7  3.461e+05
     155.7  2.545e+05
     159.8  3.717e+05
     163.8  3.435e+05
     167.9  3.439e+05
     171.9   3.55e+05
       176  3.674e+05
       180  3.529e+05
     184.1  3.307e+05
     188.1  2.951e+05
     192.1  3.021e+05
     196.2  3.684e+05
     200.2  3.343e+05
     204.3  3.205e+05
     208.3  3.813e+05
     212.4  4.185e+05
     216.4  3.626e+05
     220.5  2.705e+05
     224.5  2.705e+05
     228.6   2.82e+05
     232.6  2.736e+05
     236.6  2.172e+05
     240.7  2.141e+05
     244.7  1.623e+05
     248.8  1.489e+05
     252.8  1.348e+05
     256.9  1.024e+05
     260.9  1.165e+05
       265  8.243e+04
       269  7.377e+04
       273  3.373e+04
     277.1  5.389e+04
     281.1  3.627e+04
     285.2  2.924e+04
     289.2  1.419e+04
     293.3  1.157e+04
     297.3       9008
     301.4       4240
     305.4       2273
     309.5       8655
     313.5          0
     317.5          0
     321.6          0
     325.6       2131
     329.7       1927
     333.7          0
     337.8          0
     341.8          0
     345.9          0
     349.9          0
