     6.068  8.832e+08
     10.11  3.517e+08
     14.16  1.956e+08
      18.2  1.285e+08
     22.25  9.042e+07
     26.29  6.721e+07
     30.34  5.257e+07
     34.38  4.278e+07
     38.43  3.595e+07
     42.47  3.071e+07
     46.52   2.66e+07
     50.56  2.348e+07
     54.61  2.086e+07
     58.65  1.866e+07
      62.7  1.673e+07
     66.74  1.504e+07
     70.79  1.358e+07
     74.84  1.237e+07
     78.88  1.133e+07
     82.93  1.042e+07
     86.97  9.605e+06
     91.02  8.908e+06
     95.06  8.299e+06
     99.11  7.741e+06
     103.2  7.246e+06
     107.2  6.779e+06
     111.2  6.354e+06
     115.3  5.971e+06
     119.3  5.631e+06
     123.4  5.316e+06
     127.4  5.031e+06
     131.5  4.795e+06
     135.5   4.55e+06
     139.6  4.318e+06
     143.6  4.098e+06
     147.6  3.894e+06
     151.7  3.705e+06
     155.7  3.525e+06
     159.8  3.366e+06
     163.8  3.217e+06
     167.9  3.078e+06
     171.9   2.95e+06
       176  2.831e+06
       180   2.72e+06
     184.1  2.615e+06
     188.1  2.515e+06
     192.1  2.422e+06
     196.2  2.337e+06
     200.2  2.256e+06
     204.3   2.18e+06
     208.3   2.11e+06
     212.4  2.045e+06
     216.4  1.983e+06
     220.5   1.92e+06
     224.5   1.86e+06
     228.6  1.804e+06
     232.6  1.751e+06
     236.6  1.699e+06
     240.7  1.649e+06
     244.7    1.6e+06
     248.8  1.553e+06
     252.8  1.507e+06
     256.9  1.463e+06
     260.9  1.421e+06
       265   1.38e+06
       269  1.341e+06
       273  1.302e+06
     277.1  1.266e+06
     281.1   1.23e+06
     285.2  1.196e+06
     289.2  1.163e+06
     293.3  1.132e+06
     297.3  1.101e+06
     301.4  1.072e+06
     305.4  1.043e+06
     309.5  1.016e+06
     313.5    9.9e+05
     317.5  9.648e+05
     321.6  9.405e+05
     325.6  9.172e+05
     329.7  8.947e+05
     333.7   8.73e+05
     337.8  8.521e+05
     341.8  8.319e+05
     345.9  8.125e+05
     349.9  7.937e+05
