     0.783  8.832e+08
     1.005  3.517e+08
     1.151  1.956e+08
      1.26  1.285e+08
     1.347  9.042e+07
      1.42  6.721e+07
     1.482  5.257e+07
     1.536  4.278e+07
     1.585  3.595e+07
     1.628  3.071e+07
     1.668   2.66e+07
     1.704  2.348e+07
     1.737  2.086e+07
     1.768  1.866e+07
     1.797  1.673e+07
     1.824  1.504e+07
      1.85  1.358e+07
     1.874  1.237e+07
     1.897  1.133e+07
     1.919  1.042e+07
     1.939  9.605e+06
     1.959  8.908e+06
     1.978  8.299e+06
     1.996  7.741e+06
     2.013  7.246e+06
      2.03  6.779e+06
     2.046  6.354e+06
     2.062  5.971e+06
     2.077  5.631e+06
     2.091  5.316e+06
     2.105  5.031e+06
     2.119  4.795e+06
     2.132   4.55e+06
     2.145  4.318e+06
     2.157  4.098e+06
     2.169  3.894e+06
     2.181  3.705e+06
     2.192  3.525e+06
     2.204  3.366e+06
     2.214  3.217e+06
     2.225  3.078e+06
     2.235   2.95e+06
     2.245  2.831e+06
     2.255   2.72e+06
     2.265  2.615e+06
     2.274  2.515e+06
     2.284  2.422e+06
     2.293  2.337e+06
     2.302  2.256e+06
      2.31   2.18e+06
     2.319   2.11e+06
     2.327  2.045e+06
     2.335  1.983e+06
     2.343   1.92e+06
     2.351   1.86e+06
     2.359  1.804e+06
     2.367  1.751e+06
     2.374  1.699e+06
     2.381  1.649e+06
     2.389    1.6e+06
     2.396  1.553e+06
     2.403  1.507e+06
      2.41  1.463e+06
     2.416  1.421e+06
     2.423   1.38e+06
      2.43  1.341e+06
     2.436  1.302e+06
     2.443  1.266e+06
     2.449   1.23e+06
     2.455  1.196e+06
     2.461  1.163e+06
     2.467  1.132e+06
     2.473  1.101e+06
     2.479  1.072e+06
     2.485  1.043e+06
     2.491  1.016e+06
     2.496    9.9e+05
     2.502  9.648e+05
     2.507  9.405e+05
     2.513  9.172e+05
     2.518  8.947e+05
     2.523   8.73e+05
     2.529  8.521e+05
     2.534  8.319e+05
     2.539  8.125e+05
     2.544  7.937e+05
