     0.783  5.539e+08
     1.005  1.745e+08
     1.151  7.073e+07
      1.26  4.232e+07
     1.347  2.264e+07
      1.42  1.446e+07
     1.482  1.204e+07
     1.536  1.081e+07
     1.585  1.021e+07
     1.628  8.401e+06
     1.668  7.013e+06
     1.704  7.062e+06
     1.737  5.794e+06
     1.768  4.841e+06
     1.797  3.729e+06
     1.824  2.725e+06
      1.85  2.295e+06
     1.874  2.346e+06
     1.897  2.248e+06
     1.919  1.966e+06
     1.939  1.677e+06
     1.959  1.764e+06
     1.978  1.747e+06
     1.996  1.467e+06
     2.013  1.424e+06
      2.03  1.062e+06
     2.046  9.245e+05
     2.062  8.944e+05
     2.077  9.507e+05
     2.091  8.361e+05
     2.105  8.231e+05
     2.119  1.201e+06
     2.132  6.787e+05
     2.145  5.549e+05
     2.157  4.169e+05
     2.169  3.648e+05
     2.181  3.461e+05
     2.192  2.545e+05
     2.204  3.717e+05
     2.214  3.435e+05
     2.225  3.439e+05
     2.235   3.55e+05
     2.245  3.674e+05
     2.255  3.529e+05
     2.265  3.307e+05
     2.274  2.951e+05
     2.284  3.021e+05
     2.293  3.684e+05
     2.302  3.343e+05
      2.31  3.205e+05
     2.319  3.813e+05
     2.327  4.185e+05
     2.335  3.626e+05
     2.343  2.705e+05
     2.351  2.705e+05
     2.359   2.82e+05
     2.367  2.736e+05
     2.374  2.172e+05
     2.381  2.141e+05
     2.389  1.623e+05
     2.396  1.489e+05
     2.403  1.348e+05
      2.41  1.024e+05
     2.416  1.165e+05
     2.423  8.243e+04
      2.43  7.377e+04
     2.436  3.373e+04
     2.443  5.389e+04
     2.449  3.627e+04
     2.455  2.924e+04
     2.461  1.419e+04
     2.467  1.157e+04
     2.473       9008
     2.479       4240
     2.485       2273
     2.491       8655
     2.496          0
     2.502          0
     2.507          0
     2.513       2131
     2.518       1927
     2.523          0
     2.529          0
     2.534          0
     2.539          0
     2.544          0
