     2.023      18.51
     6.068      19.78
     10.11      20.65
     14.16      21.23
      18.2      21.56
     22.25      22.21
     26.29      22.32
     30.34      22.31
     34.38      22.51
     38.43      22.63
     42.47      22.99
     46.52      23.51
     50.56      23.86
     54.61      24.07
     58.65      24.65
      62.7      24.82
     66.74      25.16
     70.79      25.12
     74.84      25.74
     78.88      26.46
     82.93      26.54
     86.97      26.92
     91.02      26.62
     95.06      27.41
     99.11      27.48
     103.2      28.09
     107.2      28.62
     111.2      28.84
     115.3       28.6
     119.3      29.52
     123.4      29.95
     127.4      29.76
     131.5      30.13
     135.5      30.73
     139.6      30.85
     143.6      31.57
     147.6       31.2
     151.7       31.9
     155.7      31.63
     159.8      31.53
     163.8      31.77
     167.9      31.89
     171.9      31.91
       176      32.24
       180       32.1
     184.1      32.23
     188.1      32.27
     192.1      32.31
     196.2      32.34
     200.2      32.94
     204.3      32.79
     208.3      32.76
     212.4      32.91
     216.4      33.08
     220.5      33.08
     224.5      33.15
     228.6      32.95
     232.6      33.13
     236.6      33.35
     240.7      33.58
     244.7      33.71
     248.8      33.97
     252.8      34.05
     256.9      34.35
     260.9      34.44
       265      34.46
       269      34.41
       273      34.38
     277.1      34.47
     281.1      34.39
     285.2      34.79
     289.2      34.87
     293.3      34.96
     297.3      35.21
     301.4      35.21
     305.4      35.01
     309.5      35.16
     313.5      35.52
     317.5      35.49
     321.6      35.27
     325.6      35.25
     329.7      35.45
     333.7      35.52
     337.8      35.52
     341.8      35.52
     345.9      35.52
     349.9      35.52
