     6.063  3.997e+08
      10.1  4.026e+07
     14.15  2.133e+07
     18.19  1.088e+07
     22.23  6.256e+06
     26.27  3.688e+06
     30.31  3.575e+06
     34.36  3.141e+06
      38.4  2.009e+06
     42.44  1.663e+06
     46.48  7.657e+05
     50.52  6.611e+05
     54.57  4.028e+05
     58.61  2.611e+05
     62.65  2.557e+05
     66.69   4.26e+05
     70.73  5.152e+05
     74.78  9.346e+05
     78.82  5.229e+05
     82.86  3.103e+05
      86.9  2.262e+05
     90.94  2.182e+05
     94.98  1.937e+05
     99.03  1.574e+05
     103.1  1.104e+05
     107.1  1.091e+05
     111.2  3.841e+04
     115.2   6.78e+04
     119.2  7.826e+04
     123.3  3.419e+04
     127.3  5.817e+04
     131.4  4.325e+04
     135.4  3.191e+04
     139.4       6696
     143.5          0
     147.5       9313
     151.6  2.925e+04
     155.6  1.762e+04
     159.7       8474
     163.7       8676
     167.7       8350
     171.8       4146
     175.8          0
     179.9       3767
     183.9  1.192e+04
     187.9       3914
       192       7481
       196          0
     200.1       3571
     204.1          0
     208.2          0
     212.2          0
     216.2       6368
     220.3          0
     224.3          0
     228.4          0
     232.4          0
     236.5          0
     240.5          0
     244.5          0
     248.6          0
     252.6          0
     256.7          0
     260.7          0
     264.7          0
     268.8          0
     272.8          0
     276.9          0
     280.9          0
       285          0
       289          0
       293          0
     297.1          0
     301.1          0
     305.2          0
     309.2          0
     313.2          0
     317.3          0
     321.3          0
     325.4          0
     329.4          0
     333.5          0
     337.5          0
     341.5          0
     345.6          0
     349.6          0
