    0.7827  3.997e+08
     1.005  4.026e+07
     1.151  2.133e+07
      1.26  1.088e+07
     1.347  6.256e+06
      1.42  3.688e+06
     1.482  3.575e+06
     1.536  3.141e+06
     1.584  2.009e+06
     1.628  1.663e+06
     1.667  7.657e+05
     1.703  6.611e+05
     1.737  4.028e+05
     1.768  2.611e+05
     1.797  2.557e+05
     1.824   4.26e+05
      1.85  5.152e+05
     1.874  9.346e+05
     1.897  5.229e+05
     1.918  3.103e+05
     1.939  2.262e+05
     1.959  2.182e+05
     1.978  1.937e+05
     1.996  1.574e+05
     2.013  1.104e+05
      2.03  1.091e+05
     2.046  3.841e+04
     2.061   6.78e+04
     2.076  7.826e+04
     2.091  3.419e+04
     2.105  5.817e+04
     2.118  4.325e+04
     2.132  3.191e+04
     2.144       6696
     2.157          0
     2.169       9313
     2.181  2.925e+04
     2.192  1.762e+04
     2.203       8474
     2.214       8676
     2.225       8350
     2.235       4146
     2.245          0
     2.255       3767
     2.265  1.192e+04
     2.274       3914
     2.283       7481
     2.292          0
     2.301       3571
      2.31          0
     2.318          0
     2.327          0
     2.335       6368
     2.343          0
     2.351          0
     2.359          0
     2.366          0
     2.374          0
     2.381          0
     2.388          0
     2.395          0
     2.402          0
     2.409          0
     2.416          0
     2.423          0
     2.429          0
     2.436          0
     2.442          0
     2.449          0
     2.455          0
     2.461          0
     2.467          0
     2.473          0
     2.479          0
     2.485          0
      2.49          0
     2.496          0
     2.501          0
     2.507          0
     2.512          0
     2.518          0
     2.523          0
     2.528          0
     2.533          0
     2.539          0
     2.544          0
