     2.021      16.71
     6.063      19.61
      10.1      20.88
     14.15      21.55
     18.19      22.34
     22.23      23.66
     26.27      25.74
     30.31      26.45
     34.36         27
      38.4      28.18
     42.44      29.54
     46.48      30.51
     50.52      30.82
     54.57      31.17
     58.61      32.11
     62.65         32
     66.69      32.39
     70.73      32.44
     74.78      31.64
     78.82       31.8
     82.86      32.26
      86.9      32.45
     90.94      32.57
     94.98      33.22
     99.03      33.65
     103.1      34.05
     107.1      34.42
     111.2      34.57
     115.2      34.44
     119.2       34.6
     123.3      34.63
     127.3      34.79
     131.4      34.89
     135.4      35.15
     139.4      35.46
     143.5      35.37
     147.5      35.14
     151.6      35.19
     155.6      35.23
     159.7      35.38
     163.7      35.31
     167.7      35.43
     171.8      35.48
     175.8      35.48
     179.9      35.38
     183.9      35.42
     187.9      35.42
       192      35.46
       196      35.47
     200.1       35.5
     204.1      35.52
     208.2      35.52
     212.2       35.5
     216.2      35.47
     220.3      35.52
     224.3      35.52
     228.4      35.52
     232.4      35.52
     236.5      35.52
     240.5      35.52
     244.5      35.52
     248.6      35.52
     252.6      35.52
     256.7      35.52
     260.7      35.52
     264.7      35.52
     268.8      35.52
     272.8      35.52
     276.9      35.52
     280.9      35.52
       285      35.52
       289      35.52
       293      35.52
     297.1      35.52
     301.1      35.52
     305.2      35.52
     309.2      35.52
     313.2      35.52
     317.3      35.52
     321.3      35.52
     325.4      35.52
     329.4      35.52
     333.5      35.52
     337.5      35.52
     341.5      35.52
     345.6      35.52
     349.6      35.52
