     6.003  8.992e+08
        10  2.862e+08
     14.01   1.51e+08
     18.01  9.749e+07
     22.01  6.807e+07
     26.01  5.069e+07
     30.01  3.917e+07
     34.01  3.101e+07
     38.02  2.513e+07
     42.02  2.082e+07
     46.02  1.752e+07
     50.02  1.497e+07
     54.02  1.288e+07
     58.03  1.122e+07
     62.03  9.879e+06
     66.03  8.754e+06
     70.03  7.825e+06
     74.03  7.037e+06
     78.03  6.363e+06
     82.04  5.781e+06
     86.04   5.27e+06
     90.04  4.818e+06
     94.04  4.428e+06
     98.04  4.083e+06
       102  3.778e+06
       106  3.511e+06
       110  3.264e+06
       114  3.048e+06
     118.1  2.847e+06
     122.1  2.668e+06
     126.1  2.501e+06
     130.1  2.349e+06
     134.1  2.213e+06
     138.1   2.09e+06
     142.1  1.974e+06
     146.1   1.87e+06
     150.1  1.774e+06
     154.1  1.686e+06
     158.1  1.603e+06
     162.1  1.527e+06
     166.1  1.455e+06
     170.1  1.387e+06
     174.1  1.324e+06
     178.1  1.264e+06
     182.1  1.209e+06
     186.1  1.158e+06
     190.1   1.11e+06
     194.1  1.064e+06
     198.1  1.022e+06
     202.1  9.814e+05
     206.1  9.433e+05
     210.1  9.073e+05
     214.1  8.735e+05
     218.1  8.415e+05
     222.1  8.112e+05
     226.1  7.826e+05
     230.1  7.555e+05
     234.1  7.302e+05
     238.1  7.057e+05
     242.1  6.826e+05
     246.1  6.605e+05
     250.1  6.398e+05
     254.1  6.196e+05
     258.1  6.004e+05
     262.1  5.822e+05
     266.1  5.647e+05
     270.1  5.481e+05
     274.1  5.321e+05
     278.1  5.168e+05
     282.1  5.021e+05
     286.1  4.881e+05
     290.1  4.746e+05
     294.1  4.617e+05
     298.1  4.493e+05
     302.1  4.374e+05
     306.1   4.26e+05
     310.1   4.15e+05
     314.1  4.044e+05
     318.1  3.942e+05
     322.1  3.844e+05
     326.1   3.75e+05
     330.1  3.659e+05
     334.1  3.571e+05
     338.1  3.487e+05
     342.1  3.405e+05
     346.2  3.327e+05
     350.2  3.251e+05
