     6.003  4.215e+08
        10  8.185e+07
     14.01  4.285e+07
     18.01  2.869e+07
     22.01  1.577e+07
     26.01  1.119e+07
     30.01  7.257e+06
     34.01  4.371e+06
     38.02  2.995e+06
     42.02  2.427e+06
     46.02  1.803e+06
     50.02  1.566e+06
     54.02  8.234e+05
     58.03  8.677e+05
     62.03  7.932e+05
     66.03  5.906e+05
     70.03  6.211e+05
     74.03  5.252e+05
     78.03  4.668e+05
     82.04   3.91e+05
     86.04  2.889e+05
     90.04  1.774e+05
     94.04   2.33e+05
     98.04  1.979e+05
       102   1.93e+05
       106  2.367e+05
       110  1.224e+05
       114  1.745e+05
     118.1  9.518e+04
     122.1  1.035e+05
     126.1  4.098e+04
     130.1  3.306e+04
     134.1  7.617e+04
     138.1  8.078e+04
     142.1  4.074e+04
     146.1  7.376e+04
     150.1  7.386e+04
     154.1  7.999e+04
     158.1  4.059e+04
     162.1  5.734e+04
     166.1   3.38e+04
     170.1  2.049e+04
     174.1       4263
     178.1          0
     182.1  1.236e+04
     186.1   1.76e+04
     190.1  1.702e+04
     194.1       3728
     198.1       3821
     202.1       7580
     206.1          0
     210.1          0
     214.1       3587
     218.1          0
     222.1          0
     226.1       3188
     230.1       3130
     234.1  1.555e+04
     238.1       3224
     242.1       5750
     246.1       3001
     250.1  1.351e+04
     254.1          0
     258.1          0
     262.1       2556
     266.1       2564
     270.1       2477
     274.1          0
     278.1          0
     282.1          0
     286.1          0
     290.1          0
     294.1          0
     298.1          0
     302.1          0
     306.1          0
     310.1          0
     314.1          0
     318.1          0
     322.1          0
     326.1          0
     330.1          0
     334.1          0
     338.1          0
     342.1          0
     346.2          0
     350.2          0
