    0.7783  8.992e+08
         1  2.862e+08
     1.146   1.51e+08
     1.255  9.749e+07
     1.343  6.807e+07
     1.415  5.069e+07
     1.477  3.917e+07
     1.532  3.101e+07
      1.58  2.513e+07
     1.623  2.082e+07
     1.663  1.752e+07
     1.699  1.497e+07
     1.733  1.288e+07
     1.764  1.122e+07
     1.793  9.879e+06
      1.82  8.754e+06
     1.845  7.825e+06
     1.869  7.037e+06
     1.892  6.363e+06
     1.914  5.781e+06
     1.935   5.27e+06
     1.954  4.818e+06
     1.973  4.428e+06
     1.991  4.083e+06
     2.009  3.778e+06
     2.025  3.511e+06
     2.042  3.264e+06
     2.057  3.048e+06
     2.072  2.847e+06
     2.087  2.668e+06
     2.101  2.501e+06
     2.114  2.349e+06
     2.127  2.213e+06
      2.14   2.09e+06
     2.152  1.974e+06
     2.165   1.87e+06
     2.176  1.774e+06
     2.188  1.686e+06
     2.199  1.603e+06
      2.21  1.527e+06
      2.22  1.455e+06
     2.231  1.387e+06
     2.241  1.324e+06
     2.251  1.264e+06
      2.26  1.209e+06
      2.27  1.158e+06
     2.279   1.11e+06
     2.288  1.064e+06
     2.297  1.022e+06
     2.306  9.814e+05
     2.314  9.433e+05
     2.322  9.073e+05
     2.331  8.735e+05
     2.339  8.415e+05
     2.347  8.112e+05
     2.354  7.826e+05
     2.362  7.555e+05
     2.369  7.302e+05
     2.377  7.057e+05
     2.384  6.826e+05
     2.391  6.605e+05
     2.398  6.398e+05
     2.405  6.196e+05
     2.412  6.004e+05
     2.418  5.822e+05
     2.425  5.647e+05
     2.432  5.481e+05
     2.438  5.321e+05
     2.444  5.168e+05
      2.45  5.021e+05
     2.457  4.881e+05
     2.463  4.746e+05
     2.469  4.617e+05
     2.474  4.493e+05
      2.48  4.374e+05
     2.486   4.26e+05
     2.492   4.15e+05
     2.497  4.044e+05
     2.503  3.942e+05
     2.508  3.844e+05
     2.513   3.75e+05
     2.519  3.659e+05
     2.524  3.571e+05
     2.529  3.487e+05
     2.534  3.405e+05
     2.539  3.327e+05
     2.544  3.251e+05
