    0.7783  4.215e+08
         1  8.185e+07
     1.146  4.285e+07
     1.255  2.869e+07
     1.343  1.577e+07
     1.415  1.119e+07
     1.477  7.257e+06
     1.532  4.371e+06
      1.58  2.995e+06
     1.623  2.427e+06
     1.663  1.803e+06
     1.699  1.566e+06
     1.733  8.234e+05
     1.764  8.677e+05
     1.793  7.932e+05
      1.82  5.906e+05
     1.845  6.211e+05
     1.869  5.252e+05
     1.892  4.668e+05
     1.914   3.91e+05
     1.935  2.889e+05
     1.954  1.774e+05
     1.973   2.33e+05
     1.991  1.979e+05
     2.009   1.93e+05
     2.025  2.367e+05
     2.042  1.224e+05
     2.057  1.745e+05
     2.072  9.518e+04
     2.087  1.035e+05
     2.101  4.098e+04
     2.114  3.306e+04
     2.127  7.617e+04
      2.14  8.078e+04
     2.152  4.074e+04
     2.165  7.376e+04
     2.176  7.386e+04
     2.188  7.999e+04
     2.199  4.059e+04
      2.21  5.734e+04
      2.22   3.38e+04
     2.231  2.049e+04
     2.241       4263
     2.251          0
      2.26  1.236e+04
      2.27   1.76e+04
     2.279  1.702e+04
     2.288       3728
     2.297       3821
     2.306       7580
     2.314          0
     2.322          0
     2.331       3587
     2.339          0
     2.347          0
     2.354       3188
     2.362       3130
     2.369  1.555e+04
     2.377       3224
     2.384       5750
     2.391       3001
     2.398  1.351e+04
     2.405          0
     2.412          0
     2.418       2556
     2.425       2564
     2.432       2477
     2.438          0
     2.444          0
      2.45          0
     2.457          0
     2.463          0
     2.469          0
     2.474          0
      2.48          0
     2.486          0
     2.492          0
     2.497          0
     2.503          0
     2.508          0
     2.513          0
     2.519          0
     2.524          0
     2.529          0
     2.534          0
     2.539          0
     2.544          0
