     2.001  5.408e+10
     6.003  1.018e+11
        10  1.296e+11
     14.01  1.538e+11
     18.01  1.766e+11
     22.01  1.926e+11
     26.01  2.066e+11
     30.01  2.172e+11
     34.01  2.247e+11
     38.02  2.304e+11
     42.02  2.356e+11
     46.02  2.399e+11
     50.02   2.44e+11
     54.02  2.463e+11
     58.03   2.49e+11
     62.03  2.516e+11
     66.03  2.537e+11
     70.03   2.56e+11
     74.03  2.581e+11
     78.03    2.6e+11
     82.04  2.618e+11
     86.04  2.631e+11
     90.04   2.64e+11
     94.04  2.651e+11
     98.04  2.662e+11
       102  2.673e+11
       106  2.686e+11
       110  2.694e+11
       114  2.705e+11
     118.1  2.711e+11
     122.1  2.718e+11
     126.1   2.72e+11
     130.1  2.723e+11
     134.1  2.728e+11
     138.1  2.735e+11
     142.1  2.738e+11
     146.1  2.744e+11
     150.1   2.75e+11
     154.1  2.757e+11
     158.1   2.76e+11
     162.1  2.765e+11
     166.1  2.768e+11
     170.1   2.77e+11
     174.1  2.771e+11
     178.1  2.771e+11
     182.1  2.772e+11
     186.1  2.774e+11
     190.1  2.775e+11
     194.1  2.776e+11
     198.1  2.776e+11
     202.1  2.777e+11
     206.1  2.777e+11
     210.1  2.777e+11
     214.1  2.778e+11
     218.1  2.778e+11
     222.1  2.778e+11
     226.1  2.778e+11
     230.1  2.778e+11
     234.1   2.78e+11
     238.1  2.781e+11
     242.1  2.782e+11
     246.1  2.782e+11
     250.1  2.784e+11
     254.1  2.784e+11
     258.1  2.784e+11
     262.1  2.784e+11
     266.1  2.785e+11
     270.1  2.785e+11
     274.1  2.785e+11
     278.1  2.785e+11
     282.1  2.785e+11
     286.1  2.785e+11
     290.1  2.785e+11
     294.1  2.785e+11
     298.1  2.785e+11
     302.1  2.785e+11
     306.1  2.785e+11
     310.1  2.785e+11
     314.1  2.785e+11
     318.1  2.785e+11
     322.1  2.785e+11
     326.1  2.785e+11
     330.1  2.785e+11
     334.1  2.785e+11
     338.1  2.785e+11
     342.1  2.785e+11
     346.2  2.785e+11
     350.2  2.785e+11
