     2.001      17.85
     6.003      19.73
        10      20.63
     14.01      21.09
     18.01      21.53
     22.01      21.91
     26.01       22.5
     30.01      23.28
     34.01      24.04
     38.02      25.02
     42.02      25.96
     46.02      26.54
     50.02       28.2
     54.02      28.37
     58.03      28.74
     62.03      29.03
     66.03      29.71
     70.03      29.76
     74.03      29.52
     78.03      30.73
     82.04      31.52
     86.04      32.14
     90.04      32.84
     94.04      33.24
     98.04       33.6
       102      33.53
       106      33.66
       110      33.97
       114      33.89
     118.1      34.35
     122.1      34.51
     126.1      34.84
     130.1      34.79
     134.1      34.47
     138.1      34.66
     142.1      34.78
     146.1      34.52
     150.1      34.88
     154.1      34.91
     158.1      34.98
     162.1      34.91
     166.1      34.99
     170.1      35.25
     174.1      35.44
     178.1      35.39
     182.1      35.27
     186.1      35.22
     190.1      35.33
     194.1      35.48
     198.1      35.45
     202.1      35.49
     206.1      35.52
     210.1      35.46
     214.1      35.49
     218.1      35.52
     222.1       35.5
     226.1      35.45
     230.1       35.4
     234.1      35.39
     238.1      35.39
     242.1      35.42
     246.1      35.43
     250.1      35.45
     254.1      35.54
     258.1       35.5
     262.1      35.44
     266.1      35.38
     270.1      35.52
     274.1      35.52
     278.1      35.52
     282.1      35.52
     286.1      35.52
     290.1      35.52
     294.1      35.52
     298.1      35.52
     302.1      35.52
     306.1      35.52
     310.1      35.52
     314.1      35.52
     318.1      35.52
     322.1      35.52
     326.1      35.52
     330.1      35.52
     334.1      35.52
     338.1      35.52
     342.1      35.52
     346.2      35.52
     350.2      35.52
