     2.001  1.676e-16
     6.003  2.333e-17
        10  1.018e-17
     14.01    7.3e-18
     18.01  5.287e-18
     22.01  3.567e-18
     26.01  2.634e-18
     30.01   1.57e-18
     34.01  1.005e-18
     38.02  9.995e-19
     42.02  7.298e-19
     46.02   7.45e-19
     50.02  4.583e-19
     54.02  3.232e-19
     58.03  2.998e-19
     62.03  2.792e-19
     66.03  2.398e-19
     70.03  2.443e-19
     74.03  2.231e-19
     78.03  1.817e-19
     82.04  1.206e-19
     86.04   1.19e-19
     90.04  7.756e-20
     94.04  7.728e-20
     98.04  8.267e-20
       102  8.321e-20
       106  7.144e-20
       110   5.12e-20
       114  7.533e-20
     118.1  3.567e-20
     122.1  4.136e-20
     126.1  1.429e-20
     130.1  1.782e-20
     134.1  3.328e-20
     138.1  2.596e-20
     142.1  1.783e-20
     146.1  2.917e-20
     150.1  2.363e-20
     154.1  2.858e-20
     158.1  2.032e-20
     162.1  1.833e-20
     166.1  1.045e-20
     170.1  3.836e-21
     174.1  1.753e-21
     178.1  4.034e-21
     182.1  1.286e-20
     186.1  1.921e-20
     190.1  5.098e-21
     194.1  1.053e-21
     198.1  7.846e-21
     202.1  8.358e-22
     206.1      1e-23
     210.1  2.522e-21
     214.1  6.695e-22
     218.1      1e-23
     222.1  1.044e-22
     226.1  2.334e-21
     230.1  2.327e-21
     234.1  4.138e-21
     238.1  2.955e-21
     242.1  2.758e-21
     246.1  4.474e-21
     250.1  3.222e-21
     254.1  9.984e-24
     258.1  1.347e-22
     262.1   1.09e-21
     266.1  2.525e-21
     270.1  5.109e-23
     274.1      1e-23
     278.1      1e-23
     282.1      1e-23
     286.1      1e-23
     290.1      1e-23
     294.1      1e-23
     298.1      1e-23
     302.1      1e-23
     306.1      1e-23
     310.1      1e-23
     314.1      1e-23
     318.1      1e-23
     322.1      1e-23
     326.1      1e-23
     330.1      1e-23
     334.1      1e-23
     338.1      1e-23
     342.1      1e-23
     346.2      1e-23
     350.2      1e-23
