     2.001      17.46
     6.003       19.6
        10       20.5
     14.01      20.86
     18.01      21.21
     22.01      21.64
     26.01      21.96
     30.01      22.53
     34.01      23.01
     38.02      23.02
     42.02      23.36
     46.02      23.34
     50.02      23.86
     54.02      24.24
     58.03      24.32
     62.03       24.4
     66.03      24.57
     70.03      24.55
     74.03      24.64
     78.03      24.87
     82.04      25.31
     86.04      25.33
     90.04      25.79
     94.04       25.8
     98.04      25.72
       102      25.72
       106      25.88
       110      26.24
       114      25.82
     118.1      26.64
     122.1      26.47
     126.1      27.63
     130.1      27.39
     134.1      26.71
     138.1      26.98
     142.1      27.39
     146.1      26.85
     150.1      27.08
     154.1      26.88
     158.1      27.25
     162.1      27.36
     166.1      27.97
     170.1      29.06
     174.1      29.91
     178.1         29
     182.1      27.74
     186.1      27.31
     190.1      28.75
     194.1      30.46
     198.1      28.28
     202.1      30.71
     206.1      35.52
     210.1      29.51
     214.1      30.95
     218.1      35.52
     222.1      32.97
     226.1       29.6
     230.1       29.6
     234.1      28.97
     238.1      29.34
     242.1      29.41
     246.1      28.89
     250.1      29.25
     254.1      35.52
     258.1      32.69
     262.1      30.42
     266.1      29.51
     270.1      33.75
     274.1      35.52
     278.1      35.52
     282.1      35.52
     286.1      35.52
     290.1      35.52
     294.1      35.52
     298.1      35.52
     302.1      35.52
     306.1      35.52
     310.1      35.52
     314.1      35.52
     318.1      35.52
     322.1      35.52
     326.1      35.52
     330.1      35.52
     334.1      35.52
     338.1      35.52
     342.1      35.52
     346.2      35.52
     350.2      35.52
