     6.002  1.201e+09
        10  5.453e+08
     14.01  3.352e+08
     18.01  2.329e+08
     22.01   1.77e+08
     26.01  1.431e+08
     30.01   1.18e+08
     34.01  9.974e+07
     38.02  8.669e+07
     42.02  7.686e+07
     46.02  6.852e+07
     50.02   6.14e+07
     54.02  5.549e+07
     58.02  5.017e+07
     62.02  4.575e+07
     66.03    4.2e+07
     70.03  3.862e+07
     74.03  3.564e+07
     78.03  3.309e+07
     82.03  3.081e+07
     86.03  2.874e+07
     90.04  2.693e+07
     94.04   2.53e+07
     98.04   2.38e+07
       102  2.245e+07
       106  2.123e+07
       110  2.011e+07
       114  1.912e+07
       118  1.817e+07
       122  1.724e+07
       126  1.638e+07
     130.1  1.558e+07
     134.1  1.484e+07
     138.1  1.419e+07
     142.1  1.359e+07
     146.1  1.303e+07
     150.1   1.25e+07
     154.1  1.199e+07
     158.1  1.152e+07
     162.1  1.107e+07
     166.1  1.065e+07
     170.1  1.025e+07
     174.1  9.879e+06
     178.1  9.533e+06
     182.1  9.222e+06
     186.1  8.919e+06
     190.1  8.626e+06
     194.1  8.351e+06
     198.1  8.087e+06
     202.1   7.84e+06
     206.1  7.605e+06
     210.1  7.371e+06
     214.1  7.146e+06
     218.1  6.932e+06
     222.1  6.725e+06
     226.1  6.531e+06
     230.1  6.343e+06
     234.1  6.157e+06
     238.1  5.981e+06
     242.1  5.813e+06
     246.1  5.655e+06
     250.1  5.502e+06
     254.1   5.36e+06
     258.1  5.219e+06
     262.1  5.077e+06
     266.1  4.939e+06
     270.1  4.802e+06
     274.1   4.67e+06
     278.1  4.542e+06
     282.1  4.419e+06
     286.1  4.301e+06
     290.1  4.187e+06
     294.1  4.077e+06
     298.1  3.971e+06
     302.1  3.869e+06
     306.1  3.771e+06
     310.1  3.676e+06
     314.1  3.585e+06
     318.1  3.496e+06
     322.1   3.41e+06
     326.1  3.328e+06
     330.1  3.248e+06
     334.1  3.171e+06
     338.1  3.096e+06
     342.1  3.024e+06
     346.1  2.954e+06
     350.1  2.887e+06
