     6.002  8.656e+08
        10  3.268e+08
     14.01  1.671e+08
     18.01  1.013e+08
     22.01  7.778e+07
     26.01  6.608e+07
     30.01  4.832e+07
     34.01  4.018e+07
     38.02  3.757e+07
     42.02  3.491e+07
     46.02  2.885e+07
     50.02  2.389e+07
     54.02  2.145e+07
     58.02  1.692e+07
     62.02  1.587e+07
     66.03  1.476e+07
     70.03  1.241e+07
     74.03  1.106e+07
     78.03  1.071e+07
     82.03  9.695e+06
     86.03  8.547e+06
     90.04  8.384e+06
     94.04  7.805e+06
     98.04  6.873e+06
       102  6.559e+06
       106   6.36e+06
       110  5.836e+06
       114  5.898e+06
       118  5.185e+06
       122  3.964e+06
       126  3.668e+06
     130.1  3.349e+06
     134.1  3.284e+06
     138.1  3.548e+06
     142.1  3.476e+06
     146.1  3.395e+06
     150.1  3.105e+06
     154.1  2.655e+06
     158.1  2.689e+06
     162.1  2.442e+06
     166.1   2.45e+06
     170.1  2.134e+06
     174.1  2.138e+06
     178.1  2.182e+06
     182.1  2.447e+06
     186.1  2.171e+06
     190.1  1.958e+06
     194.1  1.963e+06
     198.1  1.819e+06
     202.1  1.847e+06
     206.1  1.788e+06
     210.1  1.469e+06
     214.1  1.335e+06
     218.1  1.329e+06
     222.1  1.175e+06
     226.1  1.241e+06
     230.1  1.125e+06
     234.1  9.136e+05
     238.1  9.332e+05
     242.1  8.712e+05
     246.1  9.548e+05
     250.1  9.022e+05
     254.1  9.694e+05
     258.1  8.219e+05
     262.1  5.675e+05
     266.1  4.778e+05
     270.1  3.254e+05
     274.1  2.683e+05
     278.1  2.223e+05
     282.1  2.307e+05
     286.1  1.936e+05
     290.1  1.694e+05
     294.1  1.465e+05
     298.1  1.347e+05
     302.1  1.199e+05
     306.1  1.143e+05
     310.1  9.151e+04
     314.1  8.405e+04
     318.1  6.161e+04
     322.1  3.709e+04
     326.1  4.242e+04
     330.1  3.096e+04
     334.1  2.975e+04
     338.1  1.224e+04
     342.1  1.545e+04
     346.1       3624
     350.1       6011
