    0.7783  8.656e+08
         1  3.268e+08
     1.146  1.671e+08
     1.255  1.013e+08
     1.343  7.778e+07
     1.415  6.608e+07
     1.477  4.832e+07
     1.532  4.018e+07
      1.58  3.757e+07
     1.623  3.491e+07
     1.663  2.885e+07
     1.699  2.389e+07
     1.733  2.145e+07
     1.764  1.692e+07
     1.793  1.587e+07
      1.82  1.476e+07
     1.845  1.241e+07
     1.869  1.106e+07
     1.892  1.071e+07
     1.914  9.695e+06
     1.935  8.547e+06
     1.954  8.384e+06
     1.973  7.805e+06
     1.991  6.873e+06
     2.009  6.559e+06
     2.025   6.36e+06
     2.042  5.836e+06
     2.057  5.898e+06
     2.072  5.185e+06
     2.087  3.964e+06
     2.101  3.668e+06
     2.114  3.349e+06
     2.127  3.284e+06
      2.14  3.548e+06
     2.152  3.476e+06
     2.165  3.395e+06
     2.176  3.105e+06
     2.188  2.655e+06
     2.199  2.689e+06
      2.21  2.442e+06
      2.22   2.45e+06
     2.231  2.134e+06
     2.241  2.138e+06
     2.251  2.182e+06
      2.26  2.447e+06
      2.27  2.171e+06
     2.279  1.958e+06
     2.288  1.963e+06
     2.297  1.819e+06
     2.306  1.847e+06
     2.314  1.788e+06
     2.322  1.469e+06
     2.331  1.335e+06
     2.339  1.329e+06
     2.347  1.175e+06
     2.354  1.241e+06
     2.362  1.125e+06
     2.369  9.136e+05
     2.377  9.332e+05
     2.384  8.712e+05
     2.391  9.548e+05
     2.398  9.022e+05
     2.405  9.694e+05
     2.412  8.219e+05
     2.418  5.675e+05
     2.425  4.778e+05
     2.432  3.254e+05
     2.438  2.683e+05
     2.444  2.223e+05
      2.45  2.307e+05
     2.457  1.936e+05
     2.463  1.694e+05
     2.469  1.465e+05
     2.474  1.347e+05
      2.48  1.199e+05
     2.486  1.143e+05
     2.492  9.151e+04
     2.497  8.405e+04
     2.503  6.161e+04
     2.508  3.709e+04
     2.513  4.242e+04
     2.519  3.096e+04
     2.524  2.975e+04
     2.529  1.224e+04
     2.534  1.545e+04
     2.539       3624
     2.544       6011
