    0.7783  1.201e+09
         1  5.453e+08
     1.146  3.352e+08
     1.255  2.329e+08
     1.343   1.77e+08
     1.415  1.431e+08
     1.477   1.18e+08
     1.532  9.974e+07
      1.58  8.669e+07
     1.623  7.686e+07
     1.663  6.852e+07
     1.699   6.14e+07
     1.733  5.549e+07
     1.764  5.017e+07
     1.793  4.575e+07
      1.82    4.2e+07
     1.845  3.862e+07
     1.869  3.564e+07
     1.892  3.309e+07
     1.914  3.081e+07
     1.935  2.874e+07
     1.954  2.693e+07
     1.973   2.53e+07
     1.991   2.38e+07
     2.009  2.245e+07
     2.025  2.123e+07
     2.042  2.011e+07
     2.057  1.912e+07
     2.072  1.817e+07
     2.087  1.724e+07
     2.101  1.638e+07
     2.114  1.558e+07
     2.127  1.484e+07
      2.14  1.419e+07
     2.152  1.359e+07
     2.165  1.303e+07
     2.176   1.25e+07
     2.188  1.199e+07
     2.199  1.152e+07
      2.21  1.107e+07
      2.22  1.065e+07
     2.231  1.025e+07
     2.241  9.879e+06
     2.251  9.533e+06
      2.26  9.222e+06
      2.27  8.919e+06
     2.279  8.626e+06
     2.288  8.351e+06
     2.297  8.087e+06
     2.306   7.84e+06
     2.314  7.605e+06
     2.322  7.371e+06
     2.331  7.146e+06
     2.339  6.932e+06
     2.347  6.725e+06
     2.354  6.531e+06
     2.362  6.343e+06
     2.369  6.157e+06
     2.377  5.981e+06
     2.384  5.813e+06
     2.391  5.655e+06
     2.398  5.502e+06
     2.405   5.36e+06
     2.412  5.219e+06
     2.418  5.077e+06
     2.425  4.939e+06
     2.432  4.802e+06
     2.438   4.67e+06
     2.444  4.542e+06
      2.45  4.419e+06
     2.457  4.301e+06
     2.463  4.187e+06
     2.469  4.077e+06
     2.474  3.971e+06
      2.48  3.869e+06
     2.486  3.771e+06
     2.492  3.676e+06
     2.497  3.585e+06
     2.503  3.496e+06
     2.508   3.41e+06
     2.513  3.328e+06
     2.519  3.248e+06
     2.524  3.171e+06
     2.529  3.096e+06
     2.534  3.024e+06
     2.539  2.954e+06
     2.544  2.887e+06
