     2.001      17.72
     6.002      19.72
        10      20.24
     14.01      20.67
     18.01      20.97
     22.01      21.18
     26.01      21.36
     30.01      21.58
     34.01      21.74
     38.02      21.81
     42.02      22.05
     46.02      22.27
     50.02      22.45
     54.02      22.61
     58.02      22.81
     62.02      22.92
     66.03      23.08
     70.03      23.22
     74.03      23.27
     78.03      23.42
     82.03      23.47
     86.03      23.67
     90.04      23.76
     94.04      23.83
     98.04      23.97
       102      24.05
       106       24.3
       110      24.45
       114      24.48
       118      24.87
       122      24.77
       126      24.93
     130.1      25.09
     134.1      25.17
     138.1      25.11
     142.1      25.34
     146.1       25.5
     150.1      25.48
     154.1      25.81
     158.1      25.88
     162.1      26.09
     166.1      26.19
     170.1      26.34
     174.1      26.41
     178.1      26.44
     182.1      26.43
     186.1      26.67
     190.1      26.97
     194.1      27.02
     198.1      27.44
     202.1      27.38
     206.1      27.39
     210.1      27.51
     214.1      27.96
     218.1      28.19
     222.1      28.22
     226.1      28.36
     230.1      28.66
     234.1      29.11
     238.1      28.89
     242.1      28.93
     246.1      29.17
     250.1      29.48
     254.1      29.66
     258.1      29.87
     262.1      29.99
     266.1      29.88
     270.1      30.56
     274.1      30.56
     278.1      30.68
     282.1      30.93
     286.1      30.71
     290.1      30.77
     294.1      31.12
     298.1      31.05
     302.1      31.07
     306.1      30.88
     310.1         31
     314.1         31
     318.1      31.53
     322.1      32.52
     326.1      32.43
     330.1      31.86
     334.1      32.25
     338.1       32.3
     342.1      32.82
     346.1      32.45
     350.1      32.53
