     6.002  3.648e+08
        10  2.218e+08
        14    1.6e+08
     18.01   1.25e+08
     22.01  1.006e+08
     26.01  8.395e+07
     30.01  7.161e+07
     34.01  6.263e+07
     38.01  5.669e+07
     42.01   5.21e+07
     46.01  4.942e+07
     50.02  4.585e+07
     54.02  4.178e+07
     58.02  3.797e+07
     62.02  3.461e+07
     66.02  3.157e+07
     70.02  2.898e+07
     74.02  2.666e+07
     78.02  2.461e+07
     82.03  2.285e+07
     86.03   2.14e+07
     90.03   2.01e+07
     94.03  1.886e+07
     98.03  1.775e+07
       102  1.676e+07
       106  1.592e+07
       110  1.525e+07
       114  1.463e+07
       118  1.402e+07
       122  1.345e+07
       126   1.29e+07
       130  1.237e+07
       134  1.188e+07
       138  1.141e+07
       142  1.095e+07
       146  1.052e+07
       150  1.013e+07
       154   9.74e+06
       158  9.372e+06
     162.1  9.023e+06
     166.1  8.687e+06
     170.1  8.368e+06
     174.1  8.068e+06
     178.1  7.775e+06
     182.1  7.502e+06
     186.1  7.246e+06
     190.1  6.995e+06
     194.1  6.762e+06
     198.1  6.553e+06
     202.1  6.344e+06
     206.1  6.144e+06
     210.1  5.947e+06
     214.1  5.758e+06
     218.1  5.578e+06
     222.1  5.408e+06
     226.1  5.242e+06
     230.1  5.081e+06
     234.1   4.93e+06
     238.1  4.786e+06
     242.1  4.649e+06
     246.1  4.518e+06
     250.1   4.39e+06
     254.1  4.265e+06
     258.1  4.144e+06
     262.1  4.025e+06
     266.1  3.912e+06
     270.1  3.803e+06
     274.1  3.695e+06
     278.1  3.593e+06
     282.1  3.495e+06
     286.1    3.4e+06
     290.1  3.308e+06
     294.1  3.219e+06
     298.1  3.135e+06
     302.1  3.053e+06
     306.1  2.975e+06
     310.1  2.899e+06
     314.1  2.826e+06
     318.1  2.755e+06
     322.1  2.688e+06
     326.1  2.622e+06
     330.1  2.558e+06
     334.1  2.497e+06
     338.1  2.438e+06
     342.1  2.381e+06
     346.1  2.327e+06
     350.1  2.273e+06
