     6.002  3.184e+08
        10  1.741e+08
        14  1.106e+08
     18.01  7.991e+07
     22.01  5.727e+07
     26.01  4.609e+07
     30.01  3.745e+07
     34.01  3.331e+07
     38.01  3.431e+07
     42.01  3.253e+07
     46.01  3.666e+07
     50.02  2.704e+07
     54.02  1.836e+07
     58.02  1.414e+07
     62.02  1.185e+07
     66.02  9.573e+06
     70.02  8.841e+06
     74.02  7.508e+06
     78.02   6.66e+06
     82.03  6.581e+06
     86.03  7.268e+06
     90.03  6.794e+06
     94.03  5.495e+06
     98.03  5.295e+06
       102  5.103e+06
       106  5.571e+06
       110  6.694e+06
       114  6.493e+06
       118  5.579e+06
       122  5.281e+06
       126  4.856e+06
       130  4.273e+06
       134  4.136e+06
       138  3.772e+06
       142  3.312e+06
       146  3.066e+06
       150  3.108e+06
       154    2.7e+06
       158  2.459e+06
     162.1  2.301e+06
     166.1  2.058e+06
     170.1  1.916e+06
     174.1  1.828e+06
     178.1  1.556e+06
     182.1  1.559e+06
     186.1  1.561e+06
     190.1   1.28e+06
     194.1  1.345e+06
     198.1  1.584e+06
     202.1  1.265e+06
     206.1   1.19e+06
     210.1  9.866e+05
     214.1  8.995e+05
     218.1  8.496e+05
     222.1  8.641e+05
     226.1  7.119e+05
     230.1   6.11e+05
     234.1  6.719e+05
     238.1  6.237e+05
     242.1  6.436e+05
     246.1  6.177e+05
     250.1  5.395e+05
     254.1  4.184e+05
     258.1  3.542e+05
     262.1  2.447e+05
     266.1  2.623e+05
     270.1  2.272e+05
     274.1  1.218e+05
     278.1   1.48e+05
     282.1  1.317e+05
     286.1  1.145e+05
     290.1  5.606e+04
     294.1  5.188e+04
     298.1  5.724e+04
     302.1  5.655e+04
     306.1  5.125e+04
     310.1  4.522e+04
     314.1  3.388e+04
     318.1  2.192e+04
     322.1  2.115e+04
     326.1  1.025e+04
     330.1       4232
     334.1       3898
     338.1  1.169e+04
     342.1       6623
     346.1       5060
     350.1          0
