    0.7783  3.648e+08
         1  2.218e+08
     1.146    1.6e+08
     1.255   1.25e+08
     1.343  1.006e+08
     1.415  8.395e+07
     1.477  7.161e+07
     1.532  6.263e+07
      1.58  5.669e+07
     1.623   5.21e+07
     1.663  4.942e+07
     1.699  4.585e+07
     1.733  4.178e+07
     1.764  3.797e+07
     1.793  3.461e+07
      1.82  3.157e+07
     1.845  2.898e+07
     1.869  2.666e+07
     1.892  2.461e+07
     1.914  2.285e+07
     1.935   2.14e+07
     1.954   2.01e+07
     1.973  1.886e+07
     1.991  1.775e+07
     2.009  1.676e+07
     2.025  1.592e+07
     2.042  1.525e+07
     2.057  1.463e+07
     2.072  1.402e+07
     2.086  1.345e+07
     2.101   1.29e+07
     2.114  1.237e+07
     2.127  1.188e+07
      2.14  1.141e+07
     2.152  1.095e+07
     2.164  1.052e+07
     2.176  1.013e+07
     2.188   9.74e+06
     2.199  9.372e+06
      2.21  9.023e+06
      2.22  8.687e+06
     2.231  8.368e+06
     2.241  8.068e+06
     2.251  7.775e+06
      2.26  7.502e+06
      2.27  7.246e+06
     2.279  6.995e+06
     2.288  6.762e+06
     2.297  6.553e+06
     2.305  6.344e+06
     2.314  6.144e+06
     2.322  5.947e+06
     2.331  5.758e+06
     2.339  5.578e+06
     2.346  5.408e+06
     2.354  5.242e+06
     2.362  5.081e+06
     2.369   4.93e+06
     2.377  4.786e+06
     2.384  4.649e+06
     2.391  4.518e+06
     2.398   4.39e+06
     2.405  4.265e+06
     2.412  4.144e+06
     2.418  4.025e+06
     2.425  3.912e+06
     2.432  3.803e+06
     2.438  3.695e+06
     2.444  3.593e+06
      2.45  3.495e+06
     2.457    3.4e+06
     2.463  3.308e+06
     2.468  3.219e+06
     2.474  3.135e+06
      2.48  3.053e+06
     2.486  2.975e+06
     2.491  2.899e+06
     2.497  2.826e+06
     2.503  2.755e+06
     2.508  2.688e+06
     2.513  2.622e+06
     2.519  2.558e+06
     2.524  2.497e+06
     2.529  2.438e+06
     2.534  2.381e+06
     2.539  2.327e+06
     2.544  2.273e+06
