    0.7783  3.184e+08
         1  1.741e+08
     1.146  1.106e+08
     1.255  7.991e+07
     1.343  5.727e+07
     1.415  4.609e+07
     1.477  3.745e+07
     1.532  3.331e+07
      1.58  3.431e+07
     1.623  3.253e+07
     1.663  3.666e+07
     1.699  2.704e+07
     1.733  1.836e+07
     1.764  1.414e+07
     1.793  1.185e+07
      1.82  9.573e+06
     1.845  8.841e+06
     1.869  7.508e+06
     1.892   6.66e+06
     1.914  6.581e+06
     1.935  7.268e+06
     1.954  6.794e+06
     1.973  5.495e+06
     1.991  5.295e+06
     2.009  5.103e+06
     2.025  5.571e+06
     2.042  6.694e+06
     2.057  6.493e+06
     2.072  5.579e+06
     2.086  5.281e+06
     2.101  4.856e+06
     2.114  4.273e+06
     2.127  4.136e+06
      2.14  3.772e+06
     2.152  3.312e+06
     2.164  3.066e+06
     2.176  3.108e+06
     2.188    2.7e+06
     2.199  2.459e+06
      2.21  2.301e+06
      2.22  2.058e+06
     2.231  1.916e+06
     2.241  1.828e+06
     2.251  1.556e+06
      2.26  1.559e+06
      2.27  1.561e+06
     2.279   1.28e+06
     2.288  1.345e+06
     2.297  1.584e+06
     2.305  1.265e+06
     2.314   1.19e+06
     2.322  9.866e+05
     2.331  8.995e+05
     2.339  8.496e+05
     2.346  8.641e+05
     2.354  7.119e+05
     2.362   6.11e+05
     2.369  6.719e+05
     2.377  6.237e+05
     2.384  6.436e+05
     2.391  6.177e+05
     2.398  5.395e+05
     2.405  4.184e+05
     2.412  3.542e+05
     2.418  2.447e+05
     2.425  2.623e+05
     2.432  2.272e+05
     2.438  1.218e+05
     2.444   1.48e+05
      2.45  1.317e+05
     2.457  1.145e+05
     2.463  5.606e+04
     2.468  5.188e+04
     2.474  5.724e+04
      2.48  5.655e+04
     2.486  5.125e+04
     2.491  4.522e+04
     2.497  3.388e+04
     2.503  2.192e+04
     2.508  2.115e+04
     2.513  1.025e+04
     2.519       4232
     2.524       3898
     2.529  1.169e+04
     2.534       6623
     2.539       5060
     2.544          0
