     2.001      20.32
     6.002      20.58
        10      20.77
        14       21.1
     18.01      21.24
     22.01      21.52
     26.01      21.61
     30.01      21.85
     34.01      22.04
     38.01      22.28
     42.01       22.5
     46.01       22.6
     50.02      22.84
     54.02      23.09
     58.02      23.25
     62.02      23.48
     66.02       23.6
     70.02      23.77
     74.02      24.09
     78.02      24.14
     82.03      24.16
     86.03      24.01
     90.03      24.36
     94.03      24.46
     98.03      24.64
       102      24.55
       106      24.73
       110      24.59
       114      25.18
       118      25.29
       122      25.41
       126      25.68
       130      25.93
       134      26.18
       138       26.1
       142      26.24
       146      26.33
       150      26.76
       154      27.04
       158      26.95
     162.1      27.09
     166.1       27.4
     170.1      27.36
     174.1      27.65
     178.1      27.78
     182.1      27.89
     186.1      28.27
     190.1      28.58
     194.1      28.35
     198.1      28.75
     202.1      28.54
     206.1      28.86
     210.1      28.85
     214.1      28.98
     218.1       29.9
     222.1      29.84
     226.1       30.1
     230.1       30.1
     234.1      30.41
     238.1      30.05
     242.1      30.33
     246.1      30.72
     250.1       30.5
     254.1      30.81
     258.1      30.89
     262.1      30.93
     266.1      30.66
     270.1      31.47
     274.1      31.85
     278.1      31.61
     282.1      31.42
     286.1      32.55
     290.1      33.29
     294.1      32.54
     298.1         33
     302.1      32.54
     306.1      32.67
     310.1      33.11
     314.1      33.71
     318.1      33.89
     322.1      33.69
     326.1      34.52
     330.1      35.03
     334.1      33.95
     338.1      34.08
     342.1      33.55
     346.1      34.67
     350.1      35.52
