     6.067  3.552e+08
     10.11  7.952e+07
     14.16  3.455e+07
      18.2  1.991e+07
     22.25  1.166e+07
     26.29  6.409e+06
     30.33  3.356e+06
     34.38  2.992e+06
     38.42  1.203e+06
     42.47  9.542e+05
     46.51  6.731e+05
     50.56  3.737e+05
      54.6  2.535e+05
     58.65  3.049e+05
     62.69  2.488e+05
     66.74  2.257e+05
     70.78  1.615e+05
     74.82  1.313e+05
     78.87  6.358e+04
     82.91   1.11e+05
     86.96    6.5e+04
        91  8.545e+04
     95.05  5.274e+04
     99.09  7.046e+04
     103.1  9.417e+04
     107.2  1.052e+05
     111.2  1.016e+05
     115.3  2.448e+04
     119.3  1.739e+04
     123.4       5760
     127.4  2.205e+04
     131.4   2.67e+04
     135.5  1.051e+04
     139.5  1.003e+04
     143.6  1.494e+04
     147.6  1.891e+04
     151.7  1.351e+04
     155.7          0
     159.8       5400
     163.8  1.839e+04
     167.9       8174
     171.9       8095
     175.9       3825
       180          0
       184          0
     188.1       7146
     192.1       6997
     196.2  1.063e+04
     200.2          0
     204.3          0
     208.3          0
     212.3       3954
     216.4          0
     220.4          0
     224.5          0
     228.5          0
     232.6          0
     236.6          0
     240.7          0
     244.7          0
     248.7       2608
     252.8          0
     256.8          0
     260.9          0
     264.9          0
       269          0
       273          0
     277.1          0
     281.1          0
     285.1          0
     289.2          0
     293.2          0
     297.3          0
     301.3          0
     305.4          0
     309.4          0
     313.5          0
     317.5          0
     321.5          0
     325.6          0
     329.6          0
     333.7          0
