     6.067  6.533e+08
     10.11   2.23e+08
     14.16  1.183e+08
      18.2  7.525e+07
     22.25  5.236e+07
     26.29  3.832e+07
     30.33  2.904e+07
     34.38  2.294e+07
     38.42  1.838e+07
     42.47  1.507e+07
     46.51  1.257e+07
     50.56  1.062e+07
      54.6  9.086e+06
     58.65  7.877e+06
     62.69  6.893e+06
     66.74  6.086e+06
     70.78   5.41e+06
     74.82  4.839e+06
     78.87   4.35e+06
     82.91  3.937e+06
     86.96  3.577e+06
        91  3.266e+06
     95.05  2.993e+06
     99.09  2.755e+06
     103.1  2.546e+06
     107.2  2.362e+06
     111.2  2.198e+06
     115.3  2.045e+06
     119.3  1.908e+06
     123.4  1.783e+06
     127.4  1.671e+06
     131.4   1.57e+06
     135.5  1.477e+06
     139.5  1.392e+06
     143.6  1.314e+06
     147.6  1.243e+06
     151.7  1.178e+06
     155.7  1.117e+06
     159.8   1.06e+06
     163.8  1.009e+06
     167.9  9.607e+05
     171.9  9.159e+05
     175.9   8.74e+05
       180  8.347e+05
       184   7.98e+05
     188.1   7.64e+05
     192.1  7.321e+05
     196.2  7.024e+05
     200.2   6.74e+05
     204.3  6.473e+05
     208.3  6.222e+05
     212.3  5.986e+05
     216.4  5.763e+05
     220.4  5.551e+05
     224.5  5.351e+05
     228.5  5.162e+05
     232.6  4.982e+05
     236.6  4.812e+05
     240.7   4.65e+05
     244.7  4.496e+05
     248.7  4.351e+05
     252.8  4.212e+05
     256.8  4.079e+05
     260.9  3.953e+05
     264.9  3.832e+05
       269  3.717e+05
       273  3.607e+05
     277.1  3.501e+05
     281.1  3.401e+05
     285.1  3.304e+05
     289.2  3.212e+05
     293.2  3.123e+05
     297.3  3.038e+05
     301.3  2.957e+05
     305.4  2.878e+05
     309.4  2.803e+05
     313.5  2.731e+05
     317.5  2.661e+05
     321.5  2.594e+05
     325.6   2.53e+05
     329.6  2.468e+05
     333.7  2.408e+05
