     0.783  3.552e+08
     1.005  7.952e+07
     1.151  3.455e+07
      1.26  1.991e+07
     1.347  1.166e+07
      1.42  6.409e+06
     1.482  3.356e+06
     1.536  2.992e+06
     1.585  1.203e+06
     1.628  9.542e+05
     1.668  6.731e+05
     1.704  3.737e+05
     1.737  2.535e+05
     1.768  3.049e+05
     1.797  2.488e+05
     1.824  2.257e+05
      1.85  1.615e+05
     1.874  1.313e+05
     1.897  6.358e+04
     1.919   1.11e+05
     1.939    6.5e+04
     1.959  8.545e+04
     1.978  5.274e+04
     1.996  7.046e+04
     2.013  9.417e+04
      2.03  1.052e+05
     2.046  1.016e+05
     2.062  2.448e+04
     2.077  1.739e+04
     2.091       5760
     2.105  2.205e+04
     2.119   2.67e+04
     2.132  1.051e+04
     2.145  1.003e+04
     2.157  1.494e+04
     2.169  1.891e+04
     2.181  1.351e+04
     2.192          0
     2.203       5400
     2.214  1.839e+04
     2.225       8174
     2.235       8095
     2.245       3825
     2.255          0
     2.265          0
     2.274       7146
     2.284       6997
     2.293  1.063e+04
     2.301          0
      2.31          0
     2.319          0
     2.327       3954
     2.335          0
     2.343          0
     2.351          0
     2.359          0
     2.367          0
     2.374          0
     2.381          0
     2.389          0
     2.396       2608
     2.403          0
      2.41          0
     2.416          0
     2.423          0
      2.43          0
     2.436          0
     2.443          0
     2.449          0
     2.455          0
     2.461          0
     2.467          0
     2.473          0
     2.479          0
     2.485          0
     2.491          0
     2.496          0
     2.502          0
     2.507          0
     2.513          0
     2.518          0
     2.523          0
