     0.783  6.533e+08
     1.005   2.23e+08
     1.151  1.183e+08
      1.26  7.525e+07
     1.347  5.236e+07
      1.42  3.832e+07
     1.482  2.904e+07
     1.536  2.294e+07
     1.585  1.838e+07
     1.628  1.507e+07
     1.668  1.257e+07
     1.704  1.062e+07
     1.737  9.086e+06
     1.768  7.877e+06
     1.797  6.893e+06
     1.824  6.086e+06
      1.85   5.41e+06
     1.874  4.839e+06
     1.897   4.35e+06
     1.919  3.937e+06
     1.939  3.577e+06
     1.959  3.266e+06
     1.978  2.993e+06
     1.996  2.755e+06
     2.013  2.546e+06
      2.03  2.362e+06
     2.046  2.198e+06
     2.062  2.045e+06
     2.077  1.908e+06
     2.091  1.783e+06
     2.105  1.671e+06
     2.119   1.57e+06
     2.132  1.477e+06
     2.145  1.392e+06
     2.157  1.314e+06
     2.169  1.243e+06
     2.181  1.178e+06
     2.192  1.117e+06
     2.203   1.06e+06
     2.214  1.009e+06
     2.225  9.607e+05
     2.235  9.159e+05
     2.245   8.74e+05
     2.255  8.347e+05
     2.265   7.98e+05
     2.274   7.64e+05
     2.284  7.321e+05
     2.293  7.024e+05
     2.301   6.74e+05
      2.31  6.473e+05
     2.319  6.222e+05
     2.327  5.986e+05
     2.335  5.763e+05
     2.343  5.551e+05
     2.351  5.351e+05
     2.359  5.162e+05
     2.367  4.982e+05
     2.374  4.812e+05
     2.381   4.65e+05
     2.389  4.496e+05
     2.396  4.351e+05
     2.403  4.212e+05
      2.41  4.079e+05
     2.416  3.953e+05
     2.423  3.832e+05
      2.43  3.717e+05
     2.436  3.607e+05
     2.443  3.501e+05
     2.449  3.401e+05
     2.455  3.304e+05
     2.461  3.212e+05
     2.467  3.123e+05
     2.473  3.038e+05
     2.479  2.957e+05
     2.485  2.878e+05
     2.491  2.803e+05
     2.496  2.731e+05
     2.502  2.661e+05
     2.507  2.594e+05
     2.513   2.53e+05
     2.518  2.468e+05
     2.523  2.408e+05
