     2.022  3.448e+10
     6.067  7.554e+10
     10.11  1.031e+11
     14.16  1.231e+11
      18.2  1.392e+11
     22.25  1.514e+11
     26.29  1.595e+11
     30.33  1.646e+11
     34.38  1.697e+11
     38.42  1.721e+11
     42.47  1.742e+11
     46.51  1.758e+11
     50.56  1.768e+11
      54.6  1.776e+11
     58.65  1.785e+11
     62.69  1.794e+11
     66.74  1.802e+11
     70.78  1.808e+11
     74.82  1.813e+11
     78.87  1.816e+11
     82.91  1.821e+11
     86.96  1.824e+11
        91  1.828e+11
     95.05  1.831e+11
     99.09  1.835e+11
     103.1   1.84e+11
     107.2  1.846e+11
     111.2  1.852e+11
     115.3  1.854e+11
     119.3  1.855e+11
     123.4  1.856e+11
     127.4  1.857e+11
     131.4  1.859e+11
     135.5   1.86e+11
     139.5  1.861e+11
     143.6  1.862e+11
     147.6  1.863e+11
     151.7  1.865e+11
     155.7  1.865e+11
     159.8  1.865e+11
     163.8  1.867e+11
     167.9  1.867e+11
     171.9  1.868e+11
     175.9  1.869e+11
       180  1.869e+11
       184  1.869e+11
     188.1  1.869e+11
     192.1   1.87e+11
     196.2  1.871e+11
     200.2  1.871e+11
     204.3  1.871e+11
     208.3  1.871e+11
     212.3  1.872e+11
     216.4  1.872e+11
     220.4  1.872e+11
     224.5  1.872e+11
     228.5  1.872e+11
     232.6  1.872e+11
     236.6  1.872e+11
     240.7  1.872e+11
     244.7  1.872e+11
     248.7  1.872e+11
     252.8  1.872e+11
     256.8  1.872e+11
     260.9  1.872e+11
     264.9  1.872e+11
       269  1.872e+11
       273  1.872e+11
     277.1  1.872e+11
     281.1  1.872e+11
     285.1  1.872e+11
     289.2  1.872e+11
     293.2  1.872e+11
     297.3  1.872e+11
     301.3  1.872e+11
     305.4  1.872e+11
     309.4  1.872e+11
     313.5  1.872e+11
     317.5  1.872e+11
     321.5  1.872e+11
     325.6  1.872e+11
     329.6  1.872e+11
     333.7  1.872e+11
