     2.022  8.182e-17
     6.067  2.177e-17
     10.11  9.224e-18
     14.16  5.523e-18
      18.2  3.322e-18
     22.25  2.001e-18
     26.29  1.107e-18
     30.33  7.234e-19
     34.38   4.47e-19
     38.42  2.611e-19
     42.47  2.083e-19
     46.51  1.238e-19
     50.56  8.462e-20
      54.6   7.57e-20
     58.65  6.979e-20
     62.69  6.561e-20
     66.74  4.714e-20
     70.78  4.673e-20
     74.82  2.441e-20
     78.87  2.358e-20
     82.91  2.383e-20
     86.96  1.864e-20
        91  1.964e-20
     95.05  1.232e-20
     99.09  2.352e-20
     103.1  3.683e-20
     107.2  3.117e-20
     111.2  1.576e-20
     115.3  9.508e-21
     119.3  1.403e-21
     123.4  5.762e-21
     127.4   1.04e-20
     131.4   4.69e-21
     135.5  5.504e-21
     139.5  3.984e-21
     143.6  4.982e-21
     147.6  4.852e-21
     151.7  2.601e-21
     155.7  2.615e-21
     159.8  2.403e-20
     163.8  1.046e-20
     167.9  1.029e-21
     171.9  2.941e-21
     175.9  3.848e-22
       180      1e-23
       184  6.476e-22
     188.1  2.567e-21
     192.1  1.757e-21
     196.2  1.496e-21
     200.2  1.027e-23
     204.3   3.13e-23
     208.3  6.465e-22
     212.3  1.693e-23
     216.4      1e-23
     220.4      1e-23
     224.5      1e-23
     228.5      1e-23
     232.6      1e-23
     236.6      1e-23
     240.7      1e-23
     244.7  4.157e-23
     248.7  8.056e-22
     252.8   1.11e-23
     256.8      1e-23
     260.9      1e-23
     264.9      1e-23
       269      1e-23
       273      1e-23
     277.1      1e-23
     281.1      1e-23
     285.1      1e-23
     289.2      1e-23
     293.2      1e-23
     297.3      1e-23
     301.3      1e-23
     305.4      1e-23
     309.4      1e-23
     313.5      1e-23
     317.5      1e-23
     321.5      1e-23
     325.6      1e-23
     329.6      1e-23
     333.7      1e-23
