     2.022      18.65
     6.067      19.82
     10.11      20.86
     14.16      21.55
      18.2       22.4
     22.25      23.51
     26.29      25.72
     30.33      28.08
     34.38      28.81
     38.42      29.55
     42.47      30.01
     46.51      31.45
     50.56      32.28
      54.6      32.72
     58.65      33.57
     62.69       33.8
     66.74      33.76
     70.78      33.65
     74.82      34.12
     78.87      34.55
     82.91      34.36
     86.96      34.62
        91      34.72
     95.05      34.83
     99.09      34.61
     103.1      34.81
     107.2      35.02
     111.2      35.07
     115.3      35.07
     119.3      35.38
     123.4      35.32
     127.4      35.08
     131.4      35.21
     135.5      35.29
     139.5      35.31
     143.6      35.36
     147.6      35.39
     151.7      35.41
     155.7      35.47
     159.8      35.34
     163.8      35.25
     167.9      35.44
     171.9      35.41
     175.9      35.47
       180      35.52
       184      35.45
     188.1      35.36
     192.1      35.37
     196.2      35.42
     200.2      35.52
     204.3      35.51
     208.3      35.47
     212.3      35.51
     216.4      35.52
     220.4      35.52
     224.5      35.52
     228.5      35.52
     232.6      35.52
     236.6      35.52
     240.7      35.52
     244.7      35.51
     248.7      35.45
     252.8      35.51
     256.8      35.52
     260.9      35.52
     264.9      35.52
       269      35.52
       273      35.52
     277.1      35.52
     281.1      35.52
     285.1      35.52
     289.2      35.52
     293.2      35.52
     297.3      35.52
     301.3      35.52
     305.4      35.52
     309.4      35.52
     313.5      35.52
     317.5      35.52
     321.5      35.52
     325.6      35.52
     329.6      35.52
     333.7      35.52
