     2.022      18.23
     6.067      19.67
     10.11       20.6
     14.16      21.16
      18.2      21.71
     22.25      22.26
     26.29      22.91
     30.33      23.37
     34.38      23.89
     38.42      24.47
     42.47      24.72
     46.51      25.28
     50.56       25.7
      54.6      25.82
     58.65      25.91
     62.69      25.97
     66.74      26.33
     70.78      26.34
     74.82      27.05
     78.87      27.08
     82.91      27.07
     86.96      27.34
        91      27.28
     95.05      27.79
     99.09      27.09
     103.1       26.6
     107.2      26.78
     111.2      27.52
     115.3      28.07
     119.3      30.15
     123.4      28.61
     127.4      27.97
     131.4      28.84
     135.5      28.66
     139.5      29.02
     143.6      28.77
     147.6       28.8
     151.7      29.48
     155.7      29.47
     159.8      27.06
     163.8      27.97
     167.9      30.49
     171.9      29.34
     175.9      31.55
       180      35.52
       184      30.99
     188.1      29.49
     192.1       29.9
     196.2      30.08
     200.2      35.49
     204.3      34.28
     208.3      30.99
     212.3      34.94
     216.4      35.52
     220.4      35.52
     224.5      35.52
     228.5      35.52
     232.6      35.52
     236.6      35.52
     240.7      35.52
     244.7      33.97
     248.7      30.75
     252.8       35.4
     256.8      35.52
     260.9      35.52
     264.9      35.52
       269      35.52
       273      35.52
     277.1      35.52
     281.1      35.52
     285.1      35.52
     289.2      35.52
     293.2      35.52
     297.3      35.52
     301.3      35.52
     305.4      35.52
     309.4      35.52
     313.5      35.52
     317.5      35.52
     321.5      35.52
     325.6      35.52
     329.6      35.52
     333.7      35.52
