     6.001   6.67e+08
        10  1.592e+08
        14    8.9e+07
        18  6.294e+07
        22   4.57e+07
        26  3.522e+07
        30   2.74e+07
        34  1.937e+07
        38  1.483e+07
        42   1.19e+07
     46.01  9.767e+06
     50.01  1.004e+07
     54.01  8.256e+06
     58.01  7.442e+06
     62.01  5.582e+06
     66.01  4.405e+06
     70.01  3.144e+06
     74.01  3.278e+06
     78.01   2.37e+06
     82.01  2.636e+06
     86.01   4.86e+06
     90.01  2.791e+06
     94.01  2.198e+06
     98.01  1.785e+06
       102  2.013e+06
       106  1.832e+06
       110  2.034e+06
       114   1.49e+06
       118  1.703e+06
       122  1.645e+06
       126  1.271e+06
       130  1.097e+06
       134  1.011e+06
       138  9.562e+05
       142  8.497e+05
       146   6.75e+05
       150   8.09e+05
       154  8.575e+05
       158  8.856e+05
       162  8.044e+05
       166  6.752e+05
       170  7.167e+05
       174  6.929e+05
       178  7.033e+05
       182   7.53e+05
       186  7.855e+05
       190  5.554e+05
       194  5.151e+05
       198  4.054e+05
       202  4.725e+05
       206  3.745e+05
       210  3.458e+05
       214  3.091e+05
       218  2.337e+05
       222  2.727e+05
       226  3.109e+05
       230  2.772e+05
       234  3.347e+05
       238  2.987e+05
       242  2.622e+05
       246  1.752e+05
       250  1.803e+05
       254  1.319e+05
       258  1.101e+05
       262  9.403e+04
       266  8.539e+04
       270  7.615e+04
       274   6.68e+04
       278  4.961e+04
       282  3.441e+04
       286  2.408e+04
       290  2.607e+04
       294       4548
       298       2409
       302       9461
       306       2198
       310       5145
       314       2286
       318          0
       322          0
       326          0
       330          0
       334          0
       338          0
       342          0
       346          0
       350          0
