     6.001  1.068e+09
        10  3.864e+08
        14  2.212e+08
        18   1.52e+08
        22  1.137e+08
        26  8.972e+07
        30  7.319e+07
        34  6.057e+07
        38  5.097e+07
        42  4.355e+07
     46.01  3.769e+07
     50.01  3.327e+07
     54.01  2.957e+07
     58.01  2.652e+07
     62.01  2.382e+07
     66.01  2.147e+07
     70.01  1.938e+07
     74.01  1.764e+07
     78.01  1.607e+07
     82.01  1.476e+07
     86.01  1.384e+07
     90.01  1.286e+07
     94.01  1.195e+07
     98.01  1.112e+07
       102  1.041e+07
       106  9.763e+06
       110  9.201e+06
       114   8.66e+06
       118  8.189e+06
       122   7.76e+06
       126  7.348e+06
       130  6.963e+06
       134  6.608e+06
       138   6.28e+06
       142  5.975e+06
       146  5.684e+06
       150  5.424e+06
       154  5.187e+06
       158  4.969e+06
       162  4.764e+06
       166  4.567e+06
       170  4.386e+06
       174  4.216e+06
       178  4.058e+06
       182  3.913e+06
       186  3.778e+06
       190  3.643e+06
       194  3.514e+06
       198  3.388e+06
       202  3.273e+06
       206   3.16e+06
       210  3.053e+06
       214   2.95e+06
       218  2.851e+06
       222  2.758e+06
       226  2.671e+06
       230  2.588e+06
       234  2.511e+06
       238  2.436e+06
       242  2.365e+06
       246  2.293e+06
       250  2.226e+06
       254   2.16e+06
       258  2.096e+06
       262  2.035e+06
       266  1.976e+06
       270   1.92e+06
       274  1.866e+06
       278  1.814e+06
       282  1.763e+06
       286  1.715e+06
       290  1.668e+06
       294  1.623e+06
       298  1.579e+06
       302  1.538e+06
       306  1.498e+06
       310  1.459e+06
       314  1.422e+06
       318  1.386e+06
       322  1.352e+06
       326  1.319e+06
       330  1.287e+06
       334  1.256e+06
       338  1.226e+06
       342  1.197e+06
       346   1.17e+06
       350  1.143e+06
