    0.7782   6.67e+08
         1  1.592e+08
     1.146    8.9e+07
     1.255  6.294e+07
     1.342   4.57e+07
     1.415  3.522e+07
     1.477   2.74e+07
     1.532  1.937e+07
      1.58  1.483e+07
     1.623   1.19e+07
     1.663  9.767e+06
     1.699  1.004e+07
     1.732  8.256e+06
     1.763  7.442e+06
     1.792  5.582e+06
      1.82  4.405e+06
     1.845  3.144e+06
     1.869  3.278e+06
     1.892   2.37e+06
     1.914  2.636e+06
     1.935   4.86e+06
     1.954  2.791e+06
     1.973  2.198e+06
     1.991  1.785e+06
     2.009  2.013e+06
     2.025  1.832e+06
     2.041  2.034e+06
     2.057   1.49e+06
     2.072  1.703e+06
     2.086  1.645e+06
       2.1  1.271e+06
     2.114  1.097e+06
     2.127  1.011e+06
      2.14  9.562e+05
     2.152  8.497e+05
     2.164   6.75e+05
     2.176   8.09e+05
     2.188  8.575e+05
     2.199  8.856e+05
      2.21  8.044e+05
      2.22  6.752e+05
      2.23  7.167e+05
     2.241  6.929e+05
      2.25  7.033e+05
      2.26   7.53e+05
      2.27  7.855e+05
     2.279  5.554e+05
     2.288  5.151e+05
     2.297  4.054e+05
     2.305  4.725e+05
     2.314  3.745e+05
     2.322  3.458e+05
      2.33  3.091e+05
     2.339  2.337e+05
     2.346  2.727e+05
     2.354  3.109e+05
     2.362  2.772e+05
     2.369  3.347e+05
     2.377  2.987e+05
     2.384  2.622e+05
     2.391  1.752e+05
     2.398  1.803e+05
     2.405  1.319e+05
     2.412  1.101e+05
     2.418  9.403e+04
     2.425  8.539e+04
     2.431  7.615e+04
     2.438   6.68e+04
     2.444  4.961e+04
      2.45  3.441e+04
     2.456  2.408e+04
     2.462  2.607e+04
     2.468       4548
     2.474       2409
      2.48       9461
     2.486       2198
     2.491       5145
     2.497       2286
     2.502          0
     2.508          0
     2.513          0
     2.519          0
     2.524          0
     2.529          0
     2.534          0
     2.539          0
     2.544          0
