    0.7782  1.068e+09
         1  3.864e+08
     1.146  2.212e+08
     1.255   1.52e+08
     1.342  1.137e+08
     1.415  8.972e+07
     1.477  7.319e+07
     1.532  6.057e+07
      1.58  5.097e+07
     1.623  4.355e+07
     1.663  3.769e+07
     1.699  3.327e+07
     1.732  2.957e+07
     1.763  2.652e+07
     1.792  2.382e+07
      1.82  2.147e+07
     1.845  1.938e+07
     1.869  1.764e+07
     1.892  1.607e+07
     1.914  1.476e+07
     1.935  1.384e+07
     1.954  1.286e+07
     1.973  1.195e+07
     1.991  1.112e+07
     2.009  1.041e+07
     2.025  9.763e+06
     2.041  9.201e+06
     2.057   8.66e+06
     2.072  8.189e+06
     2.086   7.76e+06
       2.1  7.348e+06
     2.114  6.963e+06
     2.127  6.608e+06
      2.14   6.28e+06
     2.152  5.975e+06
     2.164  5.684e+06
     2.176  5.424e+06
     2.188  5.187e+06
     2.199  4.969e+06
      2.21  4.764e+06
      2.22  4.567e+06
      2.23  4.386e+06
     2.241  4.216e+06
      2.25  4.058e+06
      2.26  3.913e+06
      2.27  3.778e+06
     2.279  3.643e+06
     2.288  3.514e+06
     2.297  3.388e+06
     2.305  3.273e+06
     2.314   3.16e+06
     2.322  3.053e+06
      2.33   2.95e+06
     2.339  2.851e+06
     2.346  2.758e+06
     2.354  2.671e+06
     2.362  2.588e+06
     2.369  2.511e+06
     2.377  2.436e+06
     2.384  2.365e+06
     2.391  2.293e+06
     2.398  2.226e+06
     2.405   2.16e+06
     2.412  2.096e+06
     2.418  2.035e+06
     2.425  1.976e+06
     2.431   1.92e+06
     2.438  1.866e+06
     2.444  1.814e+06
      2.45  1.763e+06
     2.456  1.715e+06
     2.462  1.668e+06
     2.468  1.623e+06
     2.474  1.579e+06
      2.48  1.538e+06
     2.486  1.498e+06
     2.491  1.459e+06
     2.497  1.422e+06
     2.502  1.386e+06
     2.508  1.352e+06
     2.513  1.319e+06
     2.519  1.287e+06
     2.524  1.256e+06
     2.529  1.226e+06
     2.534  1.197e+06
     2.539   1.17e+06
     2.544  1.143e+06
