         2      18.17
     6.001      19.71
        10      20.28
        14       20.6
        18       20.9
        22      21.14
        26      21.33
        30      21.66
        34       22.1
        38       22.3
        42      22.96
     46.01      23.64
     50.01      24.53
     54.01      24.48
     58.01      24.26
     62.01      23.95
     66.01      24.66
     70.01      25.58
     74.01      25.65
     78.01      26.64
     82.01       26.5
     86.01      27.17
     90.01      27.37
     94.01      27.57
     98.01      27.21
       102      26.94
       106      27.06
       110      27.48
       114      27.57
       118      27.44
       122      28.31
       126      29.02
       130      28.81
       134       28.7
       138      29.36
       142      29.82
       146      29.67
       150       29.4
       154      29.49
       158      29.67
       162      29.87
       166      30.21
       170      30.33
       174      30.93
       178      30.46
       182      30.71
       186      31.12
       190      31.17
       194      31.46
       198      31.58
       202      31.85
       206      32.18
       210      32.36
       214       32.6
       218      32.51
       222      32.17
       226      32.43
       230      32.38
       234      32.32
       238      32.46
       242      32.67
       246      33.05
       250       33.1
       254      33.38
       258      33.53
       262      33.63
       266      33.67
       270      33.87
       274      33.82
       278      33.84
       282      34.34
       286       34.5
       290      35.14
       294      35.31
       298      35.03
       302       35.1
       306      35.26
       310      35.24
       314      35.44
       318      35.52
       322      35.52
       326      35.52
       330      35.52
       334      35.52
       338      35.52
       342      35.52
       346      35.52
       350      35.52
