     6.002  6.645e+08
        10  2.969e+08
        14  1.848e+08
        18  1.333e+08
     22.01   1.02e+08
     26.01  8.126e+07
     30.01   6.69e+07
     34.01  5.731e+07
     38.01  5.091e+07
     42.01  4.235e+07
     46.01  3.933e+07
     50.01   3.48e+07
     54.01  3.019e+07
     58.02  2.801e+07
     62.02  2.512e+07
     66.02  2.404e+07
     70.02   2.32e+07
     74.02  2.212e+07
     78.02  1.938e+07
     82.02  1.849e+07
     86.02  1.683e+07
     90.02  1.625e+07
     94.03   1.49e+07
     98.03   1.44e+07
       102  1.338e+07
       106  1.218e+07
       110  1.245e+07
       114  1.148e+07
       118  1.143e+07
       122  1.066e+07
       126  9.354e+06
       130  9.229e+06
       134  8.824e+06
       138  8.215e+06
       142  8.241e+06
       146  7.567e+06
       150  7.122e+06
       154  6.643e+06
       158  6.521e+06
       162  5.922e+06
       166   5.94e+06
       170   6.26e+06
       174  5.927e+06
       178  5.117e+06
     182.1  5.192e+06
     186.1  4.801e+06
     190.1  4.528e+06
     194.1  4.768e+06
     198.1   4.78e+06
     202.1   4.61e+06
     206.1  4.693e+06
     210.1  4.756e+06
     214.1   4.13e+06
     218.1  3.753e+06
     222.1  3.644e+06
     226.1  3.368e+06
     230.1  3.567e+06
     234.1  3.525e+06
     238.1  3.162e+06
     242.1   3.01e+06
     246.1  2.945e+06
     250.1  2.722e+06
     254.1  2.175e+06
     258.1  1.945e+06
     262.1  1.629e+06
     266.1  1.519e+06
     270.1  1.394e+06
     274.1  9.698e+05
     278.1  9.333e+05
     282.1   8.11e+05
     286.1  7.415e+05
     290.1  7.081e+05
     294.1  5.625e+05
     298.1  5.379e+05
     302.1  5.156e+05
     306.1  4.817e+05
     310.1  3.713e+05
     314.1  3.459e+05
     318.1  2.789e+05
     322.1  2.703e+05
     326.1  2.451e+05
     330.1  3.225e+05
     334.1  2.489e+05
     338.1  1.543e+05
     342.1  1.131e+05
     346.1  6.176e+04
     350.1  5.265e+04
