     6.002  8.953e+08
        10  4.465e+08
        14  3.011e+08
        18  2.277e+08
     22.01  1.824e+08
     26.01  1.515e+08
     30.01  1.291e+08
     34.01  1.123e+08
     38.01  9.938e+07
     42.01  8.854e+07
     46.01      8e+07
     50.01  7.278e+07
     54.01  6.648e+07
     58.02  6.118e+07
     62.02  5.653e+07
     66.02   5.26e+07
     70.02  4.924e+07
     74.02  4.631e+07
     78.02  4.355e+07
     82.02  4.111e+07
     86.02  3.885e+07
     90.02  3.684e+07
     94.03  3.498e+07
     98.03   3.33e+07
       102  3.174e+07
       106  3.026e+07
       110  2.897e+07
       114  2.774e+07
       118  2.663e+07
       122  2.559e+07
       126  2.456e+07
       130  2.361e+07
       134  2.273e+07
       138  2.189e+07
       142  2.112e+07
       146  2.038e+07
       150  1.967e+07
       154  1.899e+07
       158  1.836e+07
       162  1.775e+07
       166  1.718e+07
       170  1.667e+07
       174  1.617e+07
       178  1.568e+07
     182.1  1.521e+07
     186.1  1.477e+07
     190.1  1.434e+07
     194.1  1.394e+07
     198.1  1.357e+07
     202.1  1.322e+07
     206.1  1.289e+07
     210.1  1.258e+07
     214.1  1.226e+07
     218.1  1.195e+07
     222.1  1.165e+07
     226.1  1.136e+07
     230.1  1.108e+07
     234.1  1.083e+07
     238.1  1.057e+07
     242.1  1.032e+07
     246.1  1.008e+07
     250.1  9.844e+06
     254.1  9.602e+06
     258.1  9.365e+06
     262.1  9.128e+06
     266.1    8.9e+06
     270.1  8.677e+06
     274.1  8.452e+06
     278.1  8.236e+06
     282.1  8.025e+06
     286.1  7.821e+06
     290.1  7.625e+06
     294.1  7.433e+06
     298.1  7.248e+06
     302.1   7.07e+06
     306.1  6.897e+06
     310.1  6.729e+06
     314.1  6.566e+06
     318.1  6.408e+06
     322.1  6.256e+06
     326.1  6.108e+06
     330.1  5.968e+06
     334.1  5.831e+06
     338.1  5.697e+06
     342.1  5.566e+06
     346.1  5.439e+06
     350.1  5.316e+06
