    0.7783  6.645e+08
         1  2.969e+08
     1.146  1.848e+08
     1.255  1.333e+08
     1.343   1.02e+08
     1.415  8.126e+07
     1.477   6.69e+07
     1.532  5.731e+07
      1.58  5.091e+07
     1.623  4.235e+07
     1.663  3.933e+07
     1.699   3.48e+07
     1.733  3.019e+07
     1.764  2.801e+07
     1.793  2.512e+07
      1.82  2.404e+07
     1.845   2.32e+07
     1.869  2.212e+07
     1.892  1.938e+07
     1.914  1.849e+07
     1.935  1.683e+07
     1.954  1.625e+07
     1.973   1.49e+07
     1.991   1.44e+07
     2.009  1.338e+07
     2.025  1.218e+07
     2.042  1.245e+07
     2.057  1.148e+07
     2.072  1.143e+07
     2.086  1.066e+07
       2.1  9.354e+06
     2.114  9.229e+06
     2.127  8.824e+06
      2.14  8.215e+06
     2.152  8.241e+06
     2.164  7.567e+06
     2.176  7.122e+06
     2.188  6.643e+06
     2.199  6.521e+06
      2.21  5.922e+06
      2.22   5.94e+06
     2.231   6.26e+06
     2.241  5.927e+06
     2.251  5.117e+06
      2.26  5.192e+06
      2.27  4.801e+06
     2.279  4.528e+06
     2.288  4.768e+06
     2.297   4.78e+06
     2.305   4.61e+06
     2.314  4.693e+06
     2.322  4.756e+06
     2.331   4.13e+06
     2.339  3.753e+06
     2.346  3.644e+06
     2.354  3.368e+06
     2.362  3.567e+06
     2.369  3.525e+06
     2.377  3.162e+06
     2.384   3.01e+06
     2.391  2.945e+06
     2.398  2.722e+06
     2.405  2.175e+06
     2.412  1.945e+06
     2.418  1.629e+06
     2.425  1.519e+06
     2.431  1.394e+06
     2.438  9.698e+05
     2.444  9.333e+05
      2.45   8.11e+05
     2.456  7.415e+05
     2.463  7.081e+05
     2.468  5.625e+05
     2.474  5.379e+05
      2.48  5.156e+05
     2.486  4.817e+05
     2.491  3.713e+05
     2.497  3.459e+05
     2.503  2.789e+05
     2.508  2.703e+05
     2.513  2.451e+05
     2.519  3.225e+05
     2.524  2.489e+05
     2.529  1.543e+05
     2.534  1.131e+05
     2.539  6.176e+04
     2.544  5.265e+04
