    0.7783  8.953e+08
         1  4.465e+08
     1.146  3.011e+08
     1.255  2.277e+08
     1.343  1.824e+08
     1.415  1.515e+08
     1.477  1.291e+08
     1.532  1.123e+08
      1.58  9.938e+07
     1.623  8.854e+07
     1.663      8e+07
     1.699  7.278e+07
     1.733  6.648e+07
     1.764  6.118e+07
     1.793  5.653e+07
      1.82   5.26e+07
     1.845  4.924e+07
     1.869  4.631e+07
     1.892  4.355e+07
     1.914  4.111e+07
     1.935  3.885e+07
     1.954  3.684e+07
     1.973  3.498e+07
     1.991   3.33e+07
     2.009  3.174e+07
     2.025  3.026e+07
     2.042  2.897e+07
     2.057  2.774e+07
     2.072  2.663e+07
     2.086  2.559e+07
       2.1  2.456e+07
     2.114  2.361e+07
     2.127  2.273e+07
      2.14  2.189e+07
     2.152  2.112e+07
     2.164  2.038e+07
     2.176  1.967e+07
     2.188  1.899e+07
     2.199  1.836e+07
      2.21  1.775e+07
      2.22  1.718e+07
     2.231  1.667e+07
     2.241  1.617e+07
     2.251  1.568e+07
      2.26  1.521e+07
      2.27  1.477e+07
     2.279  1.434e+07
     2.288  1.394e+07
     2.297  1.357e+07
     2.305  1.322e+07
     2.314  1.289e+07
     2.322  1.258e+07
     2.331  1.226e+07
     2.339  1.195e+07
     2.346  1.165e+07
     2.354  1.136e+07
     2.362  1.108e+07
     2.369  1.083e+07
     2.377  1.057e+07
     2.384  1.032e+07
     2.391  1.008e+07
     2.398  9.844e+06
     2.405  9.602e+06
     2.412  9.365e+06
     2.418  9.128e+06
     2.425    8.9e+06
     2.431  8.677e+06
     2.438  8.452e+06
     2.444  8.236e+06
      2.45  8.025e+06
     2.456  7.821e+06
     2.463  7.625e+06
     2.468  7.433e+06
     2.474  7.248e+06
      2.48   7.07e+06
     2.486  6.897e+06
     2.491  6.729e+06
     2.497  6.566e+06
     2.503  6.408e+06
     2.508  6.256e+06
     2.513  6.108e+06
     2.519  5.968e+06
     2.524  5.831e+06
     2.529  5.697e+06
     2.534  5.566e+06
     2.539  5.439e+06
     2.544  5.316e+06
