     2.001      19.57
     6.002      20.73
        10      20.98
        14      21.29
        18      21.59
     22.01      21.77
     26.01      21.97
     30.01      22.04
     34.01      22.13
     38.01      22.25
     42.01       22.5
     46.01      22.59
     50.01      22.76
     54.01      22.87
     58.02      23.05
     62.02      23.24
     66.02       23.3
     70.02      23.32
     74.02      23.48
     78.02      23.55
     82.02      23.61
     86.02       23.8
     90.02       23.8
     94.03      23.87
     98.03      23.98
       102      24.13
       106      24.16
       110      24.21
       114      24.31
       118      24.33
       122      24.42
       126      24.43
       130      24.49
       134      24.61
       138      24.69
       142       24.7
       146      24.76
       150      24.79
       154      24.83
       158      24.93
       162      25.06
       166      25.15
       170      25.16
       174       25.3
       178      25.25
     182.1      25.28
     186.1      25.47
     190.1      25.54
     194.1      25.52
     198.1      25.56
     202.1      25.72
     206.1      25.79
     210.1      25.87
     214.1      25.89
     218.1       25.9
     222.1      26.05
     226.1       26.2
     230.1      26.11
     234.1      26.18
     238.1      26.23
     242.1      26.32
     246.1      26.39
     250.1      26.56
     254.1      26.65
     258.1      26.69
     262.1      26.68
     266.1       26.7
     270.1      26.73
     274.1      26.94
     278.1      26.85
     282.1      26.98
     286.1      27.15
     290.1      27.13
     294.1      27.25
     298.1      27.21
     302.1      27.21
     306.1      27.64
     310.1      27.25
     314.1      27.53
     318.1      27.45
     322.1      27.28
     326.1      26.81
     330.1      27.19
     334.1      27.64
     338.1      28.62
     342.1      28.54
     346.1      27.59
     350.1      26.93
