     6.002  9.241e+08
        10  4.605e+08
        14  3.075e+08
        18  2.216e+08
     22.01  1.735e+08
     26.01  1.357e+08
     30.01  1.114e+08
     34.01  9.183e+07
     38.01  7.867e+07
     42.01  6.851e+07
     46.01  5.839e+07
     50.01  5.076e+07
     54.01  4.404e+07
     58.02  3.832e+07
     62.02  3.546e+07
     66.02  3.103e+07
     70.02  2.857e+07
     74.02  2.764e+07
     78.02  2.446e+07
     82.02  2.317e+07
     86.02  1.985e+07
     90.02  1.907e+07
     94.03  1.808e+07
     98.03  1.641e+07
       102  1.466e+07
       106  1.323e+07
       110  1.357e+07
       114  1.261e+07
       118  1.148e+07
       122   1.08e+07
       126  1.039e+07
       130  1.017e+07
       134  9.341e+06
       138  8.681e+06
       142  8.792e+06
       146   7.82e+06
       150  6.914e+06
       154  7.234e+06
       158   6.88e+06
       162  6.755e+06
       166  6.396e+06
       170  6.081e+06
       174  5.679e+06
       178  5.303e+06
     182.1  4.872e+06
     186.1  4.372e+06
     190.1  4.299e+06
     194.1  3.875e+06
     198.1  3.872e+06
     202.1  3.686e+06
     206.1  3.758e+06
     210.1  3.455e+06
     214.1  3.283e+06
     218.1  2.664e+06
     222.1  3.082e+06
     226.1  2.901e+06
     230.1  2.731e+06
     234.1  2.426e+06
     238.1  2.256e+06
     242.1  2.441e+06
     246.1   2.21e+06
     250.1  2.222e+06
     254.1  1.769e+06
     258.1  1.539e+06
     262.1  1.308e+06
     266.1  1.077e+06
     270.1  9.314e+05
     274.1  7.008e+05
     278.1  6.752e+05
     282.1   6.79e+05
     286.1  7.332e+05
     290.1  6.214e+05
     294.1  4.655e+05
     298.1  3.952e+05
     302.1  3.427e+05
     306.1  2.846e+05
     310.1  3.254e+05
     314.1  2.311e+05
     318.1  1.867e+05
     322.1  1.455e+05
     326.1  1.215e+05
     330.1   1.22e+05
     334.1   9.06e+04
     338.1  7.118e+04
     342.1   2.92e+04
     346.1  3.033e+04
     350.1  1.448e+04
