     6.002  1.229e+09
        10  6.526e+08
        14  4.609e+08
        18  3.562e+08
     22.01  2.904e+08
     26.01  2.431e+08
     30.01  2.082e+08
     34.01  1.809e+08
     38.01  1.595e+08
     42.01  1.422e+08
     46.01  1.276e+08
     50.01  1.154e+08
     54.01  1.048e+08
     58.02  9.565e+07
     62.02  8.789e+07
     66.02  8.101e+07
     70.02  7.502e+07
     74.02   6.99e+07
     78.02  6.525e+07
     82.02  6.114e+07
     86.02   5.73e+07
     90.02  5.391e+07
     94.03  5.086e+07
     98.03  4.805e+07
       102  4.543e+07
       106    4.3e+07
       110  4.086e+07
       114  3.888e+07
       118  3.702e+07
       122   3.53e+07
       126  3.372e+07
       130  3.227e+07
       134   3.09e+07
       138  2.962e+07
       142  2.844e+07
       146  2.731e+07
       150  2.623e+07
       154  2.524e+07
       158  2.431e+07
       162  2.344e+07
       166  2.262e+07
       170  2.184e+07
       174   2.11e+07
       178  2.039e+07
     182.1  1.971e+07
     186.1  1.905e+07
     190.1  1.843e+07
     194.1  1.783e+07
     198.1  1.726e+07
     202.1  1.673e+07
     206.1  1.622e+07
     210.1  1.574e+07
     214.1  1.527e+07
     218.1  1.481e+07
     222.1  1.439e+07
     226.1  1.398e+07
     230.1  1.359e+07
     234.1  1.321e+07
     238.1  1.284e+07
     242.1  1.249e+07
     246.1  1.216e+07
     250.1  1.184e+07
     254.1  1.153e+07
     258.1  1.122e+07
     262.1  1.091e+07
     266.1  1.062e+07
     270.1  1.033e+07
     274.1  1.005e+07
     278.1  9.779e+06
     282.1  9.521e+06
     286.1  9.275e+06
     290.1  9.037e+06
     294.1  8.803e+06
     298.1  8.578e+06
     302.1   8.36e+06
     306.1  8.148e+06
     310.1  7.947e+06
     314.1   7.75e+06
     318.1   7.56e+06
     322.1  7.376e+06
     326.1  7.198e+06
     330.1  7.026e+06
     334.1   6.86e+06
     338.1  6.699e+06
     342.1  6.543e+06
     346.1  6.393e+06
     350.1  6.247e+06
