    0.7783  1.229e+09
         1  6.526e+08
     1.146  4.609e+08
     1.255  3.562e+08
     1.343  2.904e+08
     1.415  2.431e+08
     1.477  2.082e+08
     1.532  1.809e+08
      1.58  1.595e+08
     1.623  1.422e+08
     1.663  1.276e+08
     1.699  1.154e+08
     1.733  1.048e+08
     1.764  9.565e+07
     1.793  8.789e+07
      1.82  8.101e+07
     1.845  7.502e+07
     1.869   6.99e+07
     1.892  6.525e+07
     1.914  6.114e+07
     1.935   5.73e+07
     1.954  5.391e+07
     1.973  5.086e+07
     1.991  4.805e+07
     2.009  4.543e+07
     2.025    4.3e+07
     2.042  4.086e+07
     2.057  3.888e+07
     2.072  3.702e+07
     2.086   3.53e+07
       2.1  3.372e+07
     2.114  3.227e+07
     2.127   3.09e+07
      2.14  2.962e+07
     2.152  2.844e+07
     2.164  2.731e+07
     2.176  2.623e+07
     2.188  2.524e+07
     2.199  2.431e+07
      2.21  2.344e+07
      2.22  2.262e+07
     2.231  2.184e+07
     2.241   2.11e+07
     2.251  2.039e+07
      2.26  1.971e+07
      2.27  1.905e+07
     2.279  1.843e+07
     2.288  1.783e+07
     2.297  1.726e+07
     2.305  1.673e+07
     2.314  1.622e+07
     2.322  1.574e+07
     2.331  1.527e+07
     2.339  1.481e+07
     2.346  1.439e+07
     2.354  1.398e+07
     2.362  1.359e+07
     2.369  1.321e+07
     2.377  1.284e+07
     2.384  1.249e+07
     2.391  1.216e+07
     2.398  1.184e+07
     2.405  1.153e+07
     2.412  1.122e+07
     2.418  1.091e+07
     2.425  1.062e+07
     2.431  1.033e+07
     2.438  1.005e+07
     2.444  9.779e+06
      2.45  9.521e+06
     2.456  9.275e+06
     2.463  9.037e+06
     2.468  8.803e+06
     2.474  8.578e+06
      2.48   8.36e+06
     2.486  8.148e+06
     2.491  7.947e+06
     2.497   7.75e+06
     2.503   7.56e+06
     2.508  7.376e+06
     2.513  7.198e+06
     2.519  7.026e+06
     2.524   6.86e+06
     2.529  6.699e+06
     2.534  6.543e+06
     2.539  6.393e+06
     2.544  6.247e+06
