    0.7783  9.241e+08
         1  4.605e+08
     1.146  3.075e+08
     1.255  2.216e+08
     1.343  1.735e+08
     1.415  1.357e+08
     1.477  1.114e+08
     1.532  9.183e+07
      1.58  7.867e+07
     1.623  6.851e+07
     1.663  5.839e+07
     1.699  5.076e+07
     1.733  4.404e+07
     1.764  3.832e+07
     1.793  3.546e+07
      1.82  3.103e+07
     1.845  2.857e+07
     1.869  2.764e+07
     1.892  2.446e+07
     1.914  2.317e+07
     1.935  1.985e+07
     1.954  1.907e+07
     1.973  1.808e+07
     1.991  1.641e+07
     2.009  1.466e+07
     2.025  1.323e+07
     2.042  1.357e+07
     2.057  1.261e+07
     2.072  1.148e+07
     2.086   1.08e+07
       2.1  1.039e+07
     2.114  1.017e+07
     2.127  9.341e+06
      2.14  8.681e+06
     2.152  8.792e+06
     2.164   7.82e+06
     2.176  6.914e+06
     2.188  7.234e+06
     2.199   6.88e+06
      2.21  6.755e+06
      2.22  6.396e+06
     2.231  6.081e+06
     2.241  5.679e+06
     2.251  5.303e+06
      2.26  4.872e+06
      2.27  4.372e+06
     2.279  4.299e+06
     2.288  3.875e+06
     2.297  3.872e+06
     2.305  3.686e+06
     2.314  3.758e+06
     2.322  3.455e+06
     2.331  3.283e+06
     2.339  2.664e+06
     2.346  3.082e+06
     2.354  2.901e+06
     2.362  2.731e+06
     2.369  2.426e+06
     2.377  2.256e+06
     2.384  2.441e+06
     2.391   2.21e+06
     2.398  2.222e+06
     2.405  1.769e+06
     2.412  1.539e+06
     2.418  1.308e+06
     2.425  1.077e+06
     2.431  9.314e+05
     2.438  7.008e+05
     2.444  6.752e+05
      2.45   6.79e+05
     2.456  7.332e+05
     2.463  6.214e+05
     2.468  4.655e+05
     2.474  3.952e+05
      2.48  3.427e+05
     2.486  2.846e+05
     2.491  3.254e+05
     2.497  2.311e+05
     2.503  1.867e+05
     2.508  1.455e+05
     2.513  1.215e+05
     2.519   1.22e+05
     2.524   9.06e+04
     2.529  7.118e+04
     2.534   2.92e+04
     2.539  3.033e+04
     2.544  1.448e+04
