     2.001      19.57
     6.002      20.21
        10       20.5
        14      20.73
        18      20.97
     22.01      21.12
     26.01       21.3
     30.01       21.4
     34.01      21.72
     38.01      21.85
     42.01      22.08
     46.01      22.24
     50.01      22.43
     54.01      22.59
     58.02      22.77
     62.02      22.85
     66.02      23.05
     70.02      23.07
     74.02      23.17
     78.02       23.3
     82.02      23.44
     86.02      23.57
     90.02      23.65
     94.03      23.75
     98.03      23.86
       102      23.96
       106      23.97
       110      24.08
       114      24.21
       118      24.29
       122      24.32
       126      24.36
       130      24.43
       134      24.55
       138      24.54
       142      24.67
       146      24.74
       150      24.79
       154      24.76
       158      24.87
       162      24.97
       166      25.02
       170      25.09
       174      25.18
       178      25.26
     182.1      25.36
     186.1      25.38
     190.1      25.52
     194.1      25.66
     198.1      25.66
     202.1      25.93
     206.1      26.02
     210.1      26.12
     214.1      26.23
     218.1      26.33
     222.1      26.32
     226.1      26.54
     230.1      26.63
     234.1      26.71
     238.1      27.08
     242.1      26.96
     246.1       27.1
     250.1      27.18
     254.1      27.52
     258.1      27.31
     262.1      27.83
     266.1      27.69
     270.1      27.97
     274.1      28.29
     278.1      28.38
     282.1      28.25
     286.1      28.29
     290.1      28.19
     294.1      28.41
     298.1       28.8
     302.1      29.44
     306.1      28.98
     310.1      28.63
     314.1      28.93
     318.1      28.81
     322.1      28.43
     326.1      29.08
     330.1      28.75
     334.1         29
     338.1       29.4
     342.1      29.67
     346.1      30.14
     350.1      29.55
