     6.068  4.435e+08
     10.11  1.892e+08
     14.16  1.141e+08
     18.21  8.017e+07
     22.25  6.167e+07
      26.3   5.04e+07
     30.34  4.284e+07
     34.39  3.719e+07
     38.43   3.23e+07
     42.48  2.848e+07
     46.52   2.53e+07
     50.57  2.262e+07
     54.62  2.041e+07
     58.66  1.847e+07
     62.71  1.693e+07
     66.75  1.554e+07
      70.8  1.428e+07
     74.84  1.318e+07
     78.89  1.224e+07
     82.94  1.139e+07
     86.98  1.064e+07
     91.03  9.984e+06
     95.07  9.347e+06
     99.12  8.774e+06
     103.2  8.268e+06
     107.2  7.779e+06
     111.3  7.342e+06
     115.3  6.947e+06
     119.3  6.594e+06
     123.4  6.286e+06
     127.4  5.983e+06
     131.5  5.705e+06
     135.5  5.443e+06
     139.6  5.203e+06
     143.6  4.979e+06
     147.7   4.77e+06
     151.7  4.572e+06
     155.8  4.391e+06
     159.8  4.226e+06
     163.8  4.074e+06
     167.9  3.927e+06
     171.9   3.78e+06
       176  3.647e+06
       180   3.52e+06
     184.1  3.405e+06
     188.1  3.298e+06
     192.2  3.195e+06
     196.2  3.093e+06
     200.3  2.992e+06
     204.3  2.898e+06
     208.4  2.808e+06
     212.4  2.734e+06
     216.4  2.658e+06
     220.5  2.585e+06
     224.5  2.511e+06
     228.6   2.44e+06
     232.6  2.372e+06
     236.7  2.304e+06
     240.7   2.24e+06
     244.8  2.182e+06
     248.8  2.123e+06
     252.9  2.066e+06
     256.9   2.01e+06
     260.9  1.957e+06
       265  1.906e+06
       269  1.855e+06
     273.1  1.806e+06
     277.1  1.757e+06
     281.2  1.711e+06
     285.2  1.666e+06
     289.3  1.622e+06
     293.3   1.58e+06
     297.4  1.539e+06
     301.4    1.5e+06
     305.4  1.462e+06
     309.5  1.426e+06
     313.5   1.39e+06
     317.6  1.356e+06
     321.6  1.323e+06
     325.7   1.29e+06
     329.7  1.259e+06
     333.8  1.229e+06
     337.8    1.2e+06
     341.9  1.172e+06
     345.9  1.145e+06
     349.9  1.118e+06
