     6.068  3.576e+08
     10.11  1.045e+08
     14.16  5.394e+07
     18.21  3.657e+07
     22.25  2.879e+07
      26.3  2.477e+07
     30.34  2.191e+07
     34.39  1.873e+07
     38.43  1.389e+07
     42.48  1.219e+07
     46.52   1.02e+07
     50.57  8.498e+06
     54.62  7.658e+06
     58.66  6.313e+06
     62.71  6.585e+06
     66.75  5.382e+06
      70.8  4.561e+06
     74.84  4.111e+06
     78.89  4.009e+06
     82.94  3.538e+06
     86.98  3.319e+06
     91.03  3.219e+06
     95.07    2.5e+06
     99.12  2.314e+06
     103.2  2.321e+06
     107.2  1.795e+06
     111.3  1.763e+06
     115.3  1.711e+06
     119.3  1.733e+06
     123.4  1.902e+06
     127.4  1.514e+06
     131.5  1.455e+06
     135.5  1.329e+06
     139.6  1.298e+06
     143.6  1.229e+06
     147.7  1.156e+06
     151.7  1.056e+06
     155.8  1.099e+06
     159.8  1.119e+06
     163.8  1.153e+06
     167.9  1.018e+06
     171.9  7.985e+05
       176  8.959e+05
       180  8.186e+05
     184.1  9.062e+05
     188.1   9.11e+05
     192.2  8.506e+05
     196.2  7.338e+05
     200.3  5.986e+05
     204.3  5.977e+05
     208.4      6e+05
     212.4  8.463e+05
     216.4  7.155e+05
     220.5  6.723e+05
     224.5  5.326e+05
     228.6   5.05e+05
     232.6  4.709e+05
     236.7  3.853e+05
     240.7  4.133e+05
     244.8  4.698e+05
     248.8  3.768e+05
     252.9  3.264e+05
     256.9  3.103e+05
     260.9  2.928e+05
       265  2.768e+05
       269  2.185e+05
     273.1  1.896e+05
     277.1   1.44e+05
     281.2  1.488e+05
     285.2  1.108e+05
     289.3  9.914e+04
     293.3  1.028e+05
     297.4  9.252e+04
     301.4  6.897e+04
     305.4  8.152e+04
     309.5  6.451e+04
     313.5  4.882e+04
     317.6  3.521e+04
     321.6   3.75e+04
     325.7  2.477e+04
     329.7  1.338e+04
     333.8  1.852e+04
     337.8  1.136e+04
     341.9  1.393e+04
     345.9  1.108e+04
     349.9       5230
