    0.7831  3.576e+08
     1.005  1.045e+08
     1.151  5.394e+07
      1.26  3.657e+07
     1.347  2.879e+07
      1.42  2.477e+07
     1.482  2.191e+07
     1.536  1.873e+07
     1.585  1.389e+07
     1.628  1.219e+07
     1.668   1.02e+07
     1.704  8.498e+06
     1.737  7.658e+06
     1.768  6.313e+06
     1.797  6.585e+06
     1.824  5.382e+06
      1.85  4.561e+06
     1.874  4.111e+06
     1.897  4.009e+06
     1.919  3.538e+06
     1.939  3.319e+06
     1.959  3.219e+06
     1.978    2.5e+06
     1.996  2.314e+06
     2.014  2.321e+06
      2.03  1.795e+06
     2.046  1.763e+06
     2.062  1.711e+06
     2.077  1.733e+06
     2.091  1.902e+06
     2.105  1.514e+06
     2.119  1.455e+06
     2.132  1.329e+06
     2.145  1.298e+06
     2.157  1.229e+06
     2.169  1.156e+06
     2.181  1.056e+06
     2.192  1.099e+06
     2.204  1.119e+06
     2.214  1.153e+06
     2.225  1.018e+06
     2.235  7.985e+05
     2.245  8.959e+05
     2.255  8.186e+05
     2.265  9.062e+05
     2.274   9.11e+05
     2.284  8.506e+05
     2.293  7.338e+05
     2.302  5.986e+05
      2.31  5.977e+05
     2.319      6e+05
     2.327  8.463e+05
     2.335  7.155e+05
     2.343  6.723e+05
     2.351  5.326e+05
     2.359   5.05e+05
     2.367  4.709e+05
     2.374  3.853e+05
     2.382  4.133e+05
     2.389  4.698e+05
     2.396  3.768e+05
     2.403  3.264e+05
      2.41  3.103e+05
     2.417  2.928e+05
     2.423  2.768e+05
      2.43  2.185e+05
     2.436  1.896e+05
     2.443   1.44e+05
     2.449  1.488e+05
     2.455  1.108e+05
     2.461  9.914e+04
     2.467  1.028e+05
     2.473  9.252e+04
     2.479  6.897e+04
     2.485  8.152e+04
     2.491  6.451e+04
     2.496  4.882e+04
     2.502  3.521e+04
     2.507   3.75e+04
     2.513  2.477e+04
     2.518  1.338e+04
     2.523  1.852e+04
     2.529  1.136e+04
     2.534  1.393e+04
     2.539  1.108e+04
     2.544       5230
