    0.7831  4.435e+08
     1.005  1.892e+08
     1.151  1.141e+08
      1.26  8.017e+07
     1.347  6.167e+07
      1.42   5.04e+07
     1.482  4.284e+07
     1.536  3.719e+07
     1.585   3.23e+07
     1.628  2.848e+07
     1.668   2.53e+07
     1.704  2.262e+07
     1.737  2.041e+07
     1.768  1.847e+07
     1.797  1.693e+07
     1.824  1.554e+07
      1.85  1.428e+07
     1.874  1.318e+07
     1.897  1.224e+07
     1.919  1.139e+07
     1.939  1.064e+07
     1.959  9.984e+06
     1.978  9.347e+06
     1.996  8.774e+06
     2.014  8.268e+06
      2.03  7.779e+06
     2.046  7.342e+06
     2.062  6.947e+06
     2.077  6.594e+06
     2.091  6.286e+06
     2.105  5.983e+06
     2.119  5.705e+06
     2.132  5.443e+06
     2.145  5.203e+06
     2.157  4.979e+06
     2.169   4.77e+06
     2.181  4.572e+06
     2.192  4.391e+06
     2.204  4.226e+06
     2.214  4.074e+06
     2.225  3.927e+06
     2.235   3.78e+06
     2.245  3.647e+06
     2.255   3.52e+06
     2.265  3.405e+06
     2.274  3.298e+06
     2.284  3.195e+06
     2.293  3.093e+06
     2.302  2.992e+06
      2.31  2.898e+06
     2.319  2.808e+06
     2.327  2.734e+06
     2.335  2.658e+06
     2.343  2.585e+06
     2.351  2.511e+06
     2.359   2.44e+06
     2.367  2.372e+06
     2.374  2.304e+06
     2.382   2.24e+06
     2.389  2.182e+06
     2.396  2.123e+06
     2.403  2.066e+06
      2.41   2.01e+06
     2.417  1.957e+06
     2.423  1.906e+06
      2.43  1.855e+06
     2.436  1.806e+06
     2.443  1.757e+06
     2.449  1.711e+06
     2.455  1.666e+06
     2.461  1.622e+06
     2.467   1.58e+06
     2.473  1.539e+06
     2.479    1.5e+06
     2.485  1.462e+06
     2.491  1.426e+06
     2.496   1.39e+06
     2.502  1.356e+06
     2.507  1.323e+06
     2.513   1.29e+06
     2.518  1.259e+06
     2.523  1.229e+06
     2.529    1.2e+06
     2.534  1.172e+06
     2.539  1.145e+06
     2.544  1.118e+06
