     2.023      21.21
     6.068      21.88
     10.11      22.61
     14.16      22.95
     18.21      23.16
     22.25       23.3
      26.3      23.48
     30.34      23.64
     34.39      23.91
     38.43      24.04
     42.48      24.25
     46.52      24.49
     50.57      24.75
     54.62      24.92
     58.66      24.99
     62.71      25.15
     66.75       25.5
      70.8      25.57
     74.84      25.63
     78.89      25.67
     82.94      26.06
     86.98      26.31
     91.03      26.64
     95.07      26.75
     99.12      26.82
     103.2      27.23
     107.2      27.61
     111.3       27.7
     115.3      27.74
     119.3      27.66
     123.4      27.98
     127.4      28.19
     131.5      28.68
     135.5       28.5
     139.6      28.75
     143.6      28.64
     147.7      28.59
     151.7      28.95
     155.8      28.79
     159.8         29
     163.8      29.26
     167.9       29.6
     171.9         30
       176       30.2
       180      30.41
     184.1      30.45
     188.1      30.42
     192.2      30.65
     196.2      30.73
     200.3      31.04
     204.3      31.01
     208.4      30.94
     212.4      30.86
     216.4      31.14
     220.5      31.41
     224.5      31.64
     228.6       31.3
     232.6      31.72
     236.7      31.75
     240.7      31.64
     244.8      31.92
     248.8      32.31
     252.9      32.26
     256.9      31.89
     260.9      31.66
       265      31.82
       269      32.21
     273.1      32.46
     277.1       32.6
     281.2       32.9
     285.2      32.66
     289.3      32.59
     293.3      32.32
     297.4       32.5
     301.4      32.73
     305.4      32.56
     309.5      32.55
     313.5      32.79
     317.6      33.06
     321.6      32.55
     325.7      33.75
     329.7      33.58
     333.8       33.4
     337.8      33.28
     341.9      33.37
     345.9      32.96
     349.9      33.84
