     6.002  4.789e+08
        10   2.76e+08
        14  1.994e+08
        18  1.529e+08
     22.01  1.192e+08
     26.01   9.73e+07
     30.01   8.49e+07
     34.01  6.738e+07
     38.01  6.058e+07
     42.01  5.391e+07
     46.01  4.963e+07
     50.01  4.578e+07
     54.01  4.083e+07
     58.02  3.362e+07
     62.02  3.134e+07
     66.02  2.876e+07
     70.02  2.733e+07
     74.02  2.421e+07
     78.02  2.298e+07
     82.02  2.162e+07
     86.02  2.057e+07
     90.02  2.066e+07
     94.03  2.097e+07
     98.03  2.067e+07
       102  1.808e+07
       106  1.666e+07
       110  1.623e+07
       114  1.577e+07
       118  1.498e+07
       122  1.426e+07
       126  1.241e+07
       130  1.163e+07
       134   1.14e+07
       138  1.145e+07
       142  1.154e+07
       146  1.092e+07
       150  9.683e+06
       154  9.409e+06
       158  9.478e+06
       162  8.586e+06
       166  8.681e+06
       170   8.71e+06
       174  8.499e+06
       178  8.102e+06
     182.1  7.517e+06
     186.1  7.166e+06
     190.1  7.177e+06
     194.1  6.692e+06
     198.1  6.351e+06
     202.1  6.311e+06
     206.1  6.146e+06
     210.1    6.1e+06
     214.1  5.635e+06
     218.1  5.225e+06
     222.1  5.451e+06
     226.1  5.151e+06
     230.1  5.123e+06
     234.1  5.342e+06
     238.1  5.446e+06
     242.1  4.998e+06
     246.1  4.534e+06
     250.1  4.387e+06
     254.1  3.454e+06
     258.1  2.739e+06
     262.1  2.473e+06
     266.1  1.952e+06
     270.1  1.556e+06
     274.1  1.466e+06
     278.1  1.224e+06
     282.1  1.085e+06
     286.1  9.273e+05
     290.1   8.37e+05
     294.1  6.999e+05
     298.1   6.37e+05
     302.1  5.221e+05
     306.1  4.576e+05
     310.1   3.99e+05
     314.1  3.397e+05
     318.1  2.921e+05
     322.1  2.391e+05
     326.1  2.224e+05
     330.1  2.144e+05
     334.1  1.602e+05
     338.1   1.24e+05
     342.1  9.388e+04
     346.1  6.185e+04
     350.1  3.679e+04
