     6.002  8.788e+08
        10  4.267e+08
        14  3.004e+08
        18  2.359e+08
     22.01  1.939e+08
     26.01  1.644e+08
     30.01  1.433e+08
     34.01  1.255e+08
     38.01  1.119e+08
     42.01  1.009e+08
     46.01  9.197e+07
     50.01  8.459e+07
     54.01  7.812e+07
     58.02  7.199e+07
     62.02  6.675e+07
     66.02  6.215e+07
     70.02  5.817e+07
     74.02   5.45e+07
     78.02  5.127e+07
     82.02  4.838e+07
     86.02   4.58e+07
     90.02  4.356e+07
     94.03  4.164e+07
     98.03  3.993e+07
       102  3.822e+07
       106  3.659e+07
       110  3.511e+07
       114  3.375e+07
       118  3.248e+07
       122  3.129e+07
       126  3.009e+07
       130  2.895e+07
       134   2.79e+07
       138  2.695e+07
       142  2.608e+07
       146  2.525e+07
       150  2.442e+07
       154  2.364e+07
       158  2.293e+07
       162  2.222e+07
       166  2.157e+07
       170  2.096e+07
       174  2.039e+07
       178  1.984e+07
     182.1  1.929e+07
     186.1  1.877e+07
     190.1  1.828e+07
     194.1  1.781e+07
     198.1  1.734e+07
     202.1  1.691e+07
     206.1  1.649e+07
     210.1  1.609e+07
     214.1   1.57e+07
     218.1  1.532e+07
     222.1  1.496e+07
     226.1  1.461e+07
     230.1  1.428e+07
     234.1  1.398e+07
     238.1  1.369e+07
     242.1   1.34e+07
     246.1  1.312e+07
     250.1  1.284e+07
     254.1  1.254e+07
     258.1  1.224e+07
     262.1  1.194e+07
     266.1  1.164e+07
     270.1  1.134e+07
     274.1  1.105e+07
     278.1  1.077e+07
     282.1  1.049e+07
     286.1  1.023e+07
     290.1  9.968e+06
     294.1  9.716e+06
     298.1  9.472e+06
     302.1  9.235e+06
     306.1  9.005e+06
     310.1  8.783e+06
     314.1  8.568e+06
     318.1   8.36e+06
     322.1  8.158e+06
     326.1  7.964e+06
     330.1  7.776e+06
     334.1  7.593e+06
     338.1  7.417e+06
     342.1  7.245e+06
     346.1  7.079e+06
     350.1  6.918e+06
