    0.7783  4.789e+08
         1   2.76e+08
     1.146  1.994e+08
     1.255  1.529e+08
     1.343  1.192e+08
     1.415   9.73e+07
     1.477   8.49e+07
     1.532  6.738e+07
      1.58  6.058e+07
     1.623  5.391e+07
     1.663  4.963e+07
     1.699  4.578e+07
     1.733  4.083e+07
     1.764  3.362e+07
     1.793  3.134e+07
      1.82  2.876e+07
     1.845  2.733e+07
     1.869  2.421e+07
     1.892  2.298e+07
     1.914  2.162e+07
     1.935  2.057e+07
     1.954  2.066e+07
     1.973  2.097e+07
     1.991  2.067e+07
     2.009  1.808e+07
     2.025  1.666e+07
     2.042  1.623e+07
     2.057  1.577e+07
     2.072  1.498e+07
     2.086  1.426e+07
       2.1  1.241e+07
     2.114  1.163e+07
     2.127   1.14e+07
      2.14  1.145e+07
     2.152  1.154e+07
     2.164  1.092e+07
     2.176  9.683e+06
     2.188  9.409e+06
     2.199  9.478e+06
      2.21  8.586e+06
      2.22  8.681e+06
     2.231   8.71e+06
     2.241  8.499e+06
     2.251  8.102e+06
      2.26  7.517e+06
      2.27  7.166e+06
     2.279  7.177e+06
     2.288  6.692e+06
     2.297  6.351e+06
     2.305  6.311e+06
     2.314  6.146e+06
     2.322    6.1e+06
     2.331  5.635e+06
     2.339  5.225e+06
     2.346  5.451e+06
     2.354  5.151e+06
     2.362  5.123e+06
     2.369  5.342e+06
     2.377  5.446e+06
     2.384  4.998e+06
     2.391  4.534e+06
     2.398  4.387e+06
     2.405  3.454e+06
     2.412  2.739e+06
     2.418  2.473e+06
     2.425  1.952e+06
     2.431  1.556e+06
     2.438  1.466e+06
     2.444  1.224e+06
      2.45  1.085e+06
     2.456  9.273e+05
     2.463   8.37e+05
     2.468  6.999e+05
     2.474   6.37e+05
      2.48  5.221e+05
     2.486  4.576e+05
     2.491   3.99e+05
     2.497  3.397e+05
     2.503  2.921e+05
     2.508  2.391e+05
     2.513  2.224e+05
     2.519  2.144e+05
     2.524  1.602e+05
     2.529   1.24e+05
     2.534  9.388e+04
     2.539  6.185e+04
     2.544  3.679e+04
