    0.7783  8.788e+08
         1  4.267e+08
     1.146  3.004e+08
     1.255  2.359e+08
     1.343  1.939e+08
     1.415  1.644e+08
     1.477  1.433e+08
     1.532  1.255e+08
      1.58  1.119e+08
     1.623  1.009e+08
     1.663  9.197e+07
     1.699  8.459e+07
     1.733  7.812e+07
     1.764  7.199e+07
     1.793  6.675e+07
      1.82  6.215e+07
     1.845  5.817e+07
     1.869   5.45e+07
     1.892  5.127e+07
     1.914  4.838e+07
     1.935   4.58e+07
     1.954  4.356e+07
     1.973  4.164e+07
     1.991  3.993e+07
     2.009  3.822e+07
     2.025  3.659e+07
     2.042  3.511e+07
     2.057  3.375e+07
     2.072  3.248e+07
     2.086  3.129e+07
       2.1  3.009e+07
     2.114  2.895e+07
     2.127   2.79e+07
      2.14  2.695e+07
     2.152  2.608e+07
     2.164  2.525e+07
     2.176  2.442e+07
     2.188  2.364e+07
     2.199  2.293e+07
      2.21  2.222e+07
      2.22  2.157e+07
     2.231  2.096e+07
     2.241  2.039e+07
     2.251  1.984e+07
      2.26  1.929e+07
      2.27  1.877e+07
     2.279  1.828e+07
     2.288  1.781e+07
     2.297  1.734e+07
     2.305  1.691e+07
     2.314  1.649e+07
     2.322  1.609e+07
     2.331   1.57e+07
     2.339  1.532e+07
     2.346  1.496e+07
     2.354  1.461e+07
     2.362  1.428e+07
     2.369  1.398e+07
     2.377  1.369e+07
     2.384   1.34e+07
     2.391  1.312e+07
     2.398  1.284e+07
     2.405  1.254e+07
     2.412  1.224e+07
     2.418  1.194e+07
     2.425  1.164e+07
     2.431  1.134e+07
     2.438  1.105e+07
     2.444  1.077e+07
      2.45  1.049e+07
     2.456  1.023e+07
     2.463  9.968e+06
     2.468  9.716e+06
     2.474  9.472e+06
      2.48  9.235e+06
     2.486  9.005e+06
     2.491  8.783e+06
     2.497  8.568e+06
     2.503   8.36e+06
     2.508  8.158e+06
     2.513  7.964e+06
     2.519  7.776e+06
     2.524  7.593e+06
     2.529  7.417e+06
     2.534  7.245e+06
     2.539  7.079e+06
     2.544  6.918e+06
