     2.001      20.84
     6.002      20.91
        10      21.03
        14      21.11
        18      21.26
     22.01      21.49
     26.01      21.54
     30.01       21.6
     34.01      21.93
     38.01      22.05
     42.01      22.08
     46.01      22.29
     50.01      22.41
     54.01      22.62
     58.02       22.8
     62.02      22.87
     66.02      22.91
     70.02      23.08
     74.02      23.17
     78.02      23.29
     82.02      23.34
     86.02      23.42
     90.02      23.41
     94.03      23.44
     98.03      23.51
       102      23.63
       106      23.74
       110      23.74
       114      23.76
       118      23.87
       122      23.96
       126      24.05
       130      24.16
       134      24.16
       138      24.12
       142      24.23
       146      24.33
       150       24.4
       154      24.42
       158      24.46
       162      24.52
       166      24.51
       170      24.55
       174       24.6
       178      24.67
     182.1      24.71
     186.1       24.8
     190.1      24.88
     194.1      24.89
     198.1      24.97
     202.1      24.99
     206.1      25.06
     210.1      25.04
     214.1       25.2
     218.1      25.24
     222.1      25.31
     226.1      25.34
     230.1      25.28
     234.1       25.3
     238.1      25.44
     242.1      25.44
     246.1      25.51
     250.1      25.59
     254.1      25.64
     258.1      25.53
     262.1      25.62
     266.1      25.81
     270.1      25.94
     274.1      25.85
     278.1      26.02
     282.1      26.07
     286.1      26.44
     290.1      26.49
     294.1      26.15
     298.1      26.28
     302.1      26.24
     306.1      26.43
     310.1      26.46
     314.1      26.54
     318.1      27.04
     322.1      26.98
     326.1      26.54
     330.1      26.48
     334.1      26.81
     338.1      26.55
     342.1      26.75
     346.1      26.88
     350.1      26.47
