     6.046  1.329e+09
     10.08  3.901e+08
     14.11  1.884e+08
     18.14  1.126e+08
     22.17   7.45e+07
      26.2   5.32e+07
     30.23  3.996e+07
     34.26  3.136e+07
     38.29  2.532e+07
     42.32  2.096e+07
     46.35  1.764e+07
     50.38  1.503e+07
     54.42  1.303e+07
     58.45  1.141e+07
     62.48  1.008e+07
     66.51  8.946e+06
     70.54      8e+06
     74.57   7.19e+06
      78.6  6.491e+06
     82.63  5.883e+06
     86.66  5.357e+06
     90.69  4.893e+06
     94.72  4.488e+06
     98.75  4.125e+06
     102.8  3.807e+06
     106.8  3.525e+06
     110.8  3.269e+06
     114.9  3.042e+06
     118.9  2.841e+06
     122.9  2.657e+06
       127  2.492e+06
       131   2.34e+06
       135  2.203e+06
     139.1  2.076e+06
     143.1  1.961e+06
     147.1  1.855e+06
     151.2  1.757e+06
     155.2  1.667e+06
     159.2  1.583e+06
     163.2  1.505e+06
     167.3  1.433e+06
     171.3  1.366e+06
     175.3  1.305e+06
     179.4  1.249e+06
     183.4  1.195e+06
     187.4  1.146e+06
     191.5    1.1e+06
     195.5  1.059e+06
     199.5   1.02e+06
     203.6   9.81e+05
     207.6  9.437e+05
     211.6  9.083e+05
     215.6  8.745e+05
     219.7  8.425e+05
     223.7  8.122e+05
     227.7  7.834e+05
     231.8  7.562e+05
     235.8  7.303e+05
     239.8  7.058e+05
     243.9  6.824e+05
     247.9  6.602e+05
     251.9  6.391e+05
       256   6.19e+05
       260  5.998e+05
       264  5.815e+05
       268   5.64e+05
     272.1  5.473e+05
     276.1  5.313e+05
     280.1   5.16e+05
     284.2  5.014e+05
     288.2  4.874e+05
     292.2  4.739e+05
     296.3   4.61e+05
     300.3  4.486e+05
     304.3  4.368e+05
     308.4  4.253e+05
     312.4  4.144e+05
     316.4  4.038e+05
     320.4  3.937e+05
     324.5  3.839e+05
     328.5  3.745e+05
     332.5  3.654e+05
     336.6  3.566e+05
     340.6  3.482e+05
