    0.7815  1.329e+09
     1.003  3.901e+08
     1.149  1.884e+08
     1.259  1.126e+08
     1.346   7.45e+07
     1.418   5.32e+07
      1.48  3.996e+07
     1.535  3.136e+07
     1.583  2.532e+07
     1.627  2.096e+07
     1.666  1.764e+07
     1.702  1.503e+07
     1.736  1.303e+07
     1.767  1.141e+07
     1.796  1.008e+07
     1.823  8.946e+06
     1.848      8e+06
     1.873   7.19e+06
     1.895  6.491e+06
     1.917  5.883e+06
     1.938  5.357e+06
     1.958  4.893e+06
     1.976  4.488e+06
     1.995  4.125e+06
     2.012  3.807e+06
     2.029  3.525e+06
     2.045  3.269e+06
      2.06  3.042e+06
     2.075  2.841e+06
      2.09  2.657e+06
     2.104  2.492e+06
     2.117   2.34e+06
      2.13  2.203e+06
     2.143  2.076e+06
     2.156  1.961e+06
     2.168  1.855e+06
     2.179  1.757e+06
     2.191  1.667e+06
     2.202  1.583e+06
     2.213  1.505e+06
     2.223  1.433e+06
     2.234  1.366e+06
     2.244  1.305e+06
     2.254  1.249e+06
     2.263  1.195e+06
     2.273  1.146e+06
     2.282    1.1e+06
     2.291  1.059e+06
       2.3   1.02e+06
     2.309   9.81e+05
     2.317  9.437e+05
     2.326  9.083e+05
     2.334  8.745e+05
     2.342  8.425e+05
      2.35  8.122e+05
     2.357  7.834e+05
     2.365  7.562e+05
     2.373  7.303e+05
      2.38  7.058e+05
     2.387  6.824e+05
     2.394  6.602e+05
     2.401  6.391e+05
     2.408   6.19e+05
     2.415  5.998e+05
     2.422  5.815e+05
     2.428   5.64e+05
     2.435  5.473e+05
     2.441  5.313e+05
     2.447   5.16e+05
     2.454  5.014e+05
      2.46  4.874e+05
     2.466  4.739e+05
     2.472   4.61e+05
     2.478  4.486e+05
     2.483  4.368e+05
     2.489  4.253e+05
     2.495  4.144e+05
       2.5  4.038e+05
     2.506  3.937e+05
     2.511  3.839e+05
     2.517  3.745e+05
     2.522  3.654e+05
     2.527  3.566e+05
     2.532  3.482e+05
