     2.015      17.61
     6.046      19.88
     10.08      21.21
     14.11      21.82
     18.14      22.54
     22.17      23.32
      26.2      23.98
     30.23      25.45
     34.26      25.96
     38.29      27.61
     42.32      28.51
     46.35      28.72
     50.38      29.18
     54.42      29.14
     58.45      30.28
     62.48      30.21
     66.51      30.03
     70.54      30.79
     74.57      31.41
      78.6      32.17
     82.63      32.75
     86.66      33.48
     90.69      33.76
     94.72      33.86
     98.75      34.56
     102.8      34.39
     106.8      34.97
     110.8      35.15
     114.9       34.6
     118.9      34.69
     122.9       34.6
       127      34.72
       131      34.85
       135      34.96
     139.1      35.14
     143.1      35.01
     147.1      35.19
     151.2      35.23
     155.2      35.12
     159.2      35.35
     163.2      35.34
     167.3      35.39
     171.3      35.13
     175.3       34.9
     179.4      35.08
     183.4      35.05
     187.4      34.95
     191.5      34.79
     195.5      34.84
     199.5      34.99
     203.6      35.05
     207.6      35.22
     211.6      35.41
     215.6      35.47
     219.7      35.49
     223.7      35.52
     227.7      35.52
     231.8      35.52
     235.8      35.52
     239.8      35.52
     243.9      35.52
     247.9      35.52
     251.9      35.52
       256      35.52
       260      35.52
       264      35.52
       268      35.52
     272.1      35.52
     276.1      35.52
     280.1      35.52
     284.2      35.52
     288.2      35.52
     292.2      35.52
     296.3      35.52
     300.3      35.52
     304.3      35.52
     308.4      35.52
     312.4      35.52
     316.4      35.52
     320.4      35.52
     324.5      35.52
     328.5      35.52
     332.5      35.52
     336.6      35.52
     340.6      35.52
