         6  9.855e+08
        10  3.342e+08
        14  1.747e+08
        18  1.093e+08
        22  7.362e+07
        26  5.285e+07
        30  3.965e+07
        34  3.078e+07
        38  2.455e+07
        42  2.001e+07
        46  1.664e+07
        50  1.407e+07
        54  1.204e+07
        58  1.043e+07
        62   9.13e+06
        66   8.07e+06
     70.01  7.222e+06
     74.01  6.468e+06
     78.01  5.834e+06
     82.01  5.292e+06
     86.01  4.828e+06
     90.01  4.423e+06
     94.01   4.08e+06
     98.01   3.76e+06
       102  3.474e+06
       106  3.218e+06
       110  2.987e+06
       114  2.778e+06
       118  2.593e+06
       122  2.424e+06
       126  2.272e+06
       130  2.136e+06
       134  2.011e+06
       138  1.897e+06
       142  1.792e+06
       146  1.696e+06
       150  1.612e+06
       154  1.533e+06
       158  1.459e+06
       162  1.388e+06
       166  1.322e+06
       170   1.26e+06
       174  1.203e+06
       178  1.149e+06
       182  1.099e+06
       186  1.052e+06
       190  1.008e+06
       194  9.676e+05
       198  9.295e+05
       202  8.933e+05
       206  8.591e+05
       210  8.269e+05
       214  7.966e+05
       218  7.679e+05
       222  7.402e+05
       226  7.144e+05
       230  6.895e+05
       234   6.66e+05
       238  6.437e+05
       242  6.225e+05
       246  6.022e+05
       250   5.83e+05
       254  5.646e+05
       258  5.471e+05
       262  5.304e+05
       266  5.144e+05
       270  4.992e+05
       274  4.846e+05
       278  4.707e+05
       282  4.573e+05
       286  4.445e+05
       290  4.323e+05
       294  4.205e+05
       298  4.092e+05
       302  3.984e+05
       306   3.88e+05
       310   3.78e+05
       314  3.683e+05
       318  3.591e+05
       322  3.501e+05
       326  3.416e+05
       330  3.333e+05
       334  3.253e+05
       338  3.176e+05
       342  3.102e+05
       346   3.03e+05
       350  2.961e+05
