         6  4.432e+08
        10   1.17e+08
        14   4.72e+07
        18  2.512e+07
        22  1.022e+07
        26  5.649e+06
        30  3.083e+06
        34  1.817e+06
        38  1.091e+06
        42  6.678e+05
        46  6.004e+05
        50  5.336e+05
        54  3.663e+05
        58  3.502e+05
        62  3.269e+05
        66  3.786e+05
     70.01   6.44e+05
     74.01  2.438e+05
     78.01  2.816e+05
     82.01  2.774e+05
     86.01  2.972e+05
     90.01  2.651e+05
     94.01   3.91e+05
     98.01  1.677e+05
       102  1.103e+05
       106  8.089e+04
       110  3.917e+04
       114  1.351e+04
       118  3.674e+04
       122  2.327e+04
       126  2.266e+04
       130  6.532e+04
       134  3.882e+04
       138  4.714e+04
       142  3.405e+04
       146  3.803e+04
       150  1.129e+05
       154  1.063e+05
       158  5.931e+04
       162  2.574e+04
       166   1.31e+04
       170  1.252e+04
       174  1.584e+04
       178       8213
       182       7647
       186       7449
       190  1.106e+04
       194  2.143e+04
       198  2.457e+04
       202  1.383e+04
       206  1.336e+04
       210  1.307e+04
       214  1.612e+04
       218  1.564e+04
       222          0
       226       9115
       230          0
       234          0
       238       2880
       242       2800
       246          0
       250          0
       254          0
       258          0
       262          0
       266          0
       270          0
       274          0
       278          0
       282          0
       286          0
       290          0
       294          0
       298          0
       302          0
       306          0
       310          0
       314          0
       318          0
       322          0
       326          0
       330          0
       334          0
       338          0
       342          0
       346          0
       350          0
