    0.7782  9.855e+08
         1  3.342e+08
     1.146  1.747e+08
     1.255  1.093e+08
     1.342  7.362e+07
     1.415  5.285e+07
     1.477  3.965e+07
     1.532  3.078e+07
      1.58  2.455e+07
     1.623  2.001e+07
     1.663  1.664e+07
     1.699  1.407e+07
     1.732  1.204e+07
     1.763  1.043e+07
     1.792   9.13e+06
      1.82   8.07e+06
     1.845  7.222e+06
     1.869  6.468e+06
     1.892  5.834e+06
     1.914  5.292e+06
     1.935  4.828e+06
     1.954  4.423e+06
     1.973   4.08e+06
     1.991   3.76e+06
     2.009  3.474e+06
     2.025  3.218e+06
     2.041  2.987e+06
     2.057  2.778e+06
     2.072  2.593e+06
     2.086  2.424e+06
       2.1  2.272e+06
     2.114  2.136e+06
     2.127  2.011e+06
      2.14  1.897e+06
     2.152  1.792e+06
     2.164  1.696e+06
     2.176  1.612e+06
     2.188  1.533e+06
     2.199  1.459e+06
      2.21  1.388e+06
      2.22  1.322e+06
      2.23   1.26e+06
     2.241  1.203e+06
      2.25  1.149e+06
      2.26  1.099e+06
      2.27  1.052e+06
     2.279  1.008e+06
     2.288  9.676e+05
     2.297  9.295e+05
     2.305  8.933e+05
     2.314  8.591e+05
     2.322  8.269e+05
      2.33  7.966e+05
     2.338  7.679e+05
     2.346  7.402e+05
     2.354  7.144e+05
     2.362  6.895e+05
     2.369   6.66e+05
     2.377  6.437e+05
     2.384  6.225e+05
     2.391  6.022e+05
     2.398   5.83e+05
     2.405  5.646e+05
     2.412  5.471e+05
     2.418  5.304e+05
     2.425  5.144e+05
     2.431  4.992e+05
     2.438  4.846e+05
     2.444  4.707e+05
      2.45  4.573e+05
     2.456  4.445e+05
     2.462  4.323e+05
     2.468  4.205e+05
     2.474  4.092e+05
      2.48  3.984e+05
     2.486   3.88e+05
     2.491   3.78e+05
     2.497  3.683e+05
     2.502  3.591e+05
     2.508  3.501e+05
     2.513  3.416e+05
     2.519  3.333e+05
     2.524  3.253e+05
     2.529  3.176e+05
     2.534  3.102e+05
     2.539   3.03e+05
     2.544  2.961e+05
