    0.7782  4.432e+08
         1   1.17e+08
     1.146   4.72e+07
     1.255  2.512e+07
     1.342  1.022e+07
     1.415  5.649e+06
     1.477  3.083e+06
     1.532  1.817e+06
      1.58  1.091e+06
     1.623  6.678e+05
     1.663  6.004e+05
     1.699  5.336e+05
     1.732  3.663e+05
     1.763  3.502e+05
     1.792  3.269e+05
      1.82  3.786e+05
     1.845   6.44e+05
     1.869  2.438e+05
     1.892  2.816e+05
     1.914  2.774e+05
     1.935  2.972e+05
     1.954  2.651e+05
     1.973   3.91e+05
     1.991  1.677e+05
     2.009  1.103e+05
     2.025  8.089e+04
     2.041  3.917e+04
     2.057  1.351e+04
     2.072  3.674e+04
     2.086  2.327e+04
       2.1  2.266e+04
     2.114  6.532e+04
     2.127  3.882e+04
      2.14  4.714e+04
     2.152  3.405e+04
     2.164  3.803e+04
     2.176  1.129e+05
     2.188  1.063e+05
     2.199  5.931e+04
      2.21  2.574e+04
      2.22   1.31e+04
      2.23  1.252e+04
     2.241  1.584e+04
      2.25       8213
      2.26       7647
      2.27       7449
     2.279  1.106e+04
     2.288  2.143e+04
     2.297  2.457e+04
     2.305  1.383e+04
     2.314  1.336e+04
     2.322  1.307e+04
      2.33  1.612e+04
     2.338  1.564e+04
     2.346          0
     2.354       9115
     2.362          0
     2.369          0
     2.377       2880
     2.384       2800
     2.391          0
     2.398          0
     2.405          0
     2.412          0
     2.418          0
     2.425          0
     2.431          0
     2.438          0
     2.444          0
      2.45          0
     2.456          0
     2.462          0
     2.468          0
     2.474          0
      2.48          0
     2.486          0
     2.491          0
     2.497          0
     2.502          0
     2.508          0
     2.513          0
     2.519          0
     2.524          0
     2.529          0
     2.534          0
     2.539          0
     2.544          0
