         2  6.135e+10
         6  1.115e+11
        10  1.512e+11
        14  1.779e+11
        18  1.978e+11
        22  2.082e+11
        26  2.152e+11
        30  2.197e+11
        34  2.228e+11
        38  2.249e+11
        42  2.264e+11
        46  2.278e+11
        50  2.292e+11
        54  2.302e+11
        58  2.313e+11
        62  2.324e+11
        66  2.337e+11
     70.01  2.361e+11
     74.01  2.371e+11
     78.01  2.382e+11
     82.01  2.395e+11
     86.01  2.408e+11
     90.01  2.421e+11
     94.01  2.441e+11
     98.01   2.45e+11
       102  2.456e+11
       106  2.461e+11
       110  2.463e+11
       114  2.464e+11
       118  2.466e+11
       122  2.468e+11
       126  2.469e+11
       130  2.474e+11
       134  2.477e+11
       138  2.481e+11
       142  2.483e+11
       146  2.486e+11
       150  2.496e+11
       154  2.505e+11
       158   2.51e+11
       162  2.512e+11
       166  2.513e+11
       170  2.514e+11
       174  2.516e+11
       178  2.517e+11
       182  2.518e+11
       186  2.518e+11
       190   2.52e+11
       194  2.522e+11
       198  2.525e+11
       202  2.526e+11
       206  2.528e+11
       210  2.529e+11
       214  2.531e+11
       218  2.533e+11
       222  2.533e+11
       226  2.534e+11
       230  2.534e+11
       234  2.534e+11
       238  2.534e+11
       242  2.535e+11
       246  2.535e+11
       250  2.535e+11
       254  2.535e+11
       258  2.535e+11
       262  2.535e+11
       266  2.535e+11
       270  2.535e+11
       274  2.535e+11
       278  2.535e+11
       282  2.535e+11
       286  2.535e+11
       290  2.535e+11
       294  2.535e+11
       298  2.535e+11
       302  2.535e+11
       306  2.535e+11
       310  2.535e+11
       314  2.535e+11
       318  2.535e+11
       322  2.535e+11
       326  2.535e+11
       330  2.535e+11
       334  2.535e+11
       338  2.535e+11
       342  2.535e+11
       346  2.535e+11
       350  2.535e+11
