         2  2.494e-16
         6  3.977e-17
        10  1.928e-17
        14  9.143e-18
        18  4.043e-18
        22  1.753e-18
        26  1.563e-18
        30  7.044e-19
        34  6.012e-19
        38  3.924e-19
        42  2.773e-19
        46  2.238e-19
        50  1.552e-19
        54  2.514e-19
        58  1.587e-19
        62  1.531e-19
        66  2.833e-19
     70.01    1.3e-19
     74.01  1.612e-19
     78.01  1.407e-19
     82.01  1.025e-19
     86.01  1.334e-19
     90.01  1.396e-19
     94.01  6.299e-20
     98.01  5.339e-20
       102  3.485e-20
       106  2.233e-20
       110  8.243e-21
       114  1.057e-20
       118  8.828e-21
       122  1.228e-20
       126  1.682e-20
       130  1.634e-20
       134  2.296e-20
       138  1.273e-20
       142  9.318e-21
       146   1.43e-20
       150  4.434e-20
       154  2.619e-20
       158  1.463e-20
       162  6.233e-21
       166  5.172e-21
       170  4.386e-21
       174  5.365e-21
       178   2.28e-21
       182  1.345e-21
       186  5.927e-21
       190  6.788e-21
       194  4.638e-21
       198  5.994e-21
       202  4.874e-21
       206  4.264e-21
       210  5.387e-21
       214  4.646e-21
       218  1.865e-21
       222  1.923e-21
       226  1.078e-21
       230      1e-23
       234  5.009e-22
       238  1.286e-21
       242  1.614e-22
       246      1e-23
       250      1e-23
       254      1e-23
       258      1e-23
       262      1e-23
       266      1e-23
       270      1e-23
       274      1e-23
       278      1e-23
       282      1e-23
       286      1e-23
       290      1e-23
       294      1e-23
       298      1e-23
       302      1e-23
       306      1e-23
       310      1e-23
       314      1e-23
       318      1e-23
       322      1e-23
       326      1e-23
       330      1e-23
       334      1e-23
       338      1e-23
       342      1e-23
       346      1e-23
       350      1e-23
