         2      17.59
         6      19.22
        10      20.14
        14      21.06
        18      22.07
        22      23.13
        26      24.36
        30       26.7
        34      27.49
        38      28.72
        42       29.7
        46      30.46
        50      31.11
        54      31.48
        58      32.53
        62       32.9
        66      33.08
     70.01      33.42
     74.01       33.2
     78.01      33.25
     82.01      33.24
     86.01      32.93
     90.01      33.33
     94.01      33.99
     98.01      34.17
       102      33.95
       106      34.69
       110      35.03
       114      35.03
       118      35.04
       122      35.05
       126      34.93
       130      34.95
       134      34.99
       138      35.02
       142      35.25
       146      35.06
       150      35.11
       154      35.17
       158      35.16
       162      35.33
       166       35.4
       170      35.28
       174      35.26
       178      35.36
       182      35.42
       186      35.27
       190      35.33
       194      35.33
       198       35.3
       202      35.34
       206      35.31
       210      35.26
       214      35.27
       218      35.39
       222      35.42
       226      35.45
       230      35.52
       234      35.49
       238      35.45
       242       35.5
       246      35.52
       250      35.52
       254      35.52
       258      35.52
       262      35.52
       266      35.52
       270      35.52
       274      35.52
       278      35.52
       282      35.52
       286      35.52
       290      35.52
       294      35.52
       298      35.52
       302      35.52
       306      35.52
       310      35.52
       314      35.52
       318      35.52
       322      35.52
       326      35.52
       330      35.52
       334      35.52
       338      35.52
       342      35.52
       346      35.52
       350      35.52
