         2      17.02
         6      19.02
        10       19.8
        14      20.61
        18       21.5
        22      22.41
        26      22.53
        30       23.4
        34      23.57
        38      24.03
        42      24.41
        46      24.64
        50      25.04
        54      24.52
        58      25.01
        62      25.05
        66      24.39
     70.01      25.23
     74.01         25
     78.01      25.15
     82.01      25.49
     86.01       25.2
     90.01      25.15
     94.01      26.02
     98.01       26.2
       102      26.66
       106      27.14
       110      28.23
       114      27.96
       118      28.15
       122      27.79
       126      27.45
       130      27.48
       134      27.11
       138      27.75
       142      28.09
       146      27.63
       150       26.4
       154      26.97
       158       27.6
       162      28.53
       166      28.73
       170      28.91
       174      28.69
       178      29.62
       182      30.19
       186      28.58
       190      28.44
       194      28.85
       198      28.57
       202       28.8
       206      28.94
       210      28.69
       214      28.85
       218      29.84
       222      29.81
       226      30.43
       230      35.52
       234      31.27
       238      30.24
       242       32.5
       246      35.52
       250      35.52
       254      35.52
       258      35.52
       262      35.52
       266      35.52
       270      35.52
       274      35.52
       278      35.52
       282      35.52
       286      35.52
       290      35.52
       294      35.52
       298      35.52
       302      35.52
       306      35.52
       310      35.52
       314      35.52
       318      35.52
       322      35.52
       326      35.52
       330      35.52
       334      35.52
       338      35.52
       342      35.52
       346      35.52
       350      35.52
