     6.003  1.066e+09
        10  2.629e+08
     14.01  1.303e+08
     18.01  8.264e+07
     22.01  6.532e+07
     26.01  5.097e+07
     30.01  4.204e+07
     34.01  3.356e+07
     38.02  2.491e+07
     42.02  2.367e+07
     46.02  2.103e+07
     50.02  1.663e+07
     54.02  1.386e+07
     58.03  1.169e+07
     62.03  1.043e+07
     66.03  8.766e+06
     70.03  8.316e+06
     74.03  7.238e+06
     78.03  6.282e+06
     82.04  5.917e+06
     86.04  5.131e+06
     90.04  4.641e+06
     94.04  3.828e+06
     98.04  3.887e+06
       102  4.173e+06
       106  3.758e+06
       110  3.861e+06
       114  3.856e+06
     118.1  3.449e+06
     122.1  2.967e+06
     126.1  2.452e+06
     130.1  2.191e+06
     134.1  1.759e+06
     138.1  1.558e+06
     142.1  1.857e+06
     146.1  2.638e+06
     150.1    1.6e+06
     154.1  1.473e+06
     158.1   1.65e+06
     162.1  1.115e+06
     166.1  1.405e+06
     170.1  1.916e+06
     174.1  1.308e+06
     178.1  8.993e+05
     182.1  7.862e+05
     186.1  6.872e+05
     190.1  6.454e+05
     194.1  6.985e+05
     198.1  6.771e+05
     202.1  7.258e+05
     206.1  6.273e+05
     210.1  5.248e+05
     214.1  4.482e+05
     218.1  4.611e+05
     222.1  4.292e+05
     226.1  4.101e+05
     230.1  4.343e+05
     234.1  4.104e+05
     238.1  3.991e+05
     242.1  4.351e+05
     246.1  3.545e+05
     250.1  3.636e+05
     254.1  2.786e+05
     258.1  2.018e+05
     262.1  1.686e+05
     266.1  1.761e+05
     270.1  9.346e+04
     274.1  8.011e+04
     278.1  1.013e+05
     282.1  7.188e+04
     286.1  5.537e+04
     290.1  8.009e+04
     294.1  5.151e+04
     298.1  4.541e+04
     302.1  2.922e+04
     306.1  2.859e+04
     310.1  2.735e+04
     314.1  2.063e+04
     318.1  1.352e+04
     322.1       4000
     326.1       8373
     330.1  1.192e+04
     334.1       8628
     338.1       1936
     342.1       3761
     346.2          0
     350.2          0
