     6.003  1.595e+09
        10  5.959e+08
     14.01  3.372e+08
     18.01  2.258e+08
     22.01  1.681e+08
     26.01  1.323e+08
     30.01  1.083e+08
     34.01  9.081e+07
     38.02  7.698e+07
     42.02  6.685e+07
     46.02   5.89e+07
     50.02  5.215e+07
     54.02  4.648e+07
     58.03  4.169e+07
     62.03  3.766e+07
     66.03  3.416e+07
     70.03  3.121e+07
     74.03  2.862e+07
     78.03  2.633e+07
     82.04  2.434e+07
     86.04  2.256e+07
     90.04  2.096e+07
     94.04  1.951e+07
     98.04  1.823e+07
       102  1.713e+07
       106  1.612e+07
       110  1.523e+07
       114  1.443e+07
     118.1  1.369e+07
     122.1  1.298e+07
     126.1  1.232e+07
     130.1  1.169e+07
     134.1   1.11e+07
     138.1  1.055e+07
     142.1  1.006e+07
     146.1  9.651e+06
     150.1  9.222e+06
     154.1  8.819e+06
     158.1  8.456e+06
     162.1  8.094e+06
     166.1  7.772e+06
     170.1  7.496e+06
     174.1  7.212e+06
     178.1  6.928e+06
     182.1  6.658e+06
     186.1  6.401e+06
     190.1  6.159e+06
     194.1  5.934e+06
     198.1  5.721e+06
     202.1  5.524e+06
     206.1  5.333e+06
     210.1   5.15e+06
     214.1  4.974e+06
     218.1  4.809e+06
     222.1  4.651e+06
     226.1  4.501e+06
     230.1   4.36e+06
     234.1  4.225e+06
     238.1  4.096e+06
     242.1  3.975e+06
     246.1  3.857e+06
     250.1  3.745e+06
     254.1  3.636e+06
     258.1   3.53e+06
     262.1  3.427e+06
     266.1  3.329e+06
     270.1  3.233e+06
     274.1  3.141e+06
     278.1  3.054e+06
     282.1  2.969e+06
     286.1  2.888e+06
     290.1   2.81e+06
     294.1  2.735e+06
     298.1  2.663e+06
     302.1  2.593e+06
     306.1  2.526e+06
     310.1  2.462e+06
     314.1    2.4e+06
     318.1   2.34e+06
     322.1  2.282e+06
     326.1  2.226e+06
     330.1  2.172e+06
     334.1   2.12e+06
     338.1   2.07e+06
     342.1  2.022e+06
     346.2  1.975e+06
     350.2   1.93e+06
