    0.7783  1.066e+09
         1  2.629e+08
     1.146  1.303e+08
     1.255  8.264e+07
     1.343  6.532e+07
     1.415  5.097e+07
     1.477  4.204e+07
     1.532  3.356e+07
      1.58  2.491e+07
     1.623  2.367e+07
     1.663  2.103e+07
     1.699  1.663e+07
     1.733  1.386e+07
     1.764  1.169e+07
     1.793  1.043e+07
      1.82  8.766e+06
     1.845  8.316e+06
     1.869  7.238e+06
     1.892  6.282e+06
     1.914  5.917e+06
     1.935  5.131e+06
     1.954  4.641e+06
     1.973  3.828e+06
     1.991  3.887e+06
     2.009  4.173e+06
     2.025  3.758e+06
     2.042  3.861e+06
     2.057  3.856e+06
     2.072  3.449e+06
     2.087  2.967e+06
     2.101  2.452e+06
     2.114  2.191e+06
     2.127  1.759e+06
      2.14  1.558e+06
     2.152  1.857e+06
     2.165  2.638e+06
     2.176    1.6e+06
     2.188  1.473e+06
     2.199   1.65e+06
      2.21  1.115e+06
      2.22  1.405e+06
     2.231  1.916e+06
     2.241  1.308e+06
     2.251  8.993e+05
      2.26  7.862e+05
      2.27  6.872e+05
     2.279  6.454e+05
     2.288  6.985e+05
     2.297  6.771e+05
     2.306  7.258e+05
     2.314  6.273e+05
     2.322  5.248e+05
     2.331  4.482e+05
     2.339  4.611e+05
     2.347  4.292e+05
     2.354  4.101e+05
     2.362  4.343e+05
     2.369  4.104e+05
     2.377  3.991e+05
     2.384  4.351e+05
     2.391  3.545e+05
     2.398  3.636e+05
     2.405  2.786e+05
     2.412  2.018e+05
     2.418  1.686e+05
     2.425  1.761e+05
     2.432  9.346e+04
     2.438  8.011e+04
     2.444  1.013e+05
      2.45  7.188e+04
     2.457  5.537e+04
     2.463  8.009e+04
     2.469  5.151e+04
     2.474  4.541e+04
      2.48  2.922e+04
     2.486  2.859e+04
     2.492  2.735e+04
     2.497  2.063e+04
     2.503  1.352e+04
     2.508       4000
     2.513       8373
     2.519  1.192e+04
     2.524       8628
     2.529       1936
     2.534       3761
     2.539          0
     2.544          0
