    0.7783  1.595e+09
         1  5.959e+08
     1.146  3.372e+08
     1.255  2.258e+08
     1.343  1.681e+08
     1.415  1.323e+08
     1.477  1.083e+08
     1.532  9.081e+07
      1.58  7.698e+07
     1.623  6.685e+07
     1.663   5.89e+07
     1.699  5.215e+07
     1.733  4.648e+07
     1.764  4.169e+07
     1.793  3.766e+07
      1.82  3.416e+07
     1.845  3.121e+07
     1.869  2.862e+07
     1.892  2.633e+07
     1.914  2.434e+07
     1.935  2.256e+07
     1.954  2.096e+07
     1.973  1.951e+07
     1.991  1.823e+07
     2.009  1.713e+07
     2.025  1.612e+07
     2.042  1.523e+07
     2.057  1.443e+07
     2.072  1.369e+07
     2.087  1.298e+07
     2.101  1.232e+07
     2.114  1.169e+07
     2.127   1.11e+07
      2.14  1.055e+07
     2.152  1.006e+07
     2.165  9.651e+06
     2.176  9.222e+06
     2.188  8.819e+06
     2.199  8.456e+06
      2.21  8.094e+06
      2.22  7.772e+06
     2.231  7.496e+06
     2.241  7.212e+06
     2.251  6.928e+06
      2.26  6.658e+06
      2.27  6.401e+06
     2.279  6.159e+06
     2.288  5.934e+06
     2.297  5.721e+06
     2.306  5.524e+06
     2.314  5.333e+06
     2.322   5.15e+06
     2.331  4.974e+06
     2.339  4.809e+06
     2.347  4.651e+06
     2.354  4.501e+06
     2.362   4.36e+06
     2.369  4.225e+06
     2.377  4.096e+06
     2.384  3.975e+06
     2.391  3.857e+06
     2.398  3.745e+06
     2.405  3.636e+06
     2.412   3.53e+06
     2.418  3.427e+06
     2.425  3.329e+06
     2.432  3.233e+06
     2.438  3.141e+06
     2.444  3.054e+06
      2.45  2.969e+06
     2.457  2.888e+06
     2.463   2.81e+06
     2.469  2.735e+06
     2.474  2.663e+06
      2.48  2.593e+06
     2.486  2.526e+06
     2.492  2.462e+06
     2.497    2.4e+06
     2.503   2.34e+06
     2.508  2.282e+06
     2.513  2.226e+06
     2.519  2.172e+06
     2.524   2.12e+06
     2.529   2.07e+06
     2.534  2.022e+06
     2.539  1.975e+06
     2.544   1.93e+06
