     2.001       17.2
     6.003       19.1
        10      19.52
     14.01      20.14
     18.01      20.46
     22.01      20.56
     26.01      20.82
     30.01      21.05
     34.01       21.3
     38.02       21.6
     42.02       21.8
     46.02      21.92
     50.02      22.13
     54.02      22.34
     58.03      22.45
     62.03      22.75
     66.03      22.91
     70.03      23.07
     74.03      23.35
     78.03      23.31
     82.04      23.53
     86.04      23.71
     90.04      24.23
     94.04      24.52
     98.04      24.38
       102      24.47
       106      24.61
       110      24.84
       114      25.11
     118.1      25.17
     122.1      25.59
     126.1       25.7
     130.1      26.49
     134.1      27.32
     138.1      27.22
     142.1      26.75
     146.1      26.85
     150.1       27.1
     154.1      27.42
     158.1       27.7
     162.1      28.92
     166.1      28.97
     170.1      28.83
     174.1      29.13
     178.1      29.23
     182.1      29.49
     186.1      29.56
     190.1      29.29
     194.1       29.5
     198.1      29.53
     202.1       29.9
     206.1      30.18
     210.1      30.56
     214.1      30.56
     218.1      30.34
     222.1      30.89
     226.1         31
     230.1      31.11
     234.1      31.02
     238.1       31.5
     242.1      30.92
     246.1      31.53
     250.1      31.36
     254.1      31.66
     258.1      32.06
     262.1      32.13
     266.1      32.49
     270.1      32.88
     274.1      32.67
     278.1      32.58
     282.1      33.18
     286.1      32.77
     290.1      32.32
     294.1      33.33
     298.1      33.48
     302.1      33.41
     306.1      33.57
     310.1      33.44
     314.1      34.07
     318.1       34.9
     322.1      34.52
     326.1      33.84
     330.1      34.36
     334.1      34.38
     338.1      34.26
     342.1      34.52
     346.2      35.41
     350.2      33.25
