     6.068  4.539e+08
     10.11  1.009e+08
     14.16    3.4e+07
     18.21  1.936e+07
     22.25  1.334e+07
      26.3  1.056e+07
     30.34  8.695e+06
     34.39  6.608e+06
     38.43  5.065e+06
     42.48  2.787e+06
     46.52  1.716e+06
     50.57   1.63e+06
     54.62  9.773e+05
     58.66  7.379e+05
     62.71  8.308e+05
     66.75  5.542e+05
      70.8  4.836e+05
     74.84  4.615e+05
     78.89    4.9e+05
     82.94  3.661e+05
     86.98  1.574e+05
     91.03  2.067e+05
     95.07  1.857e+05
     99.12  1.708e+05
     103.2  1.042e+05
     107.2  1.089e+05
     111.3  1.106e+05
     115.3  6.788e+04
     119.3  2.245e+05
     123.4  2.927e+05
     127.4  1.755e+05
     131.5   1.47e+05
     135.5  9.456e+04
     139.6  1.451e+05
     143.6  1.682e+05
     147.7   1.79e+05
     151.7  1.126e+05
     155.8   6.28e+04
     159.8  4.039e+04
     163.8       4126
     167.9  2.869e+04
     171.9       7890
       176  2.072e+04
       180  2.663e+04
     184.1  1.613e+04
     188.1  2.084e+04
     192.2  2.268e+04
     196.2  1.323e+04
     200.3   5.85e+04
     204.3  5.943e+04
     208.4  5.411e+04
     212.4  3.996e+04
     216.4  4.684e+04
     220.5  4.105e+04
     224.5  2.594e+04
     228.6  2.923e+04
     232.6  2.255e+04
     236.7  1.259e+04
     240.7          0
     244.8       8476
     248.8  1.159e+04
     252.9  1.258e+04
     256.9       9689
     260.9       2941
       265          0
       269       3461
     273.1       2470
     277.1          0
     281.2          0
     285.2       5042
     289.3          0
     293.3          0
     297.4          0
     301.4          0
     305.4          0
     309.5          0
     313.5          0
     317.6          0
     321.6          0
     325.7          0
     329.7          0
     333.8          0
     337.8          0
     341.9          0
     345.9          0
     349.9          0
