     6.068   9.72e+08
     10.11  3.187e+08
     14.16  1.605e+08
     18.21  9.876e+07
     22.25  6.801e+07
      26.3  5.046e+07
     30.34  3.938e+07
     34.39   3.17e+07
     38.43  2.611e+07
     42.48  2.168e+07
     46.52  1.821e+07
     50.57  1.556e+07
     54.62  1.341e+07
     58.66  1.166e+07
     62.71  1.027e+07
     66.75  9.089e+06
      70.8  8.106e+06
     74.84  7.281e+06
     78.89  6.585e+06
     82.94  5.978e+06
     86.98  5.437e+06
     91.03  4.972e+06
     95.07  4.565e+06
     99.12  4.207e+06
     103.2  3.885e+06
     107.2    3.6e+06
     111.3  3.346e+06
     115.3  3.116e+06
     119.3   2.92e+06
     123.4  2.748e+06
     127.4  2.585e+06
     131.5  2.435e+06
     135.5  2.295e+06
     139.6  2.171e+06
     143.6  2.058e+06
     147.7  1.955e+06
     151.7  1.857e+06
     155.8  1.763e+06
     159.8  1.676e+06
     163.8  1.594e+06
     167.9  1.518e+06
     171.9  1.447e+06
       176  1.382e+06
       180  1.321e+06
     184.1  1.263e+06
     188.1   1.21e+06
     192.2   1.16e+06
     196.2  1.113e+06
     200.3   1.07e+06
     204.3   1.03e+06
     208.4  9.922e+05
     212.4  9.559e+05
     216.4  9.219e+05
     220.5  8.896e+05
     224.5  8.585e+05
     228.6  8.291e+05
     232.6  8.011e+05
     236.7  7.741e+05
     240.7  7.481e+05
     244.8  7.237e+05
     248.8  7.005e+05
     252.9  6.785e+05
     256.9  6.574e+05
     260.9  6.371e+05
       265  6.177e+05
       269  5.992e+05
     273.1  5.815e+05
     277.1  5.646e+05
     281.2  5.483e+05
     285.2  5.329e+05
     289.3   5.18e+05
     293.3  5.037e+05
     297.4    4.9e+05
     301.4  4.768e+05
     305.4  4.642e+05
     309.5  4.521e+05
     313.5  4.404e+05
     317.6  4.292e+05
     321.6  4.184e+05
     325.7   4.08e+05
     329.7   3.98e+05
     333.8  3.883e+05
     337.8   3.79e+05
     341.9  3.701e+05
     345.9  3.614e+05
     349.9  3.531e+05
