    0.7831   9.72e+08
     1.005  3.187e+08
     1.151  1.605e+08
      1.26  9.876e+07
     1.347  6.801e+07
      1.42  5.046e+07
     1.482  3.938e+07
     1.536   3.17e+07
     1.585  2.611e+07
     1.628  2.168e+07
     1.668  1.821e+07
     1.704  1.556e+07
     1.737  1.341e+07
     1.768  1.166e+07
     1.797  1.027e+07
     1.824  9.089e+06
      1.85  8.106e+06
     1.874  7.281e+06
     1.897  6.585e+06
     1.919  5.978e+06
     1.939  5.437e+06
     1.959  4.972e+06
     1.978  4.565e+06
     1.996  4.207e+06
     2.014  3.885e+06
      2.03    3.6e+06
     2.046  3.346e+06
     2.062  3.116e+06
     2.077   2.92e+06
     2.091  2.748e+06
     2.105  2.585e+06
     2.119  2.435e+06
     2.132  2.295e+06
     2.145  2.171e+06
     2.157  2.058e+06
     2.169  1.955e+06
     2.181  1.857e+06
     2.192  1.763e+06
     2.204  1.676e+06
     2.214  1.594e+06
     2.225  1.518e+06
     2.235  1.447e+06
     2.245  1.382e+06
     2.255  1.321e+06
     2.265  1.263e+06
     2.274   1.21e+06
     2.284   1.16e+06
     2.293  1.113e+06
     2.302   1.07e+06
      2.31   1.03e+06
     2.319  9.922e+05
     2.327  9.559e+05
     2.335  9.219e+05
     2.343  8.896e+05
     2.351  8.585e+05
     2.359  8.291e+05
     2.367  8.011e+05
     2.374  7.741e+05
     2.382  7.481e+05
     2.389  7.237e+05
     2.396  7.005e+05
     2.403  6.785e+05
      2.41  6.574e+05
     2.417  6.371e+05
     2.423  6.177e+05
      2.43  5.992e+05
     2.436  5.815e+05
     2.443  5.646e+05
     2.449  5.483e+05
     2.455  5.329e+05
     2.461   5.18e+05
     2.467  5.037e+05
     2.473    4.9e+05
     2.479  4.768e+05
     2.485  4.642e+05
     2.491  4.521e+05
     2.496  4.404e+05
     2.502  4.292e+05
     2.507  4.184e+05
     2.513   4.08e+05
     2.518   3.98e+05
     2.523  3.883e+05
     2.529   3.79e+05
     2.534  3.701e+05
     2.539  3.614e+05
     2.544  3.531e+05
