    0.7831  4.539e+08
     1.005  1.009e+08
     1.151    3.4e+07
      1.26  1.936e+07
     1.347  1.334e+07
      1.42  1.056e+07
     1.482  8.695e+06
     1.536  6.608e+06
     1.585  5.065e+06
     1.628  2.787e+06
     1.668  1.716e+06
     1.704   1.63e+06
     1.737  9.773e+05
     1.768  7.379e+05
     1.797  8.308e+05
     1.824  5.542e+05
      1.85  4.836e+05
     1.874  4.615e+05
     1.897    4.9e+05
     1.919  3.661e+05
     1.939  1.574e+05
     1.959  2.067e+05
     1.978  1.857e+05
     1.996  1.708e+05
     2.014  1.042e+05
      2.03  1.089e+05
     2.046  1.106e+05
     2.062  6.788e+04
     2.077  2.245e+05
     2.091  2.927e+05
     2.105  1.755e+05
     2.119   1.47e+05
     2.132  9.456e+04
     2.145  1.451e+05
     2.157  1.682e+05
     2.169   1.79e+05
     2.181  1.126e+05
     2.192   6.28e+04
     2.204  4.039e+04
     2.214       4126
     2.225  2.869e+04
     2.235       7890
     2.245  2.072e+04
     2.255  2.663e+04
     2.265  1.613e+04
     2.274  2.084e+04
     2.284  2.268e+04
     2.293  1.323e+04
     2.302   5.85e+04
      2.31  5.943e+04
     2.319  5.411e+04
     2.327  3.996e+04
     2.335  4.684e+04
     2.343  4.105e+04
     2.351  2.594e+04
     2.359  2.923e+04
     2.367  2.255e+04
     2.374  1.259e+04
     2.382          0
     2.389       8476
     2.396  1.159e+04
     2.403  1.258e+04
      2.41       9689
     2.417       2941
     2.423          0
      2.43       3461
     2.436       2470
     2.443          0
     2.449          0
     2.455       5042
     2.461          0
     2.467          0
     2.473          0
     2.479          0
     2.485          0
     2.491          0
     2.496          0
     2.502          0
     2.507          0
     2.513          0
     2.518          0
     2.523          0
     2.529          0
     2.534          0
     2.539          0
     2.544          0
