     2.023  5.995e+10
     6.068  1.125e+11
     10.11  1.475e+11
     14.16  1.671e+11
     18.21  1.828e+11
     22.25  1.967e+11
      26.3  2.101e+11
     30.34  2.232e+11
     34.39  2.347e+11
     38.43  2.447e+11
     42.48  2.508e+11
     46.52   2.55e+11
     50.57  2.593e+11
     54.62  2.621e+11
     58.66  2.644e+11
     62.71  2.672e+11
     66.75  2.692e+11
      70.8   2.71e+11
     74.84  2.729e+11
     78.89   2.75e+11
     82.94  2.767e+11
     86.98  2.774e+11
     91.03  2.784e+11
     95.07  2.794e+11
     99.12  2.803e+11
     103.2  2.809e+11
     107.2  2.816e+11
     111.3  2.822e+11
     115.3  2.827e+11
     119.3  2.842e+11
     123.4  2.862e+11
     127.4  2.874e+11
     131.5  2.885e+11
     135.5  2.892e+11
     139.6  2.903e+11
     143.6  2.916e+11
     147.7  2.931e+11
     151.7  2.941e+11
     155.8  2.946e+11
     159.8   2.95e+11
     163.8   2.95e+11
     167.9  2.953e+11
     171.9  2.953e+11
       176  2.956e+11
       180  2.958e+11
     184.1   2.96e+11
     188.1  2.962e+11
     192.2  2.964e+11
     196.2  2.966e+11
     200.3  2.973e+11
     204.3  2.979e+11
     208.4  2.986e+11
     212.4   2.99e+11
     216.4  2.996e+11
     220.5  3.001e+11
     224.5  3.004e+11
     228.6  3.008e+11
     232.6  3.011e+11
     236.7  3.013e+11
     240.7  3.013e+11
     244.8  3.014e+11
     248.8  3.016e+11
     252.9  3.017e+11
     256.9  3.019e+11
     260.9  3.019e+11
       265  3.019e+11
       269   3.02e+11
     273.1   3.02e+11
     277.1   3.02e+11
     281.2   3.02e+11
     285.2  3.021e+11
     289.3  3.021e+11
     293.3  3.021e+11
     297.4  3.021e+11
     301.4  3.021e+11
     305.4  3.021e+11
     309.5  3.021e+11
     313.5  3.021e+11
     317.6  3.021e+11
     321.6  3.021e+11
     325.7  3.021e+11
     329.7  3.021e+11
     333.8  3.021e+11
     337.8  3.021e+11
     341.9  3.021e+11
     345.9  3.021e+11
     349.9  3.021e+11
