     2.023  1.858e-16
     6.068  2.757e-17
     10.11  1.173e-17
     14.16  5.616e-18
     18.21  3.919e-18
     22.25  3.148e-18
      26.3  3.202e-18
     30.34  2.199e-18
     34.39  1.988e-18
     38.43  1.182e-18
     42.48  8.836e-19
     46.52   6.93e-19
     50.57  5.479e-19
     54.62  3.967e-19
     58.66   3.06e-19
     62.71  2.837e-19
     66.75  1.883e-19
      70.8  1.812e-19
     74.84  1.627e-19
     78.89  1.574e-19
     82.94  9.433e-20
     86.98  6.641e-20
     91.03  7.165e-20
     95.07  8.133e-20
     99.12  5.266e-20
     103.2  3.643e-20
     107.2  3.747e-20
     111.3  3.345e-20
     115.3  3.851e-20
     119.3  8.969e-20
     123.4  7.109e-20
     127.4  5.174e-20
     131.5  4.575e-20
     135.5  4.048e-20
     139.6  5.011e-20
     143.6  6.254e-20
     147.7  4.728e-20
     151.7  2.556e-20
     155.8  2.496e-20
     159.8  5.591e-21
     163.8  6.872e-21
     167.9  2.706e-21
     171.9  9.009e-21
       176  1.953e-20
       180  1.794e-20
     184.1  1.539e-20
     188.1  2.071e-20
     192.2  1.018e-20
     196.2  3.025e-20
     200.3  2.694e-20
     204.3  3.071e-20
     208.4  1.916e-20
     212.4  2.946e-20
     216.4  1.547e-20
     220.5  1.721e-20
     224.5  1.372e-20
     228.6  1.044e-20
     232.6  5.212e-21
     236.7  3.142e-21
     240.7  1.949e-21
     244.8   5.27e-21
     248.8  8.166e-21
     252.9  1.748e-20
     256.9  8.929e-21
     260.9  1.107e-21
       265  3.153e-21
       269   2.21e-21
     273.1   4.01e-22
     277.1  1.028e-22
     281.2  4.577e-21
     285.2  3.033e-21
     289.3      1e-23
     293.3      1e-23
     297.4      1e-23
     301.4      1e-23
     305.4      1e-23
     309.5      1e-23
     313.5      1e-23
     317.6      1e-23
     321.6      1e-23
     325.7      1e-23
     329.7      1e-23
     333.8      1e-23
     337.8      1e-23
     341.9      1e-23
     345.9      1e-23
     349.9      1e-23
