     2.023      17.88
     6.068      19.66
     10.11       20.6
     14.16       21.3
     18.21      21.69
     22.25      22.19
      26.3      22.49
     30.34      23.16
     34.39      23.33
     38.43       24.6
     42.48      25.67
     46.52      26.77
     50.57      27.46
     54.62      27.94
     58.66      28.32
     62.71      28.64
     66.75      29.84
      70.8      30.25
     74.84      30.56
     78.89      30.67
     82.94      31.97
     86.98       32.8
     91.03      32.43
     95.07      33.19
     99.12      33.49
     103.2      33.96
     107.2      34.01
     111.3      34.42
     115.3      34.58
     119.3      34.29
     123.4       34.3
     127.4      34.39
     131.5      34.45
     135.5      34.61
     139.6      34.38
     143.6      34.46
     147.7      34.98
     151.7      34.95
     155.8      34.77
     159.8      35.22
     163.8      35.17
     167.9       35.3
     171.9       35.2
       176      35.25
       180       35.3
     184.1      35.14
     188.1      35.17
     192.2      35.29
     196.2      35.15
     200.3      35.13
     204.3      35.13
     208.4      35.13
     212.4      35.04
     216.4      35.15
     220.5      35.11
     224.5      35.16
     228.6      35.29
     232.6      35.33
     236.7      35.37
     240.7      35.42
     244.8      35.35
     248.8      35.36
     252.9      35.28
     256.9      35.35
     260.9      35.45
       265      35.46
       269      35.42
     273.1      35.49
     277.1       35.5
     281.2      35.36
     285.2      35.41
     289.3      35.52
     293.3      35.52
     297.4      35.52
     301.4      35.52
     305.4      35.52
     309.5      35.52
     313.5      35.52
     317.6      35.52
     321.6      35.52
     325.7      35.52
     329.7      35.52
     333.8      35.52
     337.8      35.52
     341.9      35.52
     345.9      35.52
     349.9      35.52
