     2.023      17.34
     6.068      19.42
     10.11      20.34
     14.16      21.14
     18.21      21.53
     22.25      21.77
      26.3      21.75
     30.34      22.16
     34.39      22.27
     38.43      22.83
     42.48      23.15
     46.52      23.41
     50.57      23.67
     54.62      24.02
     58.66       24.3
     62.71      24.38
     66.75      24.83
      70.8      24.87
     74.84      24.99
     78.89      25.02
     82.94      25.58
     86.98      25.96
     91.03      25.88
     95.07      25.74
     99.12      26.21
     103.2      26.61
     107.2      26.58
     111.3      26.71
     115.3      26.55
     119.3      25.63
     123.4      25.89
     127.4      26.23
     131.5      26.37
     135.5       26.5
     139.6      26.27
     143.6      26.03
     147.7      26.33
     151.7         27
     155.8      27.02
     159.8      28.65
     163.8      28.42
     167.9      29.44
     171.9      28.13
       176      27.29
       180      27.38
     184.1      27.55
     188.1      27.23
     192.2         28
     196.2      26.81
     200.3      26.94
     204.3       26.8
     208.4      27.31
     212.4      26.84
     216.4      27.54
     220.5      27.43
     224.5      27.67
     228.6      27.97
     232.6      28.72
     236.7      29.27
     240.7      29.79
     244.8      28.71
     248.8      28.24
     252.9      27.41
     256.9      28.14
     260.9      30.41
       265      29.27
       269      29.66
     273.1      31.51
     277.1      32.99
     281.2      28.86
     285.2      29.31
     289.3      35.52
     293.3      35.52
     297.4      35.52
     301.4      35.52
     305.4      35.52
     309.5      35.52
     313.5      35.52
     317.6      35.52
     321.6      35.52
     325.7      35.52
     329.7      35.52
     333.8      35.52
     337.8      35.52
     341.9      35.52
     345.9      35.52
     349.9      35.52
