     6.065  4.178e+08
     10.11  9.395e+07
     14.15  5.186e+07
      18.2  3.724e+07
     22.24  2.867e+07
     26.28  1.973e+07
     30.33  1.497e+07
     34.37  1.193e+07
     38.41  8.691e+06
     42.46  6.051e+06
      46.5  4.265e+06
     50.54  4.063e+06
     54.59  3.025e+06
     58.63   2.79e+06
     62.67  2.164e+06
     66.72  1.836e+06
     70.76  1.766e+06
      74.8  1.579e+06
     78.85  1.775e+06
     82.89  1.321e+06
     86.93  1.162e+06
     90.98  1.193e+06
     95.02  1.048e+06
     99.06  7.633e+05
     103.1  7.178e+05
     107.1  5.215e+05
     111.2  5.223e+05
     115.2  3.049e+05
     119.3  3.329e+05
     123.3  3.705e+05
     127.4  3.293e+05
     131.4  3.361e+05
     135.5  2.719e+05
     139.5  2.577e+05
     143.5  2.928e+05
     147.6  2.367e+05
     151.6  4.269e+05
     155.7   2.16e+05
     159.7  1.523e+05
     163.8  1.601e+05
     167.8  1.098e+05
     171.8  1.427e+05
     175.9  1.231e+05
     179.9  1.159e+05
       184  8.645e+04
       188  7.274e+04
     192.1  5.412e+04
     196.1  6.286e+04
     200.1  4.041e+04
     204.2  2.534e+04
     208.2  3.801e+04
     212.3  3.255e+04
     216.3  4.655e+04
     220.4  2.077e+04
     224.4  5.919e+04
     228.5  2.446e+04
     232.5  1.664e+04
     236.5       7859
     240.6  3.198e+04
     244.6  1.884e+04
     248.7  2.144e+04
     252.7  2.125e+04
     256.8   1.59e+04
     260.8  1.557e+04
     264.8  2.773e+04
     268.9  1.104e+04
     272.9  1.197e+04
       277  1.278e+04
       281  1.757e+04
     285.1       2540
     289.1       9569
     293.1       8888
     297.2       9924
     301.2          0
     305.3       7039
     309.3       8380
     313.4          0
     317.4       4050
     321.4          0
     325.5          0
     329.5       2187
     333.6          0
     337.6       3757
     341.7       1853
     345.7          0
     349.8          0
