     6.065  6.505e+08
     10.11  2.331e+08
     14.15  1.324e+08
      18.2  9.077e+07
     22.24  6.841e+07
     26.28  5.354e+07
     30.33  4.331e+07
     34.37  3.595e+07
     38.41  3.023e+07
     42.46  2.564e+07
      46.5  2.193e+07
     50.54  1.907e+07
     54.59   1.67e+07
     58.63  1.478e+07
     62.67  1.316e+07
     66.72  1.179e+07
     70.76  1.064e+07
      74.8  9.663e+06
     78.85  8.855e+06
     82.89   8.12e+06
     86.93  7.473e+06
     90.98  6.915e+06
     95.02  6.416e+06
     99.06  5.955e+06
     103.1  5.544e+06
     107.1  5.165e+06
     111.2  4.828e+06
     115.2  4.511e+06
     119.3  4.227e+06
     123.3  3.975e+06
     127.4  3.743e+06
     131.4  3.534e+06
     135.5  3.339e+06
     139.5   3.16e+06
     143.5  2.999e+06
     147.6  2.848e+06
     151.6  2.718e+06
     155.7  2.588e+06
     159.7  2.465e+06
     163.8  2.351e+06
     167.8  2.243e+06
     171.8  2.144e+06
     175.9  2.052e+06
     179.9  1.965e+06
       184  1.882e+06
       188  1.804e+06
     192.1  1.731e+06
     196.1  1.662e+06
     200.1  1.596e+06
     204.2  1.534e+06
     208.2  1.476e+06
     212.3  1.421e+06
     216.3   1.37e+06
     220.4   1.32e+06
     224.4  1.275e+06
     228.5   1.23e+06
     232.5  1.188e+06
     236.5  1.148e+06
     240.6   1.11e+06
     244.6  1.074e+06
     248.7   1.04e+06
     252.7  1.007e+06
     256.8  9.762e+05
     260.8  9.464e+05
     264.8  9.184e+05
     268.9  8.911e+05
     272.9   8.65e+05
       277  8.402e+05
       281  8.165e+05
     285.1  7.934e+05
     289.1  7.715e+05
     293.1  7.504e+05
     297.2  7.303e+05
     301.2  7.107e+05
     305.3   6.92e+05
     309.3  6.742e+05
     313.4  6.568e+05
     317.4  6.401e+05
     321.4   6.24e+05
     325.5  6.085e+05
     329.5  5.937e+05
     333.6  5.793e+05
     337.6  5.655e+05
     341.7  5.521e+05
     345.7  5.392e+05
     349.8  5.268e+05
