    0.7828  6.505e+08
     1.005  2.331e+08
     1.151  1.324e+08
      1.26  9.077e+07
     1.347  6.841e+07
      1.42  5.354e+07
     1.482  4.331e+07
     1.536  3.595e+07
     1.584  3.023e+07
     1.628  2.564e+07
     1.667  2.193e+07
     1.704  1.907e+07
     1.737   1.67e+07
     1.768  1.478e+07
     1.797  1.316e+07
     1.824  1.179e+07
      1.85  1.064e+07
     1.874  9.663e+06
     1.897  8.855e+06
     1.918   8.12e+06
     1.939  7.473e+06
     1.959  6.915e+06
     1.978  6.416e+06
     1.996  5.955e+06
     2.013  5.544e+06
      2.03  5.165e+06
     2.046  4.828e+06
     2.062  4.511e+06
     2.077  4.227e+06
     2.091  3.975e+06
     2.105  3.743e+06
     2.119  3.534e+06
     2.132  3.339e+06
     2.145   3.16e+06
     2.157  2.999e+06
     2.169  2.848e+06
     2.181  2.718e+06
     2.192  2.588e+06
     2.203  2.465e+06
     2.214  2.351e+06
     2.225  2.243e+06
     2.235  2.144e+06
     2.245  2.052e+06
     2.255  1.965e+06
     2.265  1.882e+06
     2.274  1.804e+06
     2.283  1.731e+06
     2.292  1.662e+06
     2.301  1.596e+06
      2.31  1.534e+06
     2.319  1.476e+06
     2.327  1.421e+06
     2.335   1.37e+06
     2.343   1.32e+06
     2.351  1.275e+06
     2.359   1.23e+06
     2.366  1.188e+06
     2.374  1.148e+06
     2.381   1.11e+06
     2.388  1.074e+06
     2.396   1.04e+06
     2.403  1.007e+06
      2.41  9.762e+05
     2.416  9.464e+05
     2.423  9.184e+05
      2.43  8.911e+05
     2.436   8.65e+05
     2.442  8.402e+05
     2.449  8.165e+05
     2.455  7.934e+05
     2.461  7.715e+05
     2.467  7.504e+05
     2.473  7.303e+05
     2.479  7.107e+05
     2.485   6.92e+05
      2.49  6.742e+05
     2.496  6.568e+05
     2.502  6.401e+05
     2.507   6.24e+05
     2.513  6.085e+05
     2.518  5.937e+05
     2.523  5.793e+05
     2.528  5.655e+05
     2.534  5.521e+05
     2.539  5.392e+05
     2.544  5.268e+05
