    0.7828  4.178e+08
     1.005  9.395e+07
     1.151  5.186e+07
      1.26  3.724e+07
     1.347  2.867e+07
      1.42  1.973e+07
     1.482  1.497e+07
     1.536  1.193e+07
     1.584  8.691e+06
     1.628  6.051e+06
     1.667  4.265e+06
     1.704  4.063e+06
     1.737  3.025e+06
     1.768   2.79e+06
     1.797  2.164e+06
     1.824  1.836e+06
      1.85  1.766e+06
     1.874  1.579e+06
     1.897  1.775e+06
     1.918  1.321e+06
     1.939  1.162e+06
     1.959  1.193e+06
     1.978  1.048e+06
     1.996  7.633e+05
     2.013  7.178e+05
      2.03  5.215e+05
     2.046  5.223e+05
     2.062  3.049e+05
     2.077  3.329e+05
     2.091  3.705e+05
     2.105  3.293e+05
     2.119  3.361e+05
     2.132  2.719e+05
     2.145  2.577e+05
     2.157  2.928e+05
     2.169  2.367e+05
     2.181  4.269e+05
     2.192   2.16e+05
     2.203  1.523e+05
     2.214  1.601e+05
     2.225  1.098e+05
     2.235  1.427e+05
     2.245  1.231e+05
     2.255  1.159e+05
     2.265  8.645e+04
     2.274  7.274e+04
     2.283  5.412e+04
     2.292  6.286e+04
     2.301  4.041e+04
      2.31  2.534e+04
     2.319  3.801e+04
     2.327  3.255e+04
     2.335  4.655e+04
     2.343  2.077e+04
     2.351  5.919e+04
     2.359  2.446e+04
     2.366  1.664e+04
     2.374       7859
     2.381  3.198e+04
     2.388  1.884e+04
     2.396  2.144e+04
     2.403  2.125e+04
      2.41   1.59e+04
     2.416  1.557e+04
     2.423  2.773e+04
      2.43  1.104e+04
     2.436  1.197e+04
     2.442  1.278e+04
     2.449  1.757e+04
     2.455       2540
     2.461       9569
     2.467       8888
     2.473       9924
     2.479          0
     2.485       7039
      2.49       8380
     2.496          0
     2.502       4050
     2.507          0
     2.513          0
     2.518       2187
     2.523          0
     2.528       3757
     2.534       1853
     2.539          0
     2.544          0
