     2.022      19.32
     6.065      20.95
     10.11       21.6
     14.15      21.87
      18.2      22.06
     22.24      22.51
     26.28      22.94
     30.33       23.1
     34.37      23.47
     38.41      23.72
     42.46      24.28
      46.5       24.5
     50.54      24.78
     54.59      25.44
     58.63      25.71
     62.67      25.63
     66.72      25.91
     70.76      26.17
      74.8       26.9
     78.85      26.99
     82.89       27.9
     86.93      27.91
     90.98      28.22
     95.02      28.94
     99.06      29.04
     103.1      29.77
     107.1      30.41
     111.2      30.82
     115.2      32.15
     119.3      31.16
     123.3      31.35
     127.4      31.97
     131.4      31.88
     135.5      32.56
     139.5       32.4
     143.5      32.56
     147.6      32.78
     151.6         33
     155.7      33.28
     159.7       33.5
     163.8      33.49
     167.8      33.85
     171.8      33.61
     175.9       33.8
     179.9      34.08
       184      34.21
       188      34.62
     192.1      34.37
     196.1      34.64
     200.1       34.9
     204.2      34.92
     208.2      34.78
     212.3      34.87
     216.3      34.94
     220.4      34.89
     224.4       34.8
     228.5      35.05
     232.5       35.3
     236.5      35.16
     240.6      35.07
     244.6      35.13
     248.7      35.18
     252.7      35.04
     256.8      35.09
     260.8      34.98
     264.8      34.76
     268.9      35.13
     272.9      35.09
       277      34.87
       281      35.03
     285.1      35.23
     289.1      35.03
     293.1      35.01
     297.2      35.18
     301.2      35.19
     305.3      35.07
     309.3      34.94
     313.4      35.27
     317.4      35.28
     321.4      35.52
     325.5      35.38
     329.5      35.32
     333.6      35.12
     337.6      34.67
     341.7      34.89
     345.7      35.49
     349.8      35.52
