     6.049  2.156e+08
     10.08  3.916e+07
     14.11   1.86e+07
     18.15  1.038e+07
     22.18  6.681e+06
     26.21  6.358e+06
     30.25  4.014e+06
     34.28  3.428e+06
     38.31  2.669e+06
     42.34  1.881e+06
     46.38  1.896e+06
     50.41  1.959e+06
     54.44  1.114e+06
     58.48  8.732e+05
     62.51  7.234e+05
     66.54  8.535e+05
     70.57   4.65e+05
     74.61  8.269e+05
     78.64  8.515e+05
     82.67  3.203e+05
     86.71   2.44e+05
     90.74   2.61e+05
     94.77  2.404e+05
      98.8  2.393e+05
     102.8  1.394e+05
     106.9  1.425e+05
     110.9  1.462e+05
     114.9  7.983e+04
       119  8.284e+04
       123   2.28e+04
       127  9.396e+04
     131.1  1.071e+05
     135.1   3.72e+04
     139.1       5095
     143.2  1.026e+04
     147.2          0
     151.2       4438
     155.3          0
     159.3       8976
     163.3       4222
     167.4       4089
     171.4       3993
     175.4          0
     179.5          0
     183.5          0
     187.5          0
     191.6          0
     195.6       4001
     199.6       3895
     203.7          0
     207.7          0
     211.7       3642
     215.8       3421
     219.8          0
     223.8          0
     227.9       6430
     231.9          0
     235.9       6270
       240          0
       244          0
       248       2999
     252.1          0
     256.1          0
     260.1          0
     264.2          0
     268.2          0
     272.2          0
     276.2          0
     280.3          0
     284.3          0
     288.3          0
     292.4          0
     296.4          0
     300.4          0
     304.5          0
     308.5          0
     312.5          0
     316.6          0
     320.6          0
     324.6          0
     328.7          0
     332.7          0
     336.7          0
     340.8          0
     344.8          0
     348.8          0
