     6.049  5.367e+08
     10.08  1.635e+08
     14.11  8.302e+07
     18.15  5.124e+07
     22.18   3.52e+07
     26.21  2.639e+07
     30.25  2.045e+07
     34.28  1.646e+07
     38.31  1.357e+07
     42.34  1.135e+07
     46.38  9.706e+06
     50.41  8.469e+06
     54.44  7.381e+06
     58.48  6.484e+06
     62.51  5.742e+06
     66.54   5.15e+06
     70.57  4.615e+06
     74.61  4.206e+06
     78.64  3.862e+06
     82.67  3.517e+06
     86.71  3.212e+06
     90.74   2.95e+06
     94.77   2.72e+06
      98.8  2.517e+06
     102.8  2.331e+06
     106.9  2.166e+06
     110.9  2.019e+06
     114.9  1.883e+06
       119  1.761e+06
       123  1.647e+06
       127  1.548e+06
     131.1   1.46e+06
     135.1  1.375e+06
     139.1  1.295e+06
     143.2  1.223e+06
     147.2  1.156e+06
     151.2  1.095e+06
     155.3  1.038e+06
     159.3  9.857e+05
     163.3  9.372e+05
     167.4  8.922e+05
     171.4  8.504e+05
     175.4  8.113e+05
     179.5  7.749e+05
     183.5  7.408e+05
     187.5   7.09e+05
     191.6  6.791e+05
     195.6  6.513e+05
     199.6  6.251e+05
     203.7  6.004e+05
     207.7  5.771e+05
     211.7  5.552e+05
     215.8  5.346e+05
     219.8   5.15e+05
     223.8  4.964e+05
     227.9  4.791e+05
     231.9  4.624e+05
     235.9  4.468e+05
       240  4.318e+05
       244  4.175e+05
       248   4.04e+05
     252.1  3.911e+05
     256.1  3.788e+05
     260.1  3.671e+05
     264.2  3.559e+05
     268.2  3.451e+05
     272.2  3.349e+05
     276.2  3.251e+05
     280.3  3.158e+05
     284.3  3.068e+05
     288.3  2.982e+05
     292.4    2.9e+05
     296.4  2.821e+05
     300.4  2.746e+05
     304.5  2.673e+05
     308.5  2.603e+05
     312.5  2.536e+05
     316.6  2.471e+05
     320.6  2.409e+05
     324.6  2.349e+05
     328.7  2.292e+05
     332.7  2.236e+05
     336.7  2.182e+05
     340.8  2.131e+05
     344.8  2.081e+05
     348.8  2.033e+05
