    0.7817  5.367e+08
     1.004  1.635e+08
      1.15  8.302e+07
     1.259  5.124e+07
     1.346   3.52e+07
     1.419  2.639e+07
     1.481  2.045e+07
     1.535  1.646e+07
     1.583  1.357e+07
     1.627  1.135e+07
     1.666  9.706e+06
     1.703  8.469e+06
     1.736  7.381e+06
     1.767  6.484e+06
     1.796  5.742e+06
     1.823   5.15e+06
     1.849  4.615e+06
     1.873  4.206e+06
     1.896  3.862e+06
     1.917  3.517e+06
     1.938  3.212e+06
     1.958   2.95e+06
     1.977   2.72e+06
     1.995  2.517e+06
     2.012  2.331e+06
     2.029  2.166e+06
     2.045  2.019e+06
      2.06  1.883e+06
     2.075  1.761e+06
      2.09  1.647e+06
     2.104  1.548e+06
     2.117   1.46e+06
     2.131  1.375e+06
     2.143  1.295e+06
     2.156  1.223e+06
     2.168  1.156e+06
      2.18  1.095e+06
     2.191  1.038e+06
     2.202  9.857e+05
     2.213  9.372e+05
     2.224  8.922e+05
     2.234  8.504e+05
     2.244  8.113e+05
     2.254  7.749e+05
     2.264  7.408e+05
     2.273   7.09e+05
     2.282  6.791e+05
     2.291  6.513e+05
       2.3  6.251e+05
     2.309  6.004e+05
     2.317  5.771e+05
     2.326  5.552e+05
     2.334  5.346e+05
     2.342   5.15e+05
      2.35  4.964e+05
     2.358  4.791e+05
     2.365  4.624e+05
     2.373  4.468e+05
      2.38  4.318e+05
     2.387  4.175e+05
     2.394   4.04e+05
     2.401  3.911e+05
     2.408  3.788e+05
     2.415  3.671e+05
     2.422  3.559e+05
     2.428  3.451e+05
     2.435  3.349e+05
     2.441  3.251e+05
     2.448  3.158e+05
     2.454  3.068e+05
      2.46  2.982e+05
     2.466    2.9e+05
     2.472  2.821e+05
     2.478  2.746e+05
     2.484  2.673e+05
     2.489  2.603e+05
     2.495  2.536e+05
       2.5  2.471e+05
     2.506  2.409e+05
     2.511  2.349e+05
     2.517  2.292e+05
     2.522  2.236e+05
     2.527  2.182e+05
     2.532  2.131e+05
     2.538  2.081e+05
     2.543  2.033e+05
