    0.7817  2.156e+08
     1.004  3.916e+07
      1.15   1.86e+07
     1.259  1.038e+07
     1.346  6.681e+06
     1.419  6.358e+06
     1.481  4.014e+06
     1.535  3.428e+06
     1.583  2.669e+06
     1.627  1.881e+06
     1.666  1.896e+06
     1.703  1.959e+06
     1.736  1.114e+06
     1.767  8.732e+05
     1.796  7.234e+05
     1.823  8.535e+05
     1.849   4.65e+05
     1.873  8.269e+05
     1.896  8.515e+05
     1.917  3.203e+05
     1.938   2.44e+05
     1.958   2.61e+05
     1.977  2.404e+05
     1.995  2.393e+05
     2.012  1.394e+05
     2.029  1.425e+05
     2.045  1.462e+05
      2.06  7.983e+04
     2.075  8.284e+04
      2.09   2.28e+04
     2.104  9.396e+04
     2.117  1.071e+05
     2.131   3.72e+04
     2.143       5095
     2.156  1.026e+04
     2.168          0
      2.18       4438
     2.191          0
     2.202       8976
     2.213       4222
     2.224       4089
     2.234       3993
     2.244          0
     2.254          0
     2.264          0
     2.273          0
     2.282          0
     2.291       4001
       2.3       3895
     2.309          0
     2.317          0
     2.326       3642
     2.334       3421
     2.342          0
      2.35          0
     2.358       6430
     2.365          0
     2.373       6270
      2.38          0
     2.387          0
     2.394       2999
     2.401          0
     2.408          0
     2.415          0
     2.422          0
     2.428          0
     2.435          0
     2.441          0
     2.448          0
     2.454          0
      2.46          0
     2.466          0
     2.472          0
     2.478          0
     2.484          0
     2.489          0
     2.495          0
       2.5          0
     2.506          0
     2.511          0
     2.517          0
     2.522          0
     2.527          0
     2.532          0
     2.538          0
     2.543          0
