     2.016  3.692e+10
     6.049   6.17e+10
     10.08   7.52e+10
     14.11  8.589e+10
     18.15  9.425e+10
     22.18  1.012e+11
     26.21  1.092e+11
     30.25  1.152e+11
     34.28  1.211e+11
     38.31  1.263e+11
     42.34  1.304e+11
     46.38   1.35e+11
     50.41  1.402e+11
     54.44  1.434e+11
     58.48  1.461e+11
     62.51  1.485e+11
     66.54  1.516e+11
     70.57  1.533e+11
     74.61  1.567e+11
     78.64  1.603e+11
     82.67  1.617e+11
     86.71  1.629e+11
     90.74  1.641e+11
     94.77  1.654e+11
      98.8  1.667e+11
     102.8  1.675e+11
     106.9  1.683e+11
     110.9  1.692e+11
     114.9  1.697e+11
       119  1.702e+11
       123  1.704e+11
       127  1.711e+11
     131.1  1.718e+11
     135.1  1.721e+11
     139.1  1.722e+11
     143.2  1.722e+11
     147.2  1.722e+11
     151.2  1.723e+11
     155.3  1.723e+11
     159.3  1.723e+11
     163.3  1.724e+11
     167.4  1.724e+11
     171.4  1.725e+11
     175.4  1.725e+11
     179.5  1.725e+11
     183.5  1.725e+11
     187.5  1.725e+11
     191.6  1.725e+11
     195.6  1.725e+11
     199.6  1.726e+11
     203.7  1.726e+11
     207.7  1.726e+11
     211.7  1.726e+11
     215.8  1.726e+11
     219.8  1.726e+11
     223.8  1.726e+11
     227.9  1.727e+11
     231.9  1.727e+11
     235.9  1.728e+11
       240  1.728e+11
       244  1.728e+11
       248  1.728e+11
     252.1  1.728e+11
     256.1  1.728e+11
     260.1  1.728e+11
     264.2  1.728e+11
     268.2  1.728e+11
     272.2  1.728e+11
     276.2  1.728e+11
     280.3  1.728e+11
     284.3  1.728e+11
     288.3  1.728e+11
     292.4  1.728e+11
     296.4  1.728e+11
     300.4  1.728e+11
     304.5  1.728e+11
     308.5  1.728e+11
     312.5  1.728e+11
     316.6  1.728e+11
     320.6  1.728e+11
     324.6  1.728e+11
     328.7  1.728e+11
     332.7  1.728e+11
     336.7  1.728e+11
     340.8  1.728e+11
     344.8  1.728e+11
     348.8  1.728e+11
