     2.016      17.74
     6.049         20
     10.08      20.94
     14.11       21.8
     18.15       22.3
     22.18      22.79
     26.21       23.6
     30.25      23.85
     34.28      24.72
     38.31      25.17
     42.34      25.58
     46.38      26.58
     50.41      27.44
     54.44      29.11
     58.48      29.75
     62.51      30.58
     66.54      31.28
     70.57      32.25
     74.61      32.38
     78.64      32.69
     82.67      33.43
     86.71      33.58
     90.74      33.38
     94.77      33.35
      98.8      34.02
     102.8      33.94
     106.9      34.07
     110.9      34.37
     114.9      34.63
       119      34.93
       123      34.87
       127      34.68
     131.1      34.67
     135.1       35.2
     139.1       35.3
     143.2      35.46
     147.2      35.45
     151.2      35.49
     155.3      35.39
     159.3      35.37
     163.3      35.46
     167.4      35.46
     171.4      35.47
     175.4      35.52
     179.5      35.52
     183.5      35.52
     187.5      35.52
     191.6      35.46
     195.6      35.47
     199.6      35.45
     203.7       35.5
     207.7      35.48
     211.7      35.43
     215.8       35.5
     219.8      35.52
     223.8      35.49
     227.9      35.45
     231.9      35.44
     235.9      35.45
       240      35.52
       244       35.5
       248      35.47
     252.1      35.52
     256.1      35.52
     260.1      35.52
     264.2      35.52
     268.2      35.52
     272.2      35.52
     276.2      35.52
     280.3      35.52
     284.3      35.52
     288.3      35.52
     292.4      35.52
     296.4      35.52
     300.4      35.52
     304.5      35.52
     308.5      35.52
     312.5      35.52
     316.6      35.52
     320.6      35.52
     324.6      35.52
     328.7      35.52
     332.7      35.52
     336.7      35.52
     340.8      35.52
     344.8      35.52
     348.8      35.52
