     2.016  2.871e-16
     6.049  1.936e-17
     10.08  8.673e-18
     14.11  3.824e-18
     18.15  2.498e-18
     22.18  1.757e-18
     26.21  1.331e-18
     30.25   1.32e-18
     34.28  1.113e-18
     38.31   7.96e-19
     42.34  6.943e-19
     46.38  8.657e-19
     50.41   7.86e-19
     54.44  4.266e-19
     58.48  3.659e-19
     62.51   4.64e-19
     66.54  2.933e-19
     70.57  2.264e-19
     74.61  3.055e-19
     78.64  1.864e-19
     82.67  9.145e-20
     86.71  8.003e-20
     90.74  8.625e-20
     94.77  8.822e-20
      98.8  5.097e-20
     102.8  6.219e-20
     106.9  4.052e-20
     110.9  4.446e-20
     114.9  2.729e-20
       119  1.381e-20
       123   3.33e-20
       127  6.503e-20
     131.1  4.069e-20
     135.1  8.485e-21
     139.1  6.963e-21
     143.2  1.117e-21
     147.2  1.152e-21
     151.2  8.692e-23
     155.3  3.594e-21
     159.3  2.439e-21
     163.3  7.398e-22
     167.4  1.048e-21
     171.4   9.87e-22
     175.4      1e-23
     179.5      1e-23
     183.5      1e-23
     187.5      1e-23
     191.6  2.743e-21
     195.6  1.255e-21
     199.6  3.639e-21
     203.7   1.45e-22
     207.7  1.541e-21
     211.7  3.898e-21
     215.8  7.885e-23
     219.8      1e-23
     223.8  1.015e-21
     227.9   3.02e-21
     231.9  2.372e-21
     235.9  2.081e-21
       240      1e-23
       244  1.746e-22
       248  1.685e-21
     252.1  1.011e-23
     256.1      1e-23
     260.1      1e-23
     264.2      1e-23
     268.2      1e-23
     272.2      1e-23
     276.2      1e-23
     280.3      1e-23
     284.3      1e-23
     288.3      1e-23
     292.4      1e-23
     296.4      1e-23
     300.4      1e-23
     304.5      1e-23
     308.5      1e-23
     312.5      1e-23
     316.6      1e-23
     320.6      1e-23
     324.6      1e-23
     328.7      1e-23
     332.7      1e-23
     336.7      1e-23
     340.8      1e-23
     344.8      1e-23
     348.8      1e-23
