     2.016      16.87
     6.049       19.8
     10.08      20.67
     14.11      21.56
     18.15      22.02
     22.18       22.4
     26.21      22.71
     30.25      22.71
     34.28       22.9
     38.31      23.26
     42.34      23.41
     46.38      23.17
     50.41      23.28
     54.44      23.94
     58.48      24.11
     62.51      23.85
     66.54      24.35
     70.57      24.63
     74.61       24.3
     78.64      24.84
     82.67      25.61
     86.71      25.76
     90.74      25.68
     94.77      25.65
      98.8      26.25
     102.8      26.03
     106.9       26.5
     110.9       26.4
     114.9      26.93
       119      27.67
       123      26.71
       127      25.98
     131.1      26.49
     135.1      28.19
     139.1      28.41
     143.2       30.4
     147.2      30.36
     151.2      33.17
     155.3      29.13
     159.3      29.55
     163.3      30.84
     167.4      30.47
     171.4      30.53
     175.4      35.52
     179.5      35.52
     183.5      35.52
     187.5      35.52
     191.6      29.42
     195.6      30.27
     199.6      29.11
     203.7      32.61
     207.7      30.05
     211.7      29.04
     215.8      33.27
     219.8      35.52
     223.8       30.5
     227.9      29.32
     231.9      29.58
     235.9      29.72
       240      35.52
       244      32.41
       248      29.95
     252.1       35.5
     256.1      35.52
     260.1      35.52
     264.2      35.52
     268.2      35.52
     272.2      35.52
     276.2      35.52
     280.3      35.52
     284.3      35.52
     288.3      35.52
     292.4      35.52
     296.4      35.52
     300.4      35.52
     304.5      35.52
     308.5      35.52
     312.5      35.52
     316.6      35.52
     320.6      35.52
     324.6      35.52
     328.7      35.52
     332.7      35.52
     336.7      35.52
     340.8      35.52
     344.8      35.52
     348.8      35.52
