     6.065  4.362e+08
     10.11  1.052e+08
     14.15   5.66e+07
     18.19  3.609e+07
     22.24  2.746e+07
     26.28  1.987e+07
     30.32  1.528e+07
     34.37  1.306e+07
     38.41  1.101e+07
     42.45  7.719e+06
     46.49  7.488e+06
     50.54  6.262e+06
     54.58  4.464e+06
     58.62  4.285e+06
     62.67  3.623e+06
     66.71  2.908e+06
     70.75  3.076e+06
      74.8  2.231e+06
     78.84  1.926e+06
     82.88   1.88e+06
     86.93  1.451e+06
     90.97   1.47e+06
     95.01  1.292e+06
     99.05  1.518e+06
     103.1  1.569e+06
     107.1  1.414e+06
     111.2  1.191e+06
     115.2  9.801e+05
     119.3  8.239e+05
     123.3  7.071e+05
     127.4  7.656e+05
     131.4   4.64e+05
     135.4  5.327e+05
     139.5  5.739e+05
     143.5  6.267e+05
     147.6  6.518e+05
     151.6  5.071e+05
     155.7  3.529e+05
     159.7  4.514e+05
     163.7  3.272e+05
     167.8  2.481e+05
     171.8  2.534e+05
     175.9  2.099e+05
     179.9  2.733e+05
       184  1.952e+05
       188  2.734e+05
       192  2.458e+05
     196.1  2.372e+05
     200.1  2.451e+05
     204.2  2.492e+05
     208.2  1.969e+05
     212.3  2.665e+05
     216.3  1.771e+05
     220.3  1.617e+05
     224.4  1.118e+05
     228.4  1.052e+05
     232.5  1.172e+05
     236.5  8.273e+04
     240.6  8.336e+04
     244.6  5.787e+04
     248.6  4.663e+04
     252.7  2.809e+04
     256.7  3.457e+04
     260.8  3.244e+04
     264.8  1.895e+04
     268.9  2.703e+04
     272.9  1.899e+04
     276.9       9313
       281  1.627e+04
       285   1.93e+04
     289.1   2.09e+04
     293.1  1.431e+04
     297.2  1.329e+04
     301.2  1.062e+04
     305.2       2057
     309.3       1974
     313.3       2001
     317.4       8700
     321.4       1973
     325.5       1931
     329.5          0
     333.6          0
     337.6          0
     341.6       1775
     345.7          0
     349.7          0
