     6.065   6.09e+08
     10.11  2.312e+08
     14.15  1.342e+08
     18.19  9.128e+07
     22.24   6.83e+07
     26.28   5.35e+07
     30.32  4.336e+07
     34.37  3.626e+07
     38.41  3.096e+07
     42.45  2.655e+07
     46.49  2.324e+07
     50.54  2.053e+07
     54.58  1.815e+07
     58.62  1.624e+07
     62.67  1.461e+07
     66.71   1.32e+07
     70.75  1.204e+07
      74.8  1.098e+07
     78.84  1.005e+07
     82.88  9.256e+06
     86.93  8.531e+06
     90.97  7.903e+06
     95.01  7.341e+06
     99.05  6.866e+06
     103.1  6.451e+06
     107.1  6.071e+06
     111.2  5.716e+06
     115.2  5.384e+06
     119.3  5.075e+06
     123.3  4.788e+06
     127.4  4.533e+06
     131.4  4.283e+06
     135.4  4.059e+06
     139.5  3.857e+06
     143.5  3.675e+06
     147.6  3.509e+06
     151.6  3.349e+06
     155.7  3.194e+06
     159.7  3.055e+06
     163.7   2.92e+06
     167.8  2.791e+06
     171.8  2.672e+06
     175.9  2.559e+06
     179.9  2.456e+06
       184  2.357e+06
       188  2.267e+06
       192  2.182e+06
     196.1  2.102e+06
     200.1  2.027e+06
     204.2  1.956e+06
     208.2  1.888e+06
     212.3  1.826e+06
     216.3  1.765e+06
     220.3  1.706e+06
     224.4  1.648e+06
     228.4  1.594e+06
     232.5  1.542e+06
     236.5  1.492e+06
     240.6  1.445e+06
     244.6  1.399e+06
     248.6  1.355e+06
     252.7  1.313e+06
     256.7  1.273e+06
     260.8  1.234e+06
     264.8  1.197e+06
     268.9  1.162e+06
     272.9  1.128e+06
     276.9  1.095e+06
       281  1.064e+06
       285  1.035e+06
     289.1  1.006e+06
     293.1  9.789e+05
     297.2  9.526e+05
     301.2  9.273e+05
     305.2  9.028e+05
     309.3  8.793e+05
     313.3  8.566e+05
     317.4   8.35e+05
     321.4  8.141e+05
     325.5  7.939e+05
     329.5  7.744e+05
     333.6  7.556e+05
     337.6  7.375e+05
     341.6  7.201e+05
     345.7  7.033e+05
     349.7   6.87e+05
