    0.7828  4.362e+08
     1.005  1.052e+08
     1.151   5.66e+07
      1.26  3.609e+07
     1.347  2.746e+07
      1.42  1.987e+07
     1.482  1.528e+07
     1.536  1.306e+07
     1.584  1.101e+07
     1.628  7.719e+06
     1.667  7.488e+06
     1.704  6.262e+06
     1.737  4.464e+06
     1.768  4.285e+06
     1.797  3.623e+06
     1.824  2.908e+06
      1.85  3.076e+06
     1.874  2.231e+06
     1.897  1.926e+06
     1.918   1.88e+06
     1.939  1.451e+06
     1.959   1.47e+06
     1.978  1.292e+06
     1.996  1.518e+06
     2.013  1.569e+06
      2.03  1.414e+06
     2.046  1.191e+06
     2.062  9.801e+05
     2.077  8.239e+05
     2.091  7.071e+05
     2.105  7.656e+05
     2.119   4.64e+05
     2.132  5.327e+05
     2.145  5.739e+05
     2.157  6.267e+05
     2.169  6.518e+05
     2.181  5.071e+05
     2.192  3.529e+05
     2.203  4.514e+05
     2.214  3.272e+05
     2.225  2.481e+05
     2.235  2.534e+05
     2.245  2.099e+05
     2.255  2.733e+05
     2.265  1.952e+05
     2.274  2.734e+05
     2.283  2.458e+05
     2.292  2.372e+05
     2.301  2.451e+05
      2.31  2.492e+05
     2.319  1.969e+05
     2.327  2.665e+05
     2.335  1.771e+05
     2.343  1.617e+05
     2.351  1.118e+05
     2.359  1.052e+05
     2.366  1.172e+05
     2.374  8.273e+04
     2.381  8.336e+04
     2.388  5.787e+04
     2.396  4.663e+04
     2.403  2.809e+04
     2.409  3.457e+04
     2.416  3.244e+04
     2.423  1.895e+04
      2.43  2.703e+04
     2.436  1.899e+04
     2.442       9313
     2.449  1.627e+04
     2.455   1.93e+04
     2.461   2.09e+04
     2.467  1.431e+04
     2.473  1.329e+04
     2.479  1.062e+04
     2.485       2057
      2.49       1974
     2.496       2001
     2.502       8700
     2.507       1973
     2.513       1931
     2.518          0
     2.523          0
     2.528          0
     2.534       1775
     2.539          0
     2.544          0
