    0.7828   6.09e+08
     1.005  2.312e+08
     1.151  1.342e+08
      1.26  9.128e+07
     1.347   6.83e+07
      1.42   5.35e+07
     1.482  4.336e+07
     1.536  3.626e+07
     1.584  3.096e+07
     1.628  2.655e+07
     1.667  2.324e+07
     1.704  2.053e+07
     1.737  1.815e+07
     1.768  1.624e+07
     1.797  1.461e+07
     1.824   1.32e+07
      1.85  1.204e+07
     1.874  1.098e+07
     1.897  1.005e+07
     1.918  9.256e+06
     1.939  8.531e+06
     1.959  7.903e+06
     1.978  7.341e+06
     1.996  6.866e+06
     2.013  6.451e+06
      2.03  6.071e+06
     2.046  5.716e+06
     2.062  5.384e+06
     2.077  5.075e+06
     2.091  4.788e+06
     2.105  4.533e+06
     2.119  4.283e+06
     2.132  4.059e+06
     2.145  3.857e+06
     2.157  3.675e+06
     2.169  3.509e+06
     2.181  3.349e+06
     2.192  3.194e+06
     2.203  3.055e+06
     2.214   2.92e+06
     2.225  2.791e+06
     2.235  2.672e+06
     2.245  2.559e+06
     2.255  2.456e+06
     2.265  2.357e+06
     2.274  2.267e+06
     2.283  2.182e+06
     2.292  2.102e+06
     2.301  2.027e+06
      2.31  1.956e+06
     2.319  1.888e+06
     2.327  1.826e+06
     2.335  1.765e+06
     2.343  1.706e+06
     2.351  1.648e+06
     2.359  1.594e+06
     2.366  1.542e+06
     2.374  1.492e+06
     2.381  1.445e+06
     2.388  1.399e+06
     2.396  1.355e+06
     2.403  1.313e+06
     2.409  1.273e+06
     2.416  1.234e+06
     2.423  1.197e+06
      2.43  1.162e+06
     2.436  1.128e+06
     2.442  1.095e+06
     2.449  1.064e+06
     2.455  1.035e+06
     2.461  1.006e+06
     2.467  9.789e+05
     2.473  9.526e+05
     2.479  9.273e+05
     2.485  9.028e+05
      2.49  8.793e+05
     2.496  8.566e+05
     2.502   8.35e+05
     2.507  8.141e+05
     2.513  7.939e+05
     2.518  7.744e+05
     2.523  7.556e+05
     2.528  7.375e+05
     2.534  7.201e+05
     2.539  7.033e+05
     2.544   6.87e+05
