     2.022      19.75
     6.065      20.99
     10.11      21.65
     14.15       22.1
     18.19      22.33
     22.24      22.59
     26.28      22.91
     30.32      23.17
     34.37      23.42
     38.41      23.63
     42.45      24.06
     46.49      24.23
     50.54      24.39
     54.58       24.8
     58.62      24.89
     62.67      25.17
     66.71      25.27
     70.75      25.48
      74.8      25.86
     78.84      26.05
     82.88      26.36
     86.93      27.16
     90.97      26.76
     95.01      27.01
     99.05      27.61
     103.1      27.86
     107.1      28.01
     111.2      29.08
     115.2      29.19
     119.3      30.02
     123.3      29.98
     127.4      30.52
     131.4      30.75
     135.4      30.54
     139.5       30.4
     143.5      30.48
     147.6      30.79
     151.6      31.05
     155.7      31.59
     159.7      31.11
     163.7         32
     167.8      32.21
     171.8      32.71
     175.9      32.47
     179.9      32.75
       184      32.73
       188      32.64
       192      32.77
     196.1      32.79
     200.1      32.54
     204.2      32.59
     208.2      32.89
     212.3      33.16
     216.3      33.43
     220.3      33.77
     224.4      33.74
     228.4      33.85
     232.5      33.97
     236.5      34.17
     240.6      34.41
     244.6      34.61
     248.6       34.8
     252.7      34.98
     256.7       34.7
     260.8      34.79
     264.8      34.93
     268.9      34.75
     272.9      34.93
     276.9      35.04
       281      34.86
       285      34.71
     289.1      34.63
     293.1      34.99
     297.2      34.71
     301.2      35.08
     305.2      35.22
     309.3      35.38
     313.3      35.07
     317.4      34.84
     321.4      35.27
     325.5      35.29
     329.5      35.52
     333.6      35.52
     337.6      35.37
     341.6       34.9
     345.7       35.5
     349.7      35.52
