     6.068  7.382e+08
     10.11  1.904e+08
     14.16  1.072e+08
      18.2  6.401e+07
     22.25  4.086e+07
     26.29  2.902e+07
     30.34   2.12e+07
     34.38  1.548e+07
     38.43  1.354e+07
     42.47  1.132e+07
     46.52  1.032e+07
     50.56  1.016e+07
     54.61  8.819e+06
     58.65  8.052e+06
      62.7  7.303e+06
     66.74  6.134e+06
     70.79    4.6e+06
     74.84  3.734e+06
     78.88  3.276e+06
     82.93  2.773e+06
     86.97  2.339e+06
     91.02  2.444e+06
     95.06  1.925e+06
     99.11  2.006e+06
     103.2  1.915e+06
     107.2  1.529e+06
     111.2  1.525e+06
     115.3  1.497e+06
     119.3  1.344e+06
     123.4  1.407e+06
     127.4  1.424e+06
     131.5  9.929e+05
     135.5  1.152e+06
     139.6  1.255e+06
     143.6  1.237e+06
     147.6  1.152e+06
     151.7  1.025e+06
     155.7  9.985e+05
     159.8  8.154e+05
     163.8  8.008e+05
     167.9  6.735e+05
     171.9  7.923e+05
       176  8.301e+05
       180  7.669e+05
     184.1  6.051e+05
     188.1   4.79e+05
     192.1  5.504e+05
     196.2  5.491e+05
     200.2  4.929e+05
     204.3  4.486e+05
     208.3  4.247e+05
     212.4  3.412e+05
     216.4  4.176e+05
     220.5  4.459e+05
     224.5  3.602e+05
     228.6  3.447e+05
     232.6   1.72e+05
     236.6  2.514e+05
     240.7  1.942e+05
     244.7  2.053e+05
     248.8  2.234e+05
     252.8  1.714e+05
     256.9  2.108e+05
     260.9  9.917e+04
       265  9.509e+04
       269  5.474e+04
       273  4.256e+04
     277.1  2.822e+04
     281.1  2.208e+04
     285.2  3.061e+04
     289.2   1.58e+04
     293.3  2.852e+04
     297.3  1.768e+04
     301.4  2.441e+04
     305.4       8311
     309.5  4.158e+04
     313.5  1.056e+04
     317.5   2.66e+04
     321.6  1.282e+04
     325.6       5909
     329.7       1966
     333.7       4093
     337.8       3949
     341.8       3952
     345.9       1989
     349.9       2121
