     6.068  1.109e+09
     10.11  4.201e+08
     14.16  2.463e+08
      18.2  1.665e+08
     22.25  1.213e+08
     26.29   9.31e+07
     30.34  7.402e+07
     34.38   6.03e+07
     38.43  5.049e+07
     42.47  4.305e+07
     46.52  3.737e+07
     50.56  3.302e+07
     54.61  2.944e+07
     58.65  2.649e+07
      62.7  2.402e+07
     66.74  2.185e+07
     70.79  1.988e+07
     74.84  1.814e+07
     78.88  1.662e+07
     82.93  1.527e+07
     86.97  1.406e+07
     91.02  1.303e+07
     95.06  1.209e+07
     99.11  1.126e+07
     103.2  1.053e+07
     107.2  9.853e+06
     111.2  9.247e+06
     115.3  8.703e+06
     119.3  8.205e+06
     123.4  7.759e+06
     127.4  7.357e+06
     131.5  6.965e+06
     135.5  6.618e+06
     139.6  6.308e+06
     143.6  6.022e+06
     147.6  5.755e+06
     151.7  5.503e+06
     155.7  5.269e+06
     159.8  5.043e+06
     163.8  4.834e+06
     167.9  4.634e+06
     171.9  4.453e+06
       176  4.286e+06
       180  4.128e+06
     184.1  3.973e+06
     188.1  3.823e+06
     192.1  3.685e+06
     196.2  3.556e+06
     200.2  3.432e+06
     204.3  3.314e+06
     208.3  3.202e+06
     212.4  3.093e+06
     216.4  2.993e+06
     220.5  2.899e+06
     224.5  2.808e+06
     228.6  2.721e+06
     232.6  2.632e+06
     236.6  2.551e+06
     240.7  2.471e+06
     244.7  2.397e+06
     248.8  2.326e+06
     252.8  2.257e+06
     256.9  2.193e+06
     260.9  2.128e+06
       265  2.066e+06
       269  2.005e+06
       273  1.947e+06
     277.1  1.891e+06
     281.1  1.837e+06
     285.2  1.786e+06
     289.2  1.736e+06
     293.3  1.689e+06
     297.3  1.644e+06
     301.4    1.6e+06
     305.4  1.558e+06
     309.5  1.518e+06
     313.5   1.48e+06
     317.5  1.443e+06
     321.6  1.407e+06
     325.6  1.372e+06
     329.7  1.338e+06
     333.7  1.306e+06
     337.8  1.275e+06
     341.8  1.245e+06
     345.9  1.216e+06
     349.9  1.187e+06
