     0.783  1.109e+09
     1.005  4.201e+08
     1.151  2.463e+08
      1.26  1.665e+08
     1.347  1.213e+08
      1.42   9.31e+07
     1.482  7.402e+07
     1.536   6.03e+07
     1.585  5.049e+07
     1.628  4.305e+07
     1.668  3.737e+07
     1.704  3.302e+07
     1.737  2.944e+07
     1.768  2.649e+07
     1.797  2.402e+07
     1.824  2.185e+07
      1.85  1.988e+07
     1.874  1.814e+07
     1.897  1.662e+07
     1.919  1.527e+07
     1.939  1.406e+07
     1.959  1.303e+07
     1.978  1.209e+07
     1.996  1.126e+07
     2.013  1.053e+07
      2.03  9.853e+06
     2.046  9.247e+06
     2.062  8.703e+06
     2.077  8.205e+06
     2.091  7.759e+06
     2.105  7.357e+06
     2.119  6.965e+06
     2.132  6.618e+06
     2.145  6.308e+06
     2.157  6.022e+06
     2.169  5.755e+06
     2.181  5.503e+06
     2.192  5.269e+06
     2.204  5.043e+06
     2.214  4.834e+06
     2.225  4.634e+06
     2.235  4.453e+06
     2.245  4.286e+06
     2.255  4.128e+06
     2.265  3.973e+06
     2.274  3.823e+06
     2.284  3.685e+06
     2.293  3.556e+06
     2.302  3.432e+06
      2.31  3.314e+06
     2.319  3.202e+06
     2.327  3.093e+06
     2.335  2.993e+06
     2.343  2.899e+06
     2.351  2.808e+06
     2.359  2.721e+06
     2.367  2.632e+06
     2.374  2.551e+06
     2.381  2.471e+06
     2.389  2.397e+06
     2.396  2.326e+06
     2.403  2.257e+06
      2.41  2.193e+06
     2.416  2.128e+06
     2.423  2.066e+06
      2.43  2.005e+06
     2.436  1.947e+06
     2.443  1.891e+06
     2.449  1.837e+06
     2.455  1.786e+06
     2.461  1.736e+06
     2.467  1.689e+06
     2.473  1.644e+06
     2.479    1.6e+06
     2.485  1.558e+06
     2.491  1.518e+06
     2.496   1.48e+06
     2.502  1.443e+06
     2.507  1.407e+06
     2.513  1.372e+06
     2.518  1.338e+06
     2.523  1.306e+06
     2.529  1.275e+06
     2.534  1.245e+06
     2.539  1.216e+06
     2.544  1.187e+06
