     0.783  7.382e+08
     1.005  1.904e+08
     1.151  1.072e+08
      1.26  6.401e+07
     1.347  4.086e+07
      1.42  2.902e+07
     1.482   2.12e+07
     1.536  1.548e+07
     1.585  1.354e+07
     1.628  1.132e+07
     1.668  1.032e+07
     1.704  1.016e+07
     1.737  8.819e+06
     1.768  8.052e+06
     1.797  7.303e+06
     1.824  6.134e+06
      1.85    4.6e+06
     1.874  3.734e+06
     1.897  3.276e+06
     1.919  2.773e+06
     1.939  2.339e+06
     1.959  2.444e+06
     1.978  1.925e+06
     1.996  2.006e+06
     2.013  1.915e+06
      2.03  1.529e+06
     2.046  1.525e+06
     2.062  1.497e+06
     2.077  1.344e+06
     2.091  1.407e+06
     2.105  1.424e+06
     2.119  9.929e+05
     2.132  1.152e+06
     2.145  1.255e+06
     2.157  1.237e+06
     2.169  1.152e+06
     2.181  1.025e+06
     2.192  9.985e+05
     2.204  8.154e+05
     2.214  8.008e+05
     2.225  6.735e+05
     2.235  7.923e+05
     2.245  8.301e+05
     2.255  7.669e+05
     2.265  6.051e+05
     2.274   4.79e+05
     2.284  5.504e+05
     2.293  5.491e+05
     2.302  4.929e+05
      2.31  4.486e+05
     2.319  4.247e+05
     2.327  3.412e+05
     2.335  4.176e+05
     2.343  4.459e+05
     2.351  3.602e+05
     2.359  3.447e+05
     2.367   1.72e+05
     2.374  2.514e+05
     2.381  1.942e+05
     2.389  2.053e+05
     2.396  2.234e+05
     2.403  1.714e+05
      2.41  2.108e+05
     2.416  9.917e+04
     2.423  9.509e+04
      2.43  5.474e+04
     2.436  4.256e+04
     2.443  2.822e+04
     2.449  2.208e+04
     2.455  3.061e+04
     2.461   1.58e+04
     2.467  2.852e+04
     2.473  1.768e+04
     2.479  2.441e+04
     2.485       8311
     2.491  4.158e+04
     2.496  1.056e+04
     2.502   2.66e+04
     2.507  1.282e+04
     2.513       5909
     2.518       1966
     2.523       4093
     2.529       3949
     2.534       3952
     2.539       1989
     2.544       2121
