     2.023      16.11
     6.068      18.79
     10.11      19.67
     14.16      20.35
      18.2      20.86
     22.25      21.23
     26.29      21.59
     30.34       21.9
     34.38      22.22
     38.43      22.46
     42.47      22.68
     46.52      22.93
     50.56      23.01
     54.61      23.34
     58.65       23.8
      62.7      24.22
     66.74      24.29
     70.79      24.74
     74.84      24.85
     78.88      25.13
     82.93      26.13
     86.97      25.76
     91.02      25.85
     95.06      26.53
     99.11      26.75
     103.2      27.28
     107.2      27.15
     111.2       26.9
     115.3      27.29
     119.3      27.13
     123.4      27.44
     127.4      28.04
     131.5      27.96
     135.5       27.7
     139.6      27.66
     143.6      27.85
     147.6      27.96
     151.7      27.62
     155.7      28.22
     159.8      28.68
     163.8      28.92
     167.9      29.75
     171.9      30.02
       176      29.99
       180      30.39
     184.1      30.88
     188.1      30.81
     192.1      30.64
     196.2      30.66
     200.2      30.92
     204.3      30.95
     208.3      30.88
     212.4      31.33
     216.4      31.26
     220.5      31.55
     224.5      31.78
     228.6       32.3
     232.6       32.5
     236.6      32.58
     240.7      32.93
     244.7      32.66
     248.8      33.07
     252.8      33.05
     256.9       33.2
     260.9      33.19
       265      33.74
       269      33.92
       273      34.27
     277.1      34.57
     281.1      34.23
     285.2      34.24
     289.2      34.29
     293.3       34.3
     297.3      33.97
     301.4      34.36
     305.4      33.78
     309.5       33.8
     313.5      33.77
     317.5      33.81
     321.6      34.62
     325.6      34.72
     329.7      34.76
     333.7      34.56
     337.8      34.65
     341.8      33.98
     345.9      34.64
     349.9      34.11
