     6.002  9.022e+08
        10  3.014e+08
     14.01  1.811e+08
     18.01  1.319e+08
     22.01  9.644e+07
     26.01  7.706e+07
     30.01  6.099e+07
     34.01    4.9e+07
     38.02   3.88e+07
     42.02  3.188e+07
     46.02  2.807e+07
     50.02  2.447e+07
     54.02  2.254e+07
     58.02   2.17e+07
     62.02  1.997e+07
     66.03  1.823e+07
     70.03   1.63e+07
     74.03  1.365e+07
     78.03  1.292e+07
     82.03  1.181e+07
     86.03  1.051e+07
     90.04  9.949e+06
     94.04  8.299e+06
     98.04   7.29e+06
       102   6.64e+06
       106  5.707e+06
       110  5.429e+06
       114  5.024e+06
       118  5.139e+06
       122  4.836e+06
       126  4.442e+06
     130.1   4.13e+06
     134.1  3.813e+06
     138.1  3.752e+06
     142.1  3.126e+06
     146.1  2.961e+06
     150.1   2.94e+06
     154.1  2.971e+06
     158.1   2.39e+06
     162.1  2.285e+06
     166.1  2.191e+06
     170.1  2.375e+06
     174.1  2.072e+06
     178.1  1.831e+06
     182.1  1.717e+06
     186.1  1.807e+06
     190.1  1.712e+06
     194.1  1.659e+06
     198.1  1.683e+06
     202.1  1.552e+06
     206.1  1.615e+06
     210.1  1.614e+06
     214.1  1.559e+06
     218.1  1.361e+06
     222.1  1.211e+06
     226.1  1.247e+06
     230.1  1.342e+06
     234.1  1.252e+06
     238.1  1.215e+06
     242.1  1.196e+06
     246.1  1.299e+06
     250.1  1.378e+06
     254.1  1.268e+06
     258.1  9.805e+05
     262.1  7.633e+05
     266.1   5.64e+05
     270.1  6.763e+05
     274.1   7.72e+05
     278.1  6.999e+05
     282.1  6.175e+05
     286.1  5.256e+05
     290.1  4.094e+05
     294.1  2.538e+05
     298.1  2.186e+05
     302.1  1.612e+05
     306.1   1.66e+05
     310.1  1.438e+05
     314.1  1.246e+05
     318.1  8.414e+04
     322.1  1.662e+05
     326.1   1.18e+05
     330.1    7.2e+04
     334.1  5.323e+04
     338.1   3.66e+04
     342.1  2.912e+04
     346.1  1.853e+04
     350.1       7117
