     6.002  1.202e+09
        10  5.265e+08
     14.01  3.346e+08
     18.01  2.459e+08
     22.01  1.921e+08
     26.01   1.57e+08
     30.01  1.315e+08
     34.01  1.122e+08
     38.02  9.677e+07
     42.02  8.444e+07
     46.02  7.466e+07
     50.02  6.664e+07
     54.02  6.012e+07
     58.02  5.482e+07
     62.02  5.033e+07
     66.03  4.644e+07
     70.03    4.3e+07
     74.03  3.983e+07
     78.03  3.707e+07
     82.03  3.461e+07
     86.03  3.237e+07
     90.04  3.038e+07
     94.04   2.85e+07
     98.04  2.677e+07
       102  2.519e+07
       106  2.372e+07
       110  2.239e+07
       114  2.117e+07
       118  2.009e+07
       122  1.909e+07
       126  1.816e+07
     130.1  1.729e+07
     134.1  1.649e+07
     138.1  1.575e+07
     142.1  1.504e+07
     146.1  1.438e+07
     150.1  1.377e+07
     154.1  1.321e+07
     158.1  1.266e+07
     162.1  1.215e+07
     166.1  1.167e+07
     170.1  1.123e+07
     174.1  1.081e+07
     178.1  1.041e+07
     182.1  1.002e+07
     186.1  9.671e+06
     190.1  9.336e+06
     194.1  9.019e+06
     198.1  8.723e+06
     202.1  8.439e+06
     206.1  8.174e+06
     210.1  7.924e+06
     214.1  7.686e+06
     218.1  7.454e+06
     222.1  7.229e+06
     226.1  7.017e+06
     230.1   6.82e+06
     234.1   6.63e+06
     238.1  6.448e+06
     242.1  6.274e+06
     246.1  6.112e+06
     250.1  5.961e+06
     254.1  5.813e+06
     258.1  5.663e+06
     262.1  5.513e+06
     266.1  5.365e+06
     270.1  5.226e+06
     274.1  5.096e+06
     278.1  4.969e+06
     282.1  4.846e+06
     286.1  4.725e+06
     290.1  4.606e+06
     294.1  4.487e+06
     298.1  4.373e+06
     302.1  4.261e+06
     306.1  4.154e+06
     310.1  4.051e+06
     314.1  3.951e+06
     318.1  3.853e+06
     322.1  3.762e+06
     326.1  3.672e+06
     330.1  3.585e+06
     334.1  3.501e+06
     338.1  3.419e+06
     342.1  3.339e+06
     346.1  3.262e+06
     350.1  3.188e+06
