    0.7783  1.202e+09
         1  5.265e+08
     1.146  3.346e+08
     1.255  2.459e+08
     1.343  1.921e+08
     1.415   1.57e+08
     1.477  1.315e+08
     1.532  1.122e+08
      1.58  9.677e+07
     1.623  8.444e+07
     1.663  7.466e+07
     1.699  6.664e+07
     1.733  6.012e+07
     1.764  5.482e+07
     1.793  5.033e+07
      1.82  4.644e+07
     1.845    4.3e+07
     1.869  3.983e+07
     1.892  3.707e+07
     1.914  3.461e+07
     1.935  3.237e+07
     1.954  3.038e+07
     1.973   2.85e+07
     1.991  2.677e+07
     2.009  2.519e+07
     2.025  2.372e+07
     2.042  2.239e+07
     2.057  2.117e+07
     2.072  2.009e+07
     2.087  1.909e+07
     2.101  1.816e+07
     2.114  1.729e+07
     2.127  1.649e+07
      2.14  1.575e+07
     2.152  1.504e+07
     2.165  1.438e+07
     2.176  1.377e+07
     2.188  1.321e+07
     2.199  1.266e+07
      2.21  1.215e+07
      2.22  1.167e+07
     2.231  1.123e+07
     2.241  1.081e+07
     2.251  1.041e+07
      2.26  1.002e+07
      2.27  9.671e+06
     2.279  9.336e+06
     2.288  9.019e+06
     2.297  8.723e+06
     2.306  8.439e+06
     2.314  8.174e+06
     2.322  7.924e+06
     2.331  7.686e+06
     2.339  7.454e+06
     2.347  7.229e+06
     2.354  7.017e+06
     2.362   6.82e+06
     2.369   6.63e+06
     2.377  6.448e+06
     2.384  6.274e+06
     2.391  6.112e+06
     2.398  5.961e+06
     2.405  5.813e+06
     2.412  5.663e+06
     2.418  5.513e+06
     2.425  5.365e+06
     2.432  5.226e+06
     2.438  5.096e+06
     2.444  4.969e+06
      2.45  4.846e+06
     2.457  4.725e+06
     2.463  4.606e+06
     2.469  4.487e+06
     2.474  4.373e+06
      2.48  4.261e+06
     2.486  4.154e+06
     2.492  4.051e+06
     2.497  3.951e+06
     2.503  3.853e+06
     2.508  3.762e+06
     2.513  3.672e+06
     2.519  3.585e+06
     2.524  3.501e+06
     2.529  3.419e+06
     2.534  3.339e+06
     2.539  3.262e+06
     2.544  3.188e+06
