    0.7783  9.022e+08
         1  3.014e+08
     1.146  1.811e+08
     1.255  1.319e+08
     1.343  9.644e+07
     1.415  7.706e+07
     1.477  6.099e+07
     1.532    4.9e+07
      1.58   3.88e+07
     1.623  3.188e+07
     1.663  2.807e+07
     1.699  2.447e+07
     1.733  2.254e+07
     1.764   2.17e+07
     1.793  1.997e+07
      1.82  1.823e+07
     1.845   1.63e+07
     1.869  1.365e+07
     1.892  1.292e+07
     1.914  1.181e+07
     1.935  1.051e+07
     1.954  9.949e+06
     1.973  8.299e+06
     1.991   7.29e+06
     2.009   6.64e+06
     2.025  5.707e+06
     2.042  5.429e+06
     2.057  5.024e+06
     2.072  5.139e+06
     2.087  4.836e+06
     2.101  4.442e+06
     2.114   4.13e+06
     2.127  3.813e+06
      2.14  3.752e+06
     2.152  3.126e+06
     2.165  2.961e+06
     2.176   2.94e+06
     2.188  2.971e+06
     2.199   2.39e+06
      2.21  2.285e+06
      2.22  2.191e+06
     2.231  2.375e+06
     2.241  2.072e+06
     2.251  1.831e+06
      2.26  1.717e+06
      2.27  1.807e+06
     2.279  1.712e+06
     2.288  1.659e+06
     2.297  1.683e+06
     2.306  1.552e+06
     2.314  1.615e+06
     2.322  1.614e+06
     2.331  1.559e+06
     2.339  1.361e+06
     2.347  1.211e+06
     2.354  1.247e+06
     2.362  1.342e+06
     2.369  1.252e+06
     2.377  1.215e+06
     2.384  1.196e+06
     2.391  1.299e+06
     2.398  1.378e+06
     2.405  1.268e+06
     2.412  9.805e+05
     2.418  7.633e+05
     2.425   5.64e+05
     2.432  6.763e+05
     2.438   7.72e+05
     2.444  6.999e+05
      2.45  6.175e+05
     2.457  5.256e+05
     2.463  4.094e+05
     2.469  2.538e+05
     2.474  2.186e+05
      2.48  1.612e+05
     2.486   1.66e+05
     2.492  1.438e+05
     2.497  1.246e+05
     2.503  8.414e+04
     2.508  1.662e+05
     2.513   1.18e+05
     2.519    7.2e+04
     2.524  5.323e+04
     2.529   3.66e+04
     2.534  2.912e+04
     2.539  1.853e+04
     2.544       7117
