     2.001      18.82
     6.002      19.76
        10      20.22
     14.01      20.48
     18.01      20.79
     22.01      21.07
     26.01      21.32
     30.01      21.51
     34.01      21.78
     38.02      21.95
     42.02      22.04
     46.02       22.2
     50.02      22.45
     54.02      22.52
     58.02      22.64
     62.02      22.87
     66.03      23.18
     70.03      23.47
     74.03      23.66
     78.03      23.85
     82.03       23.9
     86.03      23.84
     90.04      24.14
     94.04      24.26
     98.04      24.27
       102      24.52
       106      24.75
       110      24.78
       114      24.85
       118      24.97
       122      25.03
       126      25.23
     130.1      25.44
     134.1       25.5
     138.1      25.76
     142.1      25.88
     146.1      26.09
     150.1      26.42
     154.1      26.36
     158.1       26.5
     162.1      26.96
     166.1      27.08
     170.1      27.03
     174.1      27.25
     178.1      27.78
     182.1      27.64
     186.1      27.85
     190.1      28.07
     194.1      27.86
     198.1       28.1
     202.1      28.51
     206.1      28.48
     210.1      28.64
     214.1      28.36
     218.1      28.76
     222.1      28.86
     226.1      28.58
     230.1      28.92
     234.1      29.16
     238.1      29.56
     242.1      29.37
     246.1      29.31
     250.1      29.82
     254.1      29.75
     258.1      29.93
     262.1      30.23
     266.1      30.19
     270.1       29.7
     274.1      29.91
     278.1       29.9
     282.1      29.81
     286.1      29.87
     290.1      29.95
     294.1      29.41
     298.1      29.62
     302.1      29.56
     306.1       29.7
     310.1       29.9
     314.1      30.53
     318.1      30.15
     322.1      30.05
     326.1      29.82
     330.1      30.57
     334.1      30.23
     338.1      31.43
     342.1      30.61
     346.1      31.48
     350.1      33.24
