     6.027  2.832e+08
     10.05  2.002e+07
     14.06  6.961e+06
     18.08  2.483e+06
      22.1  2.318e+06
     26.12  9.313e+05
     30.14  1.302e+06
     34.15  7.882e+05
     38.17  2.422e+06
     42.19  9.911e+05
     46.21  6.235e+05
     50.23  5.465e+05
     54.25  1.021e+05
     58.26  8.856e+04
     62.28  1.403e+05
      66.3  5.628e+04
     70.32  5.439e+04
     74.34       9995
     78.35   5.57e+04
     82.37  7.779e+04
     86.39  1.044e+05
     90.41  8.097e+04
     94.43  4.559e+04
     98.45  4.388e+04
     102.5   7.79e+04
     106.5   2.91e+05
     110.5  3.778e+04
     114.5          0
     118.5  1.856e+04
     122.6          0
     126.6          0
     130.6  1.115e+04
     134.6       5568
     138.6          0
     142.6          0
     146.7          0
     150.7          0
     154.7          0
     158.7          0
     162.7          0
     166.8       4232
     170.8          0
     174.8          0
     178.8          0
     182.8       3890
     186.8          0
     190.9          0
     194.9          0
     198.9          0
     202.9          0
     206.9          0
       211          0
       215          0
       219          0
       223          0
       227          0
       231          0
     235.1          0
     239.1          0
     243.1          0
     247.1          0
     251.1          0
     255.2          0
     259.2          0
     263.2          0
     267.2          0
     271.2          0
     275.2          0
     279.3          0
     283.3          0
     287.3          0
     291.3          0
     295.3          0
     299.4          0
     303.4          0
     307.4          0
     311.4          0
