     6.027  8.206e+08
     10.05  2.202e+08
     14.06  1.017e+08
     18.08  5.831e+07
      22.1  3.815e+07
     26.12  2.678e+07
     30.14  2.002e+07
     34.15  1.551e+07
     38.17  1.276e+07
     42.19  1.053e+07
     46.21  8.809e+06
     50.23  7.489e+06
     54.25  6.396e+06
     58.26  5.527e+06
     62.28  4.833e+06
      66.3  4.255e+06
     70.32  3.775e+06
     74.34  3.368e+06
     78.35  3.029e+06
     82.37  2.741e+06
     86.39  2.496e+06
     90.41  2.281e+06
     94.43  2.091e+06
     98.45  1.924e+06
     102.5  1.779e+06
     106.5  1.667e+06
     110.5  1.549e+06
     114.5   1.44e+06
     118.5  1.344e+06
     122.6  1.256e+06
     126.6  1.176e+06
     130.6  1.104e+06
     134.6  1.039e+06
     138.6  9.784e+05
     142.6  9.233e+05
     146.7  8.727e+05
     150.7  8.262e+05
     154.7  7.833e+05
     158.7  7.436e+05
     162.7  7.069e+05
     166.8  6.731e+05
     170.8  6.414e+05
     174.8  6.119e+05
     178.8  5.844e+05
     182.8  5.589e+05
     186.8  5.349e+05
     190.9  5.123e+05
     194.9  4.912e+05
     198.9  4.714e+05
     202.9  4.527e+05
     206.9  4.351e+05
       211  4.186e+05
       215  4.029e+05
       219  3.881e+05
       223  3.741e+05
       227  3.609e+05
       231  3.483e+05
     235.1  3.364e+05
     239.1  3.251e+05
     243.1  3.144e+05
     247.1  3.042e+05
     251.1  2.944e+05
     255.2  2.852e+05
     259.2  2.763e+05
     263.2  2.679e+05
     267.2  2.598e+05
     271.2  2.521e+05
     275.2  2.448e+05
     279.3  2.377e+05
     283.3   2.31e+05
     287.3  2.245e+05
     291.3  2.183e+05
     295.3  2.124e+05
     299.4  2.067e+05
     303.4  2.012e+05
     307.4  1.959e+05
     311.4  1.909e+05
