    0.7801  2.832e+08
     1.002  2.002e+07
     1.148  6.961e+06
     1.257  2.483e+06
     1.344  2.318e+06
     1.417  9.313e+05
     1.479  1.302e+06
     1.533  7.882e+05
     1.582  2.422e+06
     1.625  9.911e+05
     1.665  6.235e+05
     1.701  5.465e+05
     1.734  1.021e+05
     1.765  8.856e+04
     1.794  1.403e+05
     1.822  5.628e+04
     1.847  5.439e+04
     1.871       9995
     1.894   5.57e+04
     1.916  7.779e+04
     1.936  1.044e+05
     1.956  8.097e+04
     1.975  4.559e+04
     1.993  4.388e+04
     2.011   7.79e+04
     2.027   2.91e+05
     2.043  3.778e+04
     2.059          0
     2.074  1.856e+04
     2.088          0
     2.102          0
     2.116  1.115e+04
     2.129       5568
     2.142          0
     2.154          0
     2.166          0
     2.178          0
     2.189          0
     2.201          0
     2.211          0
     2.222       4232
     2.232          0
     2.243          0
     2.252          0
     2.262       3890
     2.271          0
     2.281          0
      2.29          0
     2.299          0
     2.307          0
     2.316          0
     2.324          0
     2.332          0
      2.34          0
     2.348          0
     2.356          0
     2.364          0
     2.371          0
     2.379          0
     2.386          0
     2.393          0
       2.4          0
     2.407          0
     2.414          0
      2.42          0
     2.427          0
     2.433          0
      2.44          0
     2.446          0
     2.452          0
     2.458          0
     2.464          0
      2.47          0
     2.476          0
     2.482          0
     2.488          0
     2.493          0
