    0.7801  8.206e+08
     1.002  2.202e+08
     1.148  1.017e+08
     1.257  5.831e+07
     1.344  3.815e+07
     1.417  2.678e+07
     1.479  2.002e+07
     1.533  1.551e+07
     1.582  1.276e+07
     1.625  1.053e+07
     1.665  8.809e+06
     1.701  7.489e+06
     1.734  6.396e+06
     1.765  5.527e+06
     1.794  4.833e+06
     1.822  4.255e+06
     1.847  3.775e+06
     1.871  3.368e+06
     1.894  3.029e+06
     1.916  2.741e+06
     1.936  2.496e+06
     1.956  2.281e+06
     1.975  2.091e+06
     1.993  1.924e+06
     2.011  1.779e+06
     2.027  1.667e+06
     2.043  1.549e+06
     2.059   1.44e+06
     2.074  1.344e+06
     2.088  1.256e+06
     2.102  1.176e+06
     2.116  1.104e+06
     2.129  1.039e+06
     2.142  9.784e+05
     2.154  9.233e+05
     2.166  8.727e+05
     2.178  8.262e+05
     2.189  7.833e+05
     2.201  7.436e+05
     2.211  7.069e+05
     2.222  6.731e+05
     2.232  6.414e+05
     2.243  6.119e+05
     2.252  5.844e+05
     2.262  5.589e+05
     2.271  5.349e+05
     2.281  5.123e+05
      2.29  4.912e+05
     2.299  4.714e+05
     2.307  4.527e+05
     2.316  4.351e+05
     2.324  4.186e+05
     2.332  4.029e+05
      2.34  3.881e+05
     2.348  3.741e+05
     2.356  3.609e+05
     2.364  3.483e+05
     2.371  3.364e+05
     2.379  3.251e+05
     2.386  3.144e+05
     2.393  3.042e+05
       2.4  2.944e+05
     2.407  2.852e+05
     2.414  2.763e+05
      2.42  2.679e+05
     2.427  2.598e+05
     2.433  2.521e+05
      2.44  2.448e+05
     2.446  2.377e+05
     2.452   2.31e+05
     2.458  2.245e+05
     2.464  2.183e+05
      2.47  2.124e+05
     2.476  2.067e+05
     2.482  2.012e+05
     2.488  1.959e+05
     2.493  1.909e+05
