     2.009  6.134e+10
     6.027  9.366e+10
     10.05  1.005e+11
     14.06  1.045e+11
     18.08  1.065e+11
      22.1  1.089e+11
     26.12    1.1e+11
     30.14   1.12e+11
     34.15  1.133e+11
     38.17   1.18e+11
     42.19  1.201e+11
     46.21  1.216e+11
     50.23  1.231e+11
     54.25  1.234e+11
     58.26  1.236e+11
     62.28  1.241e+11
      66.3  1.243e+11
     70.32  1.245e+11
     74.34  1.246e+11
     78.35  1.248e+11
     82.37  1.251e+11
     86.39  1.256e+11
     90.41   1.26e+11
     94.43  1.263e+11
     98.45  1.265e+11
     102.5  1.269e+11
     106.5  1.286e+11
     110.5  1.288e+11
     114.5  1.288e+11
     118.5   1.29e+11
     122.6   1.29e+11
     126.6   1.29e+11
     130.6   1.29e+11
     134.6  1.291e+11
     138.6  1.291e+11
     142.6  1.291e+11
     146.7  1.291e+11
     150.7  1.291e+11
     154.7  1.291e+11
     158.7  1.291e+11
     162.7  1.291e+11
     166.8  1.291e+11
     170.8  1.291e+11
     174.8  1.291e+11
     178.8  1.291e+11
     182.8  1.292e+11
     186.8  1.292e+11
     190.9  1.292e+11
     194.9  1.292e+11
     198.9  1.292e+11
     202.9  1.292e+11
     206.9  1.292e+11
       211  1.292e+11
       215  1.292e+11
       219  1.292e+11
       223  1.292e+11
       227  1.292e+11
       231  1.292e+11
     235.1  1.292e+11
     239.1  1.292e+11
     243.1  1.292e+11
     247.1  1.292e+11
     251.1  1.292e+11
     255.2  1.292e+11
     259.2  1.292e+11
     263.2  1.292e+11
     267.2  1.292e+11
     271.2  1.292e+11
     275.2  1.292e+11
     279.3  1.292e+11
     283.3  1.292e+11
     287.3  1.292e+11
     291.3  1.292e+11
     295.3  1.292e+11
     299.4  1.292e+11
     303.4  1.292e+11
     307.4  1.292e+11
     311.4  1.292e+11
