     2.009  1.262e-16
     6.027  7.814e-18
     10.05  1.655e-18
     14.06  7.481e-19
     18.08   4.36e-19
      22.1  3.421e-19
     26.12  2.778e-19
     30.14  2.375e-19
     34.15  2.368e-19
     38.17  4.371e-19
     42.19  2.034e-19
     46.21  1.816e-19
     50.23  1.287e-19
     54.25  3.449e-20
     58.26  3.309e-20
     62.28  2.475e-20
      66.3  3.131e-20
     70.32  6.637e-21
     74.34   1.18e-20
     78.35  2.015e-20
     82.37  2.238e-20
     86.39  3.589e-20
     90.41  2.096e-20
     94.43  8.567e-21
     98.45  1.491e-20
     102.5  6.004e-20
     106.5  2.582e-20
     110.5  2.927e-21
     114.5  6.826e-21
     118.5  1.441e-21
     122.6  1.994e-23
     126.6  4.124e-21
     130.6  2.922e-21
     134.6  2.954e-22
     138.6      1e-23
     142.6      1e-23
     146.7      1e-23
     150.7      1e-23
     154.7      1e-23
     158.7  1.229e-23
     162.7  1.369e-21
     166.8  7.955e-23
     170.8      1e-23
     174.8      1e-23
     178.8  4.796e-22
     182.8  8.821e-22
     186.8      1e-23
     190.9      1e-23
     194.9      1e-23
     198.9      1e-23
     202.9      1e-23
     206.9      1e-23
       211      1e-23
       215      1e-23
       219      1e-23
       223      1e-23
       227      1e-23
       231      1e-23
     235.1      1e-23
     239.1      1e-23
     243.1      1e-23
     247.1      1e-23
     251.1      1e-23
     255.2      1e-23
     259.2      1e-23
     263.2      1e-23
     267.2      1e-23
     271.2      1e-23
     275.2      1e-23
     279.3      1e-23
     283.3      1e-23
     287.3      1e-23
     291.3      1e-23
     295.3      1e-23
     299.4      1e-23
     303.4      1e-23
     307.4      1e-23
     311.4      1e-23
