     2.009      18.42
     6.027      21.11
     10.05       22.7
     14.06         24
     18.08       25.3
      22.1      27.13
     26.12      27.71
     30.14      29.19
     34.15      30.12
     38.17      29.35
     42.19      29.85
     46.21      31.67
     50.23      33.45
     54.25      34.24
     58.26      34.07
     62.28      34.33
      66.3      34.74
     70.32      35.22
     74.34      34.95
     78.35      34.74
     82.37      34.65
     86.39      34.29
     90.41      34.57
     94.43      34.89
     98.45      34.92
     102.5      34.93
     106.5         35
     110.5       35.3
     114.5      35.36
     118.5      35.44
     122.6      35.51
     126.6      35.37
     130.6      35.39
     134.6      35.49
     138.6      35.52
     142.6      35.52
     146.7      35.52
     150.7      35.52
     154.7      35.52
     158.7      35.51
     162.7      35.46
     166.8       35.5
     170.8      35.52
     174.8      35.52
     178.8      35.49
     182.8      35.48
     186.8      35.52
     190.9      35.52
     194.9      35.52
     198.9      35.52
     202.9      35.52
     206.9      35.52
       211      35.52
       215      35.52
       219      35.52
       223      35.52
       227      35.52
       231      35.52
     235.1      35.52
     239.1      35.52
     243.1      35.52
     247.1      35.52
     251.1      35.52
     255.2      35.52
     259.2      35.52
     263.2      35.52
     267.2      35.52
     271.2      35.52
     275.2      35.52
     279.3      35.52
     283.3      35.52
     287.3      35.52
     291.3      35.52
     295.3      35.52
     299.4      35.52
     303.4      35.52
     307.4      35.52
     311.4      35.52
