     2.009      17.76
     6.027      20.78
     10.05      22.47
     14.06      23.33
     18.08      23.92
      22.1      24.18
     26.12      24.41
     30.14      24.58
     34.15      24.58
     38.17      23.91
     42.19      24.75
     46.21      24.87
     50.23      25.24
     54.25      26.67
     58.26      26.72
     62.28      27.03
      66.3      26.78
     70.32      28.46
     74.34      27.84
     78.35      27.26
     82.37      27.14
     86.39      26.63
     90.41      27.21
     94.43      28.18
     98.45      27.58
     102.5      26.07
     106.5      26.99
     110.5      29.35
     114.5      28.43
     118.5      30.12
     122.6      34.77
     126.6      28.98
     130.6      29.35
     134.6      31.84
     138.6      35.52
     142.6      35.52
     146.7      35.52
     150.7      35.52
     154.7      35.52
     158.7      35.29
     162.7      30.17
     166.8      33.26
     170.8      35.52
     174.8      35.52
     178.8      31.31
     182.8      30.65
     186.8      35.52
     190.9      35.52
     194.9      35.52
     198.9      35.52
     202.9      35.52
     206.9      35.52
       211      35.52
       215      35.52
       219      35.52
       223      35.52
       227      35.52
       231      35.52
     235.1      35.52
     239.1      35.52
     243.1      35.52
     247.1      35.52
     251.1      35.52
     255.2      35.52
     259.2      35.52
     263.2      35.52
     267.2      35.52
     271.2      35.52
     275.2      35.52
     279.3      35.52
     283.3      35.52
     287.3      35.52
     291.3      35.52
     295.3      35.52
     299.4      35.52
     303.4      35.52
     307.4      35.52
     311.4      35.52
