     6.056   1.01e+09
     10.09  3.237e+08
     14.13  1.855e+08
     18.17  1.274e+08
     22.21  9.427e+07
     26.24  7.133e+07
     30.28  5.538e+07
     34.32  4.445e+07
     38.36  3.685e+07
     42.39  3.122e+07
     46.43   2.67e+07
     50.47  2.302e+07
     54.51   2.01e+07
     58.54  1.774e+07
     62.58  1.578e+07
     66.62  1.416e+07
     70.66  1.279e+07
     74.69  1.162e+07
     78.73  1.059e+07
     82.77  9.698e+06
     86.81  8.922e+06
     90.84  8.207e+06
     94.88  7.576e+06
     98.92  7.006e+06
       103  6.496e+06
       107   6.04e+06
       111  5.641e+06
     115.1  5.273e+06
     119.1  4.941e+06
     123.1  4.639e+06
     127.2  4.361e+06
     131.2  4.109e+06
     135.3   3.88e+06
     139.3  3.671e+06
     143.3   3.48e+06
     147.4  3.302e+06
     151.4  3.138e+06
     155.4  2.985e+06
     159.5  2.842e+06
     163.5  2.709e+06
     167.6  2.583e+06
     171.6  2.467e+06
     175.6  2.361e+06
     179.7  2.259e+06
     183.7  2.163e+06
     187.7  2.072e+06
     191.8  1.987e+06
     195.8  1.907e+06
     199.9  1.831e+06
     203.9  1.761e+06
     207.9  1.694e+06
       212  1.631e+06
       216  1.571e+06
       220  1.515e+06
     224.1  1.461e+06
     228.1   1.41e+06
     232.2  1.363e+06
     236.2  1.317e+06
     240.2  1.273e+06
     244.3  1.231e+06
     248.3  1.192e+06
     252.3  1.154e+06
     256.4  1.119e+06
     260.4  1.085e+06
     264.5  1.052e+06
     268.5  1.021e+06
     272.5  9.904e+05
     276.6  9.618e+05
     280.6  9.342e+05
     284.6  9.077e+05
     288.7  8.823e+05
     292.7  8.582e+05
     296.8  8.348e+05
     300.8  8.124e+05
     304.8  7.909e+05
     308.9  7.702e+05
     312.9  7.503e+05
     316.9  7.312e+05
       321  7.128e+05
       325  6.952e+05
     329.1  6.781e+05
     333.1  6.617e+05
     337.1  6.458e+05
     341.2  6.305e+05
     345.2  6.158e+05
     349.2  6.015e+05
