    0.7822   1.01e+09
     1.004  3.237e+08
      1.15  1.855e+08
     1.259  1.274e+08
     1.346  9.427e+07
     1.419  7.133e+07
     1.481  5.538e+07
     1.536  4.445e+07
     1.584  3.685e+07
     1.627  3.122e+07
     1.667   2.67e+07
     1.703  2.302e+07
     1.736   2.01e+07
     1.767  1.774e+07
     1.796  1.578e+07
     1.824  1.416e+07
     1.849  1.279e+07
     1.873  1.162e+07
     1.896  1.059e+07
     1.918  9.698e+06
     1.939  8.922e+06
     1.958  8.207e+06
     1.977  7.576e+06
     1.995  7.006e+06
     2.013  6.496e+06
     2.029   6.04e+06
     2.045  5.641e+06
     2.061  5.273e+06
     2.076  4.941e+06
      2.09  4.639e+06
     2.104  4.361e+06
     2.118  4.109e+06
     2.131   3.88e+06
     2.144  3.671e+06
     2.156   3.48e+06
     2.168  3.302e+06
      2.18  3.138e+06
     2.192  2.985e+06
     2.203  2.842e+06
     2.214  2.709e+06
     2.224  2.583e+06
     2.235  2.467e+06
     2.245  2.361e+06
     2.254  2.259e+06
     2.264  2.163e+06
     2.274  2.072e+06
     2.283  1.987e+06
     2.292  1.907e+06
     2.301  1.831e+06
     2.309  1.761e+06
     2.318  1.694e+06
     2.326  1.631e+06
     2.334  1.571e+06
     2.343  1.515e+06
      2.35  1.461e+06
     2.358   1.41e+06
     2.366  1.363e+06
     2.373  1.317e+06
     2.381  1.273e+06
     2.388  1.231e+06
     2.395  1.192e+06
     2.402  1.154e+06
     2.409  1.119e+06
     2.416  1.085e+06
     2.422  1.052e+06
     2.429  1.021e+06
     2.435  9.904e+05
     2.442  9.618e+05
     2.448  9.342e+05
     2.454  9.077e+05
      2.46  8.823e+05
     2.466  8.582e+05
     2.472  8.348e+05
     2.478  8.124e+05
     2.484  7.909e+05
      2.49  7.702e+05
     2.495  7.503e+05
     2.501  7.312e+05
     2.506  7.128e+05
     2.512  6.952e+05
     2.517  6.781e+05
     2.523  6.617e+05
     2.528  6.458e+05
     2.533  6.305e+05
     2.538  6.158e+05
     2.543  6.015e+05
