    0.7822  3.212e+08
     1.004  9.481e+07
      1.15  7.496e+07
     1.259  5.276e+07
     1.346  3.532e+07
     1.419   1.92e+07
     1.481  1.119e+07
     1.536   8.76e+06
     1.584  8.241e+06
     1.627  7.199e+06
     1.667  5.195e+06
     1.703  3.642e+06
     1.736  3.303e+06
     1.767  2.944e+06
     1.796  2.561e+06
     1.824  2.352e+06
     1.849  2.161e+06
     1.873   1.96e+06
     1.896  1.639e+06
     1.918   1.41e+06
     1.939  1.352e+06
     1.958  8.652e+05
     1.977  7.918e+05
     1.995  5.948e+05
     2.013  4.995e+05
     2.029  4.534e+05
     2.045  5.476e+05
     2.061  3.946e+05
     2.076   3.72e+05
      2.09  3.446e+05
     2.104  2.563e+05
     2.118  2.703e+05
     2.131  2.712e+05
     2.144  2.607e+05
     2.156  2.874e+05
     2.168  2.372e+05
      2.18  2.258e+05
     2.192  1.899e+05
     2.203  1.653e+05
     2.214  1.382e+05
     2.224  1.059e+05
     2.235  1.062e+05
     2.245  1.694e+05
     2.254  8.144e+04
     2.264  8.323e+04
     2.274   4.45e+04
     2.283  5.754e+04
     2.292  3.237e+04
     2.301  3.134e+04
     2.309  5.761e+04
     2.318  5.384e+04
     2.326  3.054e+04
     2.334  2.776e+04
     2.343  4.736e+04
      2.35  2.281e+04
     2.358   1.99e+04
     2.366  3.594e+04
     2.373  2.692e+04
     2.381       3112
     2.388  1.912e+04
     2.395  1.931e+04
     2.402  1.894e+04
     2.409  3.645e+04
     2.416  1.303e+04
     2.422  1.289e+04
     2.429       4930
     2.435          0
     2.442  1.024e+04
     2.448       2304
     2.454          0
      2.46          0
     2.466       6822
     2.472          0
     2.478          0
     2.484          0
      2.49          0
     2.495          0
     2.501          0
     2.506          0
     2.512       2402
     2.517          0
     2.523          0
     2.528          0
     2.533          0
     2.538          0
     2.543          0
