     2.019  3.406e-15
     6.056  2.203e-17
     10.09  1.512e-17
     14.13  1.072e-17
     18.17  9.761e-18
     22.21  6.887e-18
     26.24  3.948e-18
     30.28  3.047e-18
     34.32  2.596e-18
     38.36  2.593e-18
     42.39  2.195e-18
     46.43  1.436e-18
     50.47  1.003e-18
     54.51  1.092e-18
     58.54   9.89e-19
     62.58  8.694e-19
     66.62  8.382e-19
     70.66  7.651e-19
     74.69  6.882e-19
     78.73  6.572e-19
     82.77  4.807e-19
     86.81  5.044e-19
     90.84  2.842e-19
     94.88  2.418e-19
     98.92  1.508e-19
       103  1.565e-19
       107  1.632e-19
       111  1.447e-19
     115.1  1.239e-19
     119.1  1.272e-19
     123.1   9.68e-20
     127.2  8.675e-20
     131.2  7.896e-20
     135.3  8.159e-20
     139.3  9.342e-20
     143.3  6.992e-20
     147.4  7.642e-20
     151.4  5.998e-20
     155.4  5.738e-20
     159.5  5.017e-20
     163.5   4.93e-20
     167.6   2.83e-20
     171.6  4.147e-20
     175.6   4.45e-20
     179.7  2.574e-20
     183.7  2.055e-20
     187.7   2.06e-20
     191.8  1.303e-20
     195.8  9.489e-21
     199.9  1.754e-20
     203.9   1.35e-20
     207.9  1.282e-20
       212  8.171e-21
       216  1.151e-20
       220  7.211e-21
     224.1  9.005e-21
     228.1  7.624e-21
     232.2  9.162e-21
     236.2  4.153e-21
     240.2  3.163e-21
     244.3  4.782e-21
     248.3  7.279e-21
     252.3   1.12e-20
     256.4  1.085e-20
     260.4  4.202e-21
     264.5  6.007e-21
     268.5  1.406e-21
     272.5   4.48e-21
     276.6  2.163e-21
     280.6  1.173e-22
     284.6      1e-23
     288.7  3.055e-21
     292.7  2.506e-21
     296.8      1e-23
     300.8      1e-23
     304.8      1e-23
     308.9      1e-23
     312.9      1e-23
     316.9  4.698e-22
       321  1.936e-20
       325  1.535e-22
     329.1      1e-23
     333.1      1e-23
     337.1      1e-23
     341.2      1e-23
     345.2      1e-23
     349.2      1e-23
