     6.057  4.891e+08
      10.1  1.363e+08
     14.13  6.411e+07
     18.17  3.803e+07
     22.21    2.5e+07
     26.25  1.761e+07
     30.29  1.313e+07
     34.33  1.021e+07
     38.36  8.132e+06
      42.4  6.614e+06
     46.44  5.474e+06
     50.48  4.605e+06
     54.52   3.94e+06
     58.56  3.403e+06
     62.59  2.966e+06
     66.63  2.606e+06
     70.67  2.309e+06
     74.71  2.063e+06
     78.75  1.852e+06
     82.79  1.672e+06
     86.82  1.516e+06
     90.86  1.381e+06
      94.9  1.264e+06
     98.94  1.161e+06
       103   1.07e+06
       107  9.891e+05
     111.1  9.172e+05
     115.1  8.528e+05
     119.1   7.95e+05
     123.2  7.429e+05
     127.2  6.958e+05
     131.2   6.53e+05
     135.3   6.14e+05
     139.3  5.784e+05
     143.4  5.458e+05
     147.4  5.159e+05
     151.4  4.884e+05
     155.5   4.63e+05
     159.5  4.396e+05
     163.6  4.179e+05
     167.6  3.978e+05
     171.6   3.79e+05
     175.7  3.616e+05
     179.7  3.454e+05
     183.7  3.302e+05
     187.8   3.16e+05
     191.8  3.027e+05
     195.9  2.902e+05
     199.9  2.785e+05
     203.9  2.675e+05
       208  2.571e+05
       212  2.473e+05
       216   2.38e+05
     220.1  2.293e+05
     224.1   2.21e+05
     228.2  2.132e+05
     232.2  2.058e+05
     236.2  1.988e+05
     240.3  1.921e+05
     244.3  1.857e+05
     248.4  1.797e+05
     252.4  1.739e+05
     256.4  1.685e+05
     260.5  1.632e+05
     264.5  1.583e+05
     268.5  1.535e+05
     272.6  1.489e+05
     276.6  1.446e+05
     280.7  1.404e+05
     284.7  1.365e+05
     288.7  1.326e+05
     292.8   1.29e+05
     296.8  1.255e+05
     300.9  1.221e+05
     304.9  1.189e+05
     308.9  1.158e+05
       313  1.128e+05
       317  1.099e+05
       321  1.071e+05
     325.1  1.045e+05
     329.1  1.019e+05
     333.2  9.944e+04
