     6.057  2.005e+08
      10.1   1.87e+07
     14.13  6.361e+06
     18.17  4.505e+06
     22.21  1.815e+06
     26.25  8.312e+05
     30.29  6.993e+05
     34.33   7.04e+05
     38.36  2.934e+05
      42.4  1.414e+05
     46.44  4.903e+04
     50.48  3.013e+04
     54.52  1.104e+05
     58.56  3.921e+04
     62.59  1.198e+04
     66.63          0
     70.67          0
     74.71  2.943e+04
     78.75       9416
     82.79          0
     86.82          0
     90.86          0
      94.9          0
     98.94          0
       103          0
       107          0
     111.1          0
     115.1          0
     119.1          0
     123.2          0
     127.2          0
     131.2          0
     135.3          0
     139.3          0
     143.4          0
     147.4          0
     151.4          0
     155.5          0
     159.5          0
     163.6          0
     167.6          0
     171.6          0
     175.7          0
     179.7          0
     183.7          0
     187.8          0
     191.8          0
     195.9          0
     199.9          0
     203.9          0
       208          0
       212          0
       216          0
     220.1          0
     224.1          0
     228.2          0
     232.2          0
     236.2          0
     240.3          0
     244.3          0
     248.4          0
     252.4          0
     256.4          0
     260.5          0
     264.5          0
     268.5          0
     272.6          0
     276.6          0
     280.7          0
     284.7          0
     288.7          0
     292.8          0
     296.8          0
     300.9          0
     304.9          0
     308.9          0
       313          0
       317          0
       321          0
     325.1          0
     329.1          0
     333.2          0
