    0.7823  4.891e+08
     1.004  1.363e+08
      1.15  6.411e+07
     1.259  3.803e+07
     1.347    2.5e+07
     1.419  1.761e+07
     1.481  1.313e+07
     1.536  1.021e+07
     1.584  8.132e+06
     1.627  6.614e+06
     1.667  5.474e+06
     1.703  4.605e+06
     1.737   3.94e+06
     1.768  3.403e+06
     1.797  2.966e+06
     1.824  2.606e+06
     1.849  2.309e+06
     1.873  2.063e+06
     1.896  1.852e+06
     1.918  1.672e+06
     1.939  1.516e+06
     1.958  1.381e+06
     1.977  1.264e+06
     1.995  1.161e+06
     2.013   1.07e+06
     2.029  9.891e+05
     2.046  9.172e+05
     2.061  8.528e+05
     2.076   7.95e+05
     2.091  7.429e+05
     2.105  6.958e+05
     2.118   6.53e+05
     2.131   6.14e+05
     2.144  5.784e+05
     2.156  5.458e+05
     2.168  5.159e+05
      2.18  4.884e+05
     2.192   4.63e+05
     2.203  4.396e+05
     2.214  4.179e+05
     2.224  3.978e+05
     2.235   3.79e+05
     2.245  3.616e+05
     2.255  3.454e+05
     2.264  3.302e+05
     2.274   3.16e+05
     2.283  3.027e+05
     2.292  2.902e+05
     2.301  2.785e+05
     2.309  2.675e+05
     2.318  2.571e+05
     2.326  2.473e+05
     2.335   2.38e+05
     2.343  2.293e+05
      2.35   2.21e+05
     2.358  2.132e+05
     2.366  2.058e+05
     2.373  1.988e+05
     2.381  1.921e+05
     2.388  1.857e+05
     2.395  1.797e+05
     2.402  1.739e+05
     2.409  1.685e+05
     2.416  1.632e+05
     2.422  1.583e+05
     2.429  1.535e+05
     2.436  1.489e+05
     2.442  1.446e+05
     2.448  1.404e+05
     2.454  1.365e+05
     2.461  1.326e+05
     2.467   1.29e+05
     2.472  1.255e+05
     2.478  1.221e+05
     2.484  1.189e+05
      2.49  1.158e+05
     2.496  1.128e+05
     2.501  1.099e+05
     2.507  1.071e+05
     2.512  1.045e+05
     2.517  1.019e+05
     2.523  9.944e+04
