    0.7823  2.005e+08
     1.004   1.87e+07
      1.15  6.361e+06
     1.259  4.505e+06
     1.347  1.815e+06
     1.419  8.312e+05
     1.481  6.993e+05
     1.536   7.04e+05
     1.584  2.934e+05
     1.627  1.414e+05
     1.667  4.903e+04
     1.703  3.013e+04
     1.737  1.104e+05
     1.768  3.921e+04
     1.797  1.198e+04
     1.824          0
     1.849          0
     1.873  2.943e+04
     1.896       9416
     1.918          0
     1.939          0
     1.958          0
     1.977          0
     1.995          0
     2.013          0
     2.029          0
     2.046          0
     2.061          0
     2.076          0
     2.091          0
     2.105          0
     2.118          0
     2.131          0
     2.144          0
     2.156          0
     2.168          0
      2.18          0
     2.192          0
     2.203          0
     2.214          0
     2.224          0
     2.235          0
     2.245          0
     2.255          0
     2.264          0
     2.274          0
     2.283          0
     2.292          0
     2.301          0
     2.309          0
     2.318          0
     2.326          0
     2.335          0
     2.343          0
      2.35          0
     2.358          0
     2.366          0
     2.373          0
     2.381          0
     2.388          0
     2.395          0
     2.402          0
     2.409          0
     2.416          0
     2.422          0
     2.429          0
     2.436          0
     2.442          0
     2.448          0
     2.454          0
     2.461          0
     2.467          0
     2.472          0
     2.478          0
     2.484          0
      2.49          0
     2.496          0
     2.501          0
     2.507          0
     2.512          0
     2.517          0
     2.523          0
