     2.019  3.327e+10
     6.057  5.638e+10
      10.1  6.285e+10
     14.13  6.652e+10
     18.17  7.015e+10
     22.21  7.203e+10
     26.25  7.309e+10
     30.29  7.414e+10
     34.33  7.535e+10
     38.36  7.593e+10
      42.4  7.624e+10
     46.44  7.636e+10
     50.48  7.644e+10
     54.52  7.675e+10
     58.56  7.688e+10
     62.59  7.692e+10
     66.63  7.692e+10
     70.67  7.692e+10
     74.71  7.704e+10
     78.75  7.708e+10
     82.79  7.708e+10
     86.82  7.708e+10
     90.86  7.708e+10
      94.9  7.708e+10
     98.94  7.708e+10
       103  7.708e+10
       107  7.708e+10
     111.1  7.708e+10
     115.1  7.708e+10
     119.1  7.708e+10
     123.2  7.708e+10
     127.2  7.708e+10
     131.2  7.708e+10
     135.3  7.708e+10
     139.3  7.708e+10
     143.4  7.708e+10
     147.4  7.708e+10
     151.4  7.708e+10
     155.5  7.708e+10
     159.5  7.708e+10
     163.6  7.708e+10
     167.6  7.708e+10
     171.6  7.708e+10
     175.7  7.708e+10
     179.7  7.708e+10
     183.7  7.708e+10
     187.8  7.708e+10
     191.8  7.708e+10
     195.9  7.708e+10
     199.9  7.708e+10
     203.9  7.708e+10
       208  7.708e+10
       212  7.708e+10
       216  7.708e+10
     220.1  7.708e+10
     224.1  7.708e+10
     228.2  7.708e+10
     232.2  7.708e+10
     236.2  7.708e+10
     240.3  7.708e+10
     244.3  7.708e+10
     248.4  7.708e+10
     252.4  7.708e+10
     256.4  7.708e+10
     260.5  7.708e+10
     264.5  7.708e+10
     268.5  7.708e+10
     272.6  7.708e+10
     276.6  7.708e+10
     280.7  7.708e+10
     284.7  7.708e+10
     288.7  7.708e+10
     292.8  7.708e+10
     296.8  7.708e+10
     300.9  7.708e+10
     304.9  7.708e+10
     308.9  7.708e+10
       313  7.708e+10
       317  7.708e+10
       321  7.708e+10
     325.1  7.708e+10
     329.1  7.708e+10
     333.2  7.708e+10
