     2.019      19.98
     6.057      20.95
      10.1      22.52
     14.13      24.16
     18.17      25.95
     22.21      28.61
     26.25      30.33
     30.29      29.88
     34.33      31.67
     38.36      32.98
      42.4      33.73
     46.44      34.96
     50.48      35.23
     54.52      34.98
     58.56      35.08
     62.59      35.37
     66.63      35.49
     70.67      35.23
     74.71      35.27
     78.75      35.37
     82.79      35.52
     86.82      35.52
     90.86      35.52
      94.9      35.52
     98.94      35.52
       103      35.52
       107      35.52
     111.1      35.52
     115.1      35.52
     119.1      35.52
     123.2      35.52
     127.2      35.52
     131.2      35.52
     135.3      35.52
     139.3      35.52
     143.4      35.52
     147.4      35.52
     151.4      35.52
     155.5      35.52
     159.5      35.52
     163.6      35.52
     167.6      35.52
     171.6      35.52
     175.7      35.52
     179.7      35.52
     183.7      35.52
     187.8      35.52
     191.8      35.52
     195.9      35.52
     199.9      35.52
     203.9      35.52
       208      35.52
       212      35.52
       216      35.52
     220.1      35.52
     224.1      35.52
     228.2      35.52
     232.2      35.52
     236.2      35.52
     240.3      35.52
     244.3      35.52
     248.4      35.52
     252.4      35.52
     256.4      35.52
     260.5      35.52
     264.5      35.52
     268.5      35.52
     272.6      35.52
     276.6      35.52
     280.7      35.52
     284.7      35.52
     288.7      35.52
     292.8      35.52
     296.8      35.52
     300.9      35.52
     304.9      35.52
     308.9      35.52
       313      35.52
       317      35.52
       321      35.52
     325.1      35.52
     329.1      35.52
     333.2      35.52
