     2.019  2.096e-17
     6.057  9.128e-18
      10.1  2.683e-18
     14.13  1.545e-18
     18.17  1.019e-18
     22.21  3.655e-19
     26.25  3.433e-19
     30.29   2.33e-19
     34.33  1.703e-19
     38.36  7.179e-20
      42.4  4.578e-20
     46.44  1.007e-20
     50.48  2.642e-20
     54.52  3.936e-20
     58.56  1.505e-20
     62.59  3.469e-21
     66.63  1.547e-23
     70.67  7.308e-21
     74.71  7.102e-21
     78.75  3.227e-21
     82.79      1e-23
     86.82      1e-23
     90.86      1e-23
      94.9      1e-23
     98.94      1e-23
       103      1e-23
       107      1e-23
     111.1      1e-23
     115.1      1e-23
     119.1      1e-23
     123.2      1e-23
     127.2      1e-23
     131.2      1e-23
     135.3      1e-23
     139.3      1e-23
     143.4      1e-23
     147.4      1e-23
     151.4      1e-23
     155.5      1e-23
     159.5      1e-23
     163.6      1e-23
     167.6      1e-23
     171.6      1e-23
     175.7      1e-23
     179.7      1e-23
     183.7      1e-23
     187.8      1e-23
     191.8      1e-23
     195.9      1e-23
     199.9      1e-23
     203.9      1e-23
       208      1e-23
       212      1e-23
       216      1e-23
     220.1      1e-23
     224.1      1e-23
     228.2      1e-23
     232.2      1e-23
     236.2      1e-23
     240.3      1e-23
     244.3      1e-23
     248.4      1e-23
     252.4      1e-23
     256.4      1e-23
     260.5      1e-23
     264.5      1e-23
     268.5      1e-23
     272.6      1e-23
     276.6      1e-23
     280.7      1e-23
     284.7      1e-23
     288.7      1e-23
     292.8      1e-23
     296.8      1e-23
     300.9      1e-23
     304.9      1e-23
     308.9      1e-23
       313      1e-23
       317      1e-23
       321      1e-23
     325.1      1e-23
     329.1      1e-23
     333.2      1e-23
