     6.002  1.055e+09
        10  5.573e+08
        14  3.869e+08
        18  2.939e+08
     22.01  2.361e+08
     26.01  1.953e+08
     30.01  1.666e+08
     34.01  1.437e+08
     38.01   1.26e+08
     42.01  1.113e+08
     46.01  9.925e+07
     50.01   8.92e+07
     54.01  8.069e+07
     58.02  7.354e+07
     62.02  6.734e+07
     66.02  6.188e+07
     70.02  5.716e+07
     74.02  5.302e+07
     78.02  4.938e+07
     82.02  4.617e+07
     86.02  4.335e+07
     90.02  4.079e+07
     94.03  3.846e+07
     98.03  3.632e+07
       102  3.435e+07
       106  3.253e+07
       110  3.091e+07
       114  2.946e+07
       118  2.819e+07
       122  2.705e+07
       126    2.6e+07
       130  2.508e+07
       134  2.423e+07
       138  2.345e+07
       142  2.263e+07
       146  2.186e+07
       150   2.11e+07
       154  2.039e+07
       158   1.97e+07
       162  1.905e+07
       166  1.841e+07
       170  1.778e+07
       174  1.719e+07
       178  1.661e+07
     182.1  1.608e+07
     186.1  1.557e+07
     190.1  1.508e+07
     194.1  1.462e+07
     198.1  1.419e+07
     202.1  1.378e+07
     206.1  1.338e+07
     210.1  1.298e+07
     214.1   1.26e+07
     218.1  1.225e+07
     222.1  1.191e+07
     226.1  1.158e+07
     230.1  1.127e+07
     234.1  1.097e+07
     238.1  1.068e+07
     242.1  1.042e+07
     246.1  1.017e+07
     250.1  9.922e+06
     254.1  9.667e+06
     258.1  9.413e+06
     262.1  9.169e+06
     266.1  8.937e+06
     270.1  8.706e+06
     274.1  8.478e+06
     278.1  8.261e+06
     282.1  8.048e+06
     286.1  7.838e+06
     290.1  7.636e+06
     294.1  7.441e+06
     298.1  7.254e+06
     302.1  7.073e+06
     306.1  6.896e+06
     310.1  6.726e+06
     314.1  6.561e+06
     318.1  6.402e+06
     322.1  6.247e+06
     326.1  6.096e+06
     330.1  5.951e+06
     334.1  5.811e+06
     338.1  5.675e+06
     342.1  5.543e+06
     346.1  5.417e+06
     350.1  5.293e+06
