     6.002  7.811e+08
        10  3.912e+08
        14  2.506e+08
        18  1.743e+08
     22.01  1.333e+08
     26.01  1.026e+08
     30.01  8.703e+07
     34.01  6.915e+07
     38.01  5.907e+07
     42.01    4.9e+07
     46.01  4.167e+07
     50.01   3.63e+07
     54.01  3.167e+07
     58.02  2.878e+07
     62.02  2.545e+07
     66.02  2.225e+07
     70.02  2.053e+07
     74.02  1.891e+07
     78.02  1.746e+07
     82.02  1.649e+07
     86.02  1.582e+07
     90.02  1.447e+07
     94.03  1.349e+07
     98.03  1.215e+07
       102  1.123e+07
       106  1.019e+07
       110  1.029e+07
       114  1.017e+07
       118  1.073e+07
       122  1.091e+07
       126  1.049e+07
       130  1.105e+07
       134  1.086e+07
       138  1.079e+07
       142  8.851e+06
       146  8.616e+06
       150  7.619e+06
       154  7.304e+06
       158  6.785e+06
       162  6.485e+06
       166  5.741e+06
       170  5.153e+06
       174  4.815e+06
       178  4.437e+06
     182.1  4.383e+06
     186.1  4.262e+06
     190.1  3.945e+06
     194.1   3.93e+06
     198.1  3.992e+06
     202.1  3.782e+06
     206.1  3.468e+06
     210.1  2.991e+06
     214.1   2.88e+06
     218.1  2.886e+06
     222.1  2.788e+06
     226.1  2.732e+06
     230.1  2.633e+06
     234.1   2.46e+06
     238.1  2.448e+06
     242.1   2.66e+06
     246.1  2.708e+06
     250.1  2.515e+06
     254.1  1.835e+06
     258.1  1.461e+06
     262.1  1.422e+06
     266.1  1.472e+06
     270.1  1.144e+06
     274.1  8.862e+05
     278.1  9.301e+05
     282.1  7.665e+05
     286.1   5.23e+05
     290.1  5.293e+05
     294.1  4.817e+05
     298.1  4.735e+05
     302.1  3.898e+05
     306.1  3.057e+05
     310.1  3.215e+05
     314.1  2.591e+05
     318.1  2.195e+05
     322.1  1.563e+05
     326.1  1.219e+05
     330.1  1.126e+05
     334.1  8.836e+04
     338.1  6.154e+04
     342.1  5.911e+04
     346.1   6.34e+04
     350.1  1.451e+04
