    0.7783  7.811e+08
         1  3.912e+08
     1.146  2.506e+08
     1.255  1.743e+08
     1.343  1.333e+08
     1.415  1.026e+08
     1.477  8.703e+07
     1.532  6.915e+07
      1.58  5.907e+07
     1.623    4.9e+07
     1.663  4.167e+07
     1.699   3.63e+07
     1.733  3.167e+07
     1.764  2.878e+07
     1.793  2.545e+07
      1.82  2.225e+07
     1.845  2.053e+07
     1.869  1.891e+07
     1.892  1.746e+07
     1.914  1.649e+07
     1.935  1.582e+07
     1.954  1.447e+07
     1.973  1.349e+07
     1.991  1.215e+07
     2.009  1.123e+07
     2.025  1.019e+07
     2.042  1.029e+07
     2.057  1.017e+07
     2.072  1.073e+07
     2.086  1.091e+07
       2.1  1.049e+07
     2.114  1.105e+07
     2.127  1.086e+07
      2.14  1.079e+07
     2.152  8.851e+06
     2.164  8.616e+06
     2.176  7.619e+06
     2.188  7.304e+06
     2.199  6.785e+06
      2.21  6.485e+06
      2.22  5.741e+06
     2.231  5.153e+06
     2.241  4.815e+06
     2.251  4.437e+06
      2.26  4.383e+06
      2.27  4.262e+06
     2.279  3.945e+06
     2.288   3.93e+06
     2.297  3.992e+06
     2.305  3.782e+06
     2.314  3.468e+06
     2.322  2.991e+06
     2.331   2.88e+06
     2.339  2.886e+06
     2.346  2.788e+06
     2.354  2.732e+06
     2.362  2.633e+06
     2.369   2.46e+06
     2.377  2.448e+06
     2.384   2.66e+06
     2.391  2.708e+06
     2.398  2.515e+06
     2.405  1.835e+06
     2.412  1.461e+06
     2.418  1.422e+06
     2.425  1.472e+06
     2.431  1.144e+06
     2.438  8.862e+05
     2.444  9.301e+05
      2.45  7.665e+05
     2.456   5.23e+05
     2.463  5.293e+05
     2.468  4.817e+05
     2.474  4.735e+05
      2.48  3.898e+05
     2.486  3.057e+05
     2.491  3.215e+05
     2.497  2.591e+05
     2.503  2.195e+05
     2.508  1.563e+05
     2.513  1.219e+05
     2.519  1.126e+05
     2.524  8.836e+04
     2.529  6.154e+04
     2.534  5.911e+04
     2.539   6.34e+04
     2.544  1.451e+04
