    0.7783  1.055e+09
         1  5.573e+08
     1.146  3.869e+08
     1.255  2.939e+08
     1.343  2.361e+08
     1.415  1.953e+08
     1.477  1.666e+08
     1.532  1.437e+08
      1.58   1.26e+08
     1.623  1.113e+08
     1.663  9.925e+07
     1.699   8.92e+07
     1.733  8.069e+07
     1.764  7.354e+07
     1.793  6.734e+07
      1.82  6.188e+07
     1.845  5.716e+07
     1.869  5.302e+07
     1.892  4.938e+07
     1.914  4.617e+07
     1.935  4.335e+07
     1.954  4.079e+07
     1.973  3.846e+07
     1.991  3.632e+07
     2.009  3.435e+07
     2.025  3.253e+07
     2.042  3.091e+07
     2.057  2.946e+07
     2.072  2.819e+07
     2.086  2.705e+07
       2.1    2.6e+07
     2.114  2.508e+07
     2.127  2.423e+07
      2.14  2.345e+07
     2.152  2.263e+07
     2.164  2.186e+07
     2.176   2.11e+07
     2.188  2.039e+07
     2.199   1.97e+07
      2.21  1.905e+07
      2.22  1.841e+07
     2.231  1.778e+07
     2.241  1.719e+07
     2.251  1.661e+07
      2.26  1.608e+07
      2.27  1.557e+07
     2.279  1.508e+07
     2.288  1.462e+07
     2.297  1.419e+07
     2.305  1.378e+07
     2.314  1.338e+07
     2.322  1.298e+07
     2.331   1.26e+07
     2.339  1.225e+07
     2.346  1.191e+07
     2.354  1.158e+07
     2.362  1.127e+07
     2.369  1.097e+07
     2.377  1.068e+07
     2.384  1.042e+07
     2.391  1.017e+07
     2.398  9.922e+06
     2.405  9.667e+06
     2.412  9.413e+06
     2.418  9.169e+06
     2.425  8.937e+06
     2.431  8.706e+06
     2.438  8.478e+06
     2.444  8.261e+06
      2.45  8.048e+06
     2.456  7.838e+06
     2.463  7.636e+06
     2.468  7.441e+06
     2.474  7.254e+06
      2.48  7.073e+06
     2.486  6.896e+06
     2.491  6.726e+06
     2.497  6.561e+06
     2.503  6.402e+06
     2.508  6.247e+06
     2.513  6.096e+06
     2.519  5.951e+06
     2.524  5.811e+06
     2.529  5.675e+06
     2.534  5.543e+06
     2.539  5.417e+06
     2.544  5.293e+06
