     2.001      19.66
     6.002      20.44
        10      20.63
        14      21.03
        18      21.23
     22.01      21.35
     26.01      21.47
     30.01      21.64
     34.01      21.81
     38.01      22.01
     42.01      22.17
     46.01       22.4
     50.01      22.48
     54.01      22.69
     58.02       22.9
     62.02      23.02
     66.02      23.13
     70.02      23.23
     74.02      23.36
     78.02       23.4
     82.02      23.49
     86.02      23.57
     90.02      23.73
     94.03      23.81
     98.03      23.87
       102      24.07
       106      24.18
       110      24.29
       114       24.4
       118      24.49
       122      24.35
       126      24.38
       130      24.58
       134      24.55
       138      24.62
       142      24.84
       146      24.83
       150      24.88
       154      24.97
       158      25.01
       162      24.97
       166      25.16
       170      25.32
       174      25.32
       178       25.4
     182.1      25.43
     186.1      25.66
     190.1      25.63
     194.1      25.76
     198.1      25.84
     202.1       25.9
     206.1      26.05
     210.1      26.19
     214.1      26.09
     218.1      26.03
     222.1       26.2
     226.1      26.44
     230.1       26.5
     234.1      26.67
     238.1      26.65
     242.1      26.55
     246.1       26.6
     250.1      26.79
     254.1      26.85
     258.1       26.8
     262.1      26.87
     266.1      27.15
     270.1      27.15
     274.1      27.31
     278.1      27.15
     282.1       27.4
     286.1      27.31
     290.1      27.57
     294.1      27.52
     298.1      27.82
     302.1      27.84
     306.1      27.91
     310.1      27.81
     314.1      27.55
     318.1      27.47
     322.1       27.7
     326.1      28.97
     330.1      28.85
     334.1      28.53
     338.1      28.56
     342.1      26.92
     346.1      27.75
     350.1      30.07
