     6.026  2.129e+08
     10.04   2.94e+07
     14.06  1.018e+07
     18.08  5.484e+06
     22.09  3.252e+06
     26.11  2.144e+06
     30.13  1.954e+06
     34.15  1.007e+06
     38.16  9.535e+05
     42.18  8.711e+05
      46.2  6.088e+05
     50.21  6.024e+05
     54.23  5.882e+05
     58.25  5.515e+05
     62.27  6.068e+05
     66.28  6.565e+05
      70.3  6.456e+05
     74.32  4.399e+05
     78.33  6.697e+05
     82.35  1.821e+05
     86.37  1.024e+05
     90.39  1.133e+05
      94.4  1.253e+05
     98.42   1.09e+05
     102.4  2.002e+04
     106.5  3.429e+04
     110.5   3.95e+04
     114.5  4.981e+04
     118.5  3.003e+04
     122.5  1.128e+04
     126.5   2.17e+04
     130.6   1.61e+04
     134.6  1.024e+04
     138.6       5090
     142.6       9988
     146.6  1.913e+04
     150.6          0
     154.7          0
     158.7  2.618e+04
     162.7       8592
     166.7          0
     170.7       4018
     174.7          0
     178.8          0
     182.8  1.597e+04
     186.8   1.91e+05
     190.8  2.016e+04
     194.8       7509
     198.8  1.089e+04
     202.9          0
     206.9          0
     210.9          0
     214.9       3323
     218.9          0
       223          0
       227          0
       231          0
       235          0
       239          0
       243       5793
     247.1       2989
     251.1          0
     255.1          0
     259.1          0
     263.1          0
     267.1          0
     271.2          0
     275.2          0
     279.2          0
     283.2          0
     287.2          0
     291.2          0
     295.3          0
     299.3          0
     303.3          0
     307.3          0
     311.3          0
     315.3          0
     319.4          0
     323.4          0
     327.4          0
     331.4          0
     335.4          0
     339.4          0
     343.5          0
     347.5          0
