      0.78  4.816e+08
     1.002  1.425e+08
     1.148  6.897e+07
     1.257  4.119e+07
     1.344  2.754e+07
     1.417  1.978e+07
     1.479  1.505e+07
     1.533  1.176e+07
     1.582   9.49e+06
     1.625  7.852e+06
     1.665  6.595e+06
     1.701  5.638e+06
     1.734  4.891e+06
     1.765  4.293e+06
     1.794  3.818e+06
     1.821  3.435e+06
     1.847  3.117e+06
     1.871  2.828e+06
     1.894  2.606e+06
     1.916   2.37e+06
     1.936  2.159e+06
     1.956  1.977e+06
     1.975   1.82e+06
     1.993   1.68e+06
      2.01   1.55e+06
     2.027  1.436e+06
     2.043  1.334e+06
     2.059  1.244e+06
     2.074  1.162e+06
     2.088  1.086e+06
     2.102  1.019e+06
     2.116  9.571e+05
     2.129  9.006e+05
     2.142  8.487e+05
     2.154  8.015e+05
     2.166  7.586e+05
     2.178  7.182e+05
     2.189  6.809e+05
     2.201  6.477e+05
     2.211  6.162e+05
     2.222  5.865e+05
     2.232  5.591e+05
     2.242  5.334e+05
     2.252  5.094e+05
     2.262  4.877e+05
     2.271  4.749e+05
     2.281  4.558e+05
      2.29  4.373e+05
     2.299  4.201e+05
     2.307  4.035e+05
     2.316  3.878e+05
     2.324   3.73e+05
     2.332  3.592e+05
      2.34   3.46e+05
     2.348  3.335e+05
     2.356  3.217e+05
     2.364  3.106e+05
     2.371  2.999e+05
     2.378  2.899e+05
     2.386  2.805e+05
     2.393  2.714e+05
       2.4  2.628e+05
     2.407  2.545e+05
     2.413  2.466e+05
      2.42  2.391e+05
     2.427  2.319e+05
     2.433   2.25e+05
      2.44  2.184e+05
     2.446  2.121e+05
     2.452  2.061e+05
     2.458  2.004e+05
     2.464  1.948e+05
      2.47  1.895e+05
     2.476  1.844e+05
     2.482  1.796e+05
     2.488  1.749e+05
     2.493  1.704e+05
     2.499   1.66e+05
     2.504  1.618e+05
      2.51  1.578e+05
     2.515  1.539e+05
      2.52  1.502e+05
     2.526  1.466e+05
     2.531  1.431e+05
     2.536  1.398e+05
     2.541  1.366e+05
