      0.78  2.129e+08
     1.002   2.94e+07
     1.148  1.018e+07
     1.257  5.484e+06
     1.344  3.252e+06
     1.417  2.144e+06
     1.479  1.954e+06
     1.533  1.007e+06
     1.582  9.535e+05
     1.625  8.711e+05
     1.665  6.088e+05
     1.701  6.024e+05
     1.734  5.882e+05
     1.765  5.515e+05
     1.794  6.068e+05
     1.821  6.565e+05
     1.847  6.456e+05
     1.871  4.399e+05
     1.894  6.697e+05
     1.916  1.821e+05
     1.936  1.024e+05
     1.956  1.133e+05
     1.975  1.253e+05
     1.993   1.09e+05
      2.01  2.002e+04
     2.027  3.429e+04
     2.043   3.95e+04
     2.059  4.981e+04
     2.074  3.003e+04
     2.088  1.128e+04
     2.102   2.17e+04
     2.116   1.61e+04
     2.129  1.024e+04
     2.142       5090
     2.154       9988
     2.166  1.913e+04
     2.178          0
     2.189          0
     2.201  2.618e+04
     2.211       8592
     2.222          0
     2.232       4018
     2.242          0
     2.252          0
     2.262  1.597e+04
     2.271   1.91e+05
     2.281  2.016e+04
      2.29       7509
     2.299  1.089e+04
     2.307          0
     2.316          0
     2.324          0
     2.332       3323
      2.34          0
     2.348          0
     2.356          0
     2.364          0
     2.371          0
     2.378          0
     2.386       5793
     2.393       2989
       2.4          0
     2.407          0
     2.413          0
      2.42          0
     2.427          0
     2.433          0
      2.44          0
     2.446          0
     2.452          0
     2.458          0
     2.464          0
      2.47          0
     2.476          0
     2.482          0
     2.488          0
     2.493          0
     2.499          0
     2.504          0
      2.51          0
     2.515          0
      2.52          0
     2.526          0
     2.531          0
     2.536          0
     2.541          0
