     2.009      18.22
     6.026      20.55
     10.04      21.88
     14.06      22.73
     18.08      23.48
     22.09      24.46
     26.11         26
     30.13      27.27
     34.15      28.14
     38.16      29.17
     42.18      30.69
      46.2      31.29
     50.21      31.26
     54.23      31.33
     58.25      30.73
     62.27       31.4
     66.28      31.53
      70.3      32.12
     74.32      32.73
     78.33      33.25
     82.35       33.8
     86.37      34.29
     90.39      34.58
      94.4      34.69
     98.42      34.79
     102.4      34.98
     106.5      34.99
     110.5      34.88
     114.5       34.8
     118.5      35.27
     122.5      35.26
     126.5      35.24
     130.6      35.28
     134.6       35.4
     138.6      35.35
     142.6      35.27
     146.6      35.38
     150.6      35.51
     154.7      35.33
     158.7      35.31
     162.7      35.49
     166.7      35.48
     170.7      35.47
     174.7      35.52
     178.8       35.4
     182.8      35.33
     186.8      35.34
     190.8      35.39
     194.8      35.44
     198.8      35.44
     202.9      35.52
     206.9      35.52
     210.9       35.5
     214.9      35.47
     218.9      35.52
       223      35.52
       227      35.52
       231      35.52
       235      35.52
       239      35.48
       243      35.42
     247.1      35.48
     251.1      35.52
     255.1      35.52
     259.1      35.52
     263.1      35.52
     267.1      35.52
     271.2      35.52
     275.2      35.52
     279.2      35.52
     283.2      35.52
     287.2      35.52
     291.2      35.52
     295.3      35.52
     299.3      35.52
     303.3      35.52
     307.3      35.52
     311.3      35.52
     315.3      35.52
     319.4      35.52
     323.4      35.52
     327.4      35.52
     331.4      35.52
     335.4      35.52
     339.4      35.52
     343.5      35.52
     347.5      35.52
