     6.067  5.703e+08
     10.11  9.174e+07
     14.16   5.07e+07
      18.2  3.135e+07
     22.25  1.772e+07
     26.29  1.305e+07
     30.34  9.225e+06
     34.38  6.184e+06
     38.43  5.341e+06
     42.47   3.72e+06
     46.52  3.091e+06
     50.56  3.477e+06
     54.61  3.177e+06
     58.65  2.705e+06
     62.69  2.866e+06
     66.74   2.23e+06
     70.78  2.074e+06
     74.83  1.717e+06
     78.87  1.351e+06
     82.92  1.071e+06
     86.96  9.204e+05
     91.01  8.239e+05
     95.05  6.723e+05
      99.1  6.765e+05
     103.1  6.676e+05
     107.2  5.048e+05
     111.2  5.537e+05
     115.3  4.368e+05
     119.3  4.397e+05
     123.4   3.34e+05
     127.4   3.21e+05
     131.5  3.222e+05
     135.5  3.394e+05
     139.5  2.768e+05
     143.6  4.214e+05
     147.6  2.992e+05
     151.7  2.749e+05
     155.7  3.099e+05
     159.8  3.013e+05
     163.8  3.299e+05
     167.9  3.226e+05
     171.9  1.951e+05
     175.9  1.761e+05
       180  1.801e+05
       184  1.278e+05
     188.1  1.148e+05
     192.1  1.091e+05
     196.2  8.293e+04
     200.2  4.809e+04
     204.3  7.953e+04
     208.3   6.78e+04
     212.4    7.1e+04
     216.4  6.764e+04
     220.4  4.369e+04
     224.5  7.254e+04
     228.5  5.032e+04
     232.6  4.225e+04
     236.6  4.001e+04
     240.7  3.186e+04
     244.7  6.106e+04
     248.8  1.478e+05
     252.8   4.02e+04
     256.8  4.513e+04
     260.9   1.58e+04
     264.9  1.249e+04
       269  1.498e+04
       273   2.25e+04
     277.1  3.758e+04
     281.1  2.006e+04
     285.2  1.754e+04
     289.2       4855
     293.2       9982
     297.3       7038
     301.3       4290
     305.4          0
     309.4          0
     313.5          0
     317.5       2127
     321.6          0
     325.6          0
     329.7          0
     333.7          0
     337.7          0
     341.8          0
     345.8          0
     349.9          0
