     6.067  8.674e+08
     10.11  2.857e+08
     14.16  1.551e+08
      18.2   1.01e+08
     22.25  7.101e+07
     26.29   5.33e+07
     30.34   4.16e+07
     34.38   3.33e+07
     38.43  2.743e+07
     42.47  2.293e+07
     46.52  1.949e+07
     50.56  1.693e+07
     54.61  1.489e+07
     58.65  1.322e+07
     62.69  1.188e+07
     66.74  1.071e+07
     70.78  9.726e+06
     74.83  8.861e+06
     78.87  8.091e+06
     82.92  7.407e+06
     86.96  6.804e+06
     91.01  6.272e+06
     95.05  5.796e+06
      99.1  5.378e+06
     103.1  5.009e+06
     107.2  4.669e+06
     111.2   4.37e+06
     115.3  4.094e+06
     119.3  3.846e+06
     123.4  3.616e+06
     127.4  3.407e+06
     131.5  3.217e+06
     135.5  3.045e+06
     139.5  2.885e+06
     143.6  2.746e+06
     147.6  2.612e+06
     151.7  2.488e+06
     155.7  2.374e+06
     159.8  2.269e+06
     163.8  2.174e+06
     167.9  2.084e+06
     171.9  1.996e+06
     175.9  1.912e+06
       180  1.834e+06
       184  1.759e+06
     188.1  1.688e+06
     192.1  1.622e+06
     196.2  1.558e+06
     200.2  1.497e+06
     204.3  1.441e+06
     208.3  1.388e+06
     212.4  1.338e+06
     216.4   1.29e+06
     220.4  1.245e+06
     224.5  1.202e+06
     228.5  1.162e+06
     232.6  1.123e+06
     236.6  1.086e+06
     240.7   1.05e+06
     244.7  1.018e+06
     248.8  9.892e+05
     252.8  9.589e+05
     256.8  9.301e+05
     260.9  9.017e+05
     264.9  8.746e+05
       269  8.487e+05
       273  8.243e+05
     277.1  8.013e+05
     281.1  7.788e+05
     285.2  7.572e+05
     289.2  7.362e+05
     293.2  7.161e+05
     297.3  6.968e+05
     301.3  6.783e+05
     305.4  6.603e+05
     309.4   6.43e+05
     313.5  6.264e+05
     317.5  6.105e+05
     321.6  5.952e+05
     325.6  5.804e+05
     329.7  5.661e+05
     333.7  5.524e+05
     337.7  5.392e+05
     341.8  5.264e+05
     345.8  5.141e+05
     349.9  5.022e+05
