     0.783  5.703e+08
     1.005  9.174e+07
     1.151   5.07e+07
      1.26  3.135e+07
     1.347  1.772e+07
      1.42  1.305e+07
     1.482  9.225e+06
     1.536  6.184e+06
     1.585  5.341e+06
     1.628   3.72e+06
     1.668  3.091e+06
     1.704  3.477e+06
     1.737  3.177e+06
     1.768  2.705e+06
     1.797  2.866e+06
     1.824   2.23e+06
      1.85  2.074e+06
     1.874  1.717e+06
     1.897  1.351e+06
     1.919  1.071e+06
     1.939  9.204e+05
     1.959  8.239e+05
     1.978  6.723e+05
     1.996  6.765e+05
     2.013  6.676e+05
      2.03  5.048e+05
     2.046  5.537e+05
     2.062  4.368e+05
     2.077  4.397e+05
     2.091   3.34e+05
     2.105   3.21e+05
     2.119  3.222e+05
     2.132  3.394e+05
     2.145  2.768e+05
     2.157  4.214e+05
     2.169  2.992e+05
     2.181  2.749e+05
     2.192  3.099e+05
     2.203  3.013e+05
     2.214  3.299e+05
     2.225  3.226e+05
     2.235  1.951e+05
     2.245  1.761e+05
     2.255  1.801e+05
     2.265  1.278e+05
     2.274  1.148e+05
     2.284  1.091e+05
     2.293  8.293e+04
     2.302  4.809e+04
      2.31  7.953e+04
     2.319   6.78e+04
     2.327    7.1e+04
     2.335  6.764e+04
     2.343  4.369e+04
     2.351  7.254e+04
     2.359  5.032e+04
     2.367  4.225e+04
     2.374  4.001e+04
     2.381  3.186e+04
     2.389  6.106e+04
     2.396  1.478e+05
     2.403   4.02e+04
      2.41  4.513e+04
     2.416   1.58e+04
     2.423  1.249e+04
      2.43  1.498e+04
     2.436   2.25e+04
     2.443  3.758e+04
     2.449  2.006e+04
     2.455  1.754e+04
     2.461       4855
     2.467       9982
     2.473       7038
     2.479       4290
     2.485          0
     2.491          0
     2.496          0
     2.502       2127
     2.507          0
     2.513          0
     2.518          0
     2.523          0
     2.529          0
     2.534          0
     2.539          0
     2.544          0
