     0.783  8.674e+08
     1.005  2.857e+08
     1.151  1.551e+08
      1.26   1.01e+08
     1.347  7.101e+07
      1.42   5.33e+07
     1.482   4.16e+07
     1.536   3.33e+07
     1.585  2.743e+07
     1.628  2.293e+07
     1.668  1.949e+07
     1.704  1.693e+07
     1.737  1.489e+07
     1.768  1.322e+07
     1.797  1.188e+07
     1.824  1.071e+07
      1.85  9.726e+06
     1.874  8.861e+06
     1.897  8.091e+06
     1.919  7.407e+06
     1.939  6.804e+06
     1.959  6.272e+06
     1.978  5.796e+06
     1.996  5.378e+06
     2.013  5.009e+06
      2.03  4.669e+06
     2.046   4.37e+06
     2.062  4.094e+06
     2.077  3.846e+06
     2.091  3.616e+06
     2.105  3.407e+06
     2.119  3.217e+06
     2.132  3.045e+06
     2.145  2.885e+06
     2.157  2.746e+06
     2.169  2.612e+06
     2.181  2.488e+06
     2.192  2.374e+06
     2.203  2.269e+06
     2.214  2.174e+06
     2.225  2.084e+06
     2.235  1.996e+06
     2.245  1.912e+06
     2.255  1.834e+06
     2.265  1.759e+06
     2.274  1.688e+06
     2.284  1.622e+06
     2.293  1.558e+06
     2.302  1.497e+06
      2.31  1.441e+06
     2.319  1.388e+06
     2.327  1.338e+06
     2.335   1.29e+06
     2.343  1.245e+06
     2.351  1.202e+06
     2.359  1.162e+06
     2.367  1.123e+06
     2.374  1.086e+06
     2.381   1.05e+06
     2.389  1.018e+06
     2.396  9.892e+05
     2.403  9.589e+05
      2.41  9.301e+05
     2.416  9.017e+05
     2.423  8.746e+05
      2.43  8.487e+05
     2.436  8.243e+05
     2.443  8.013e+05
     2.449  7.788e+05
     2.455  7.572e+05
     2.461  7.362e+05
     2.467  7.161e+05
     2.473  6.968e+05
     2.479  6.783e+05
     2.485  6.603e+05
     2.491   6.43e+05
     2.496  6.264e+05
     2.502  6.105e+05
     2.507  5.952e+05
     2.513  5.804e+05
     2.518  5.661e+05
     2.523  5.524e+05
     2.529  5.392e+05
     2.534  5.264e+05
     2.539  5.141e+05
     2.544  5.022e+05
