     2.022      18.48
     6.067       20.2
     10.11      20.97
     14.16      21.55
      18.2      22.05
     22.25      22.61
     26.29      22.95
     30.34      23.32
     34.38      23.88
     38.43      24.03
     42.47      25.15
     46.52      25.55
     50.56      25.95
     54.61      27.01
     58.65         27
     62.69      27.13
     66.74      27.59
     70.78      27.93
     74.83      28.04
     78.87      28.43
     82.92      29.07
     86.96      29.15
     91.01      29.65
     95.05      29.99
      99.1      29.61
     103.1      30.07
     107.2      30.61
     111.2      31.04
     115.3      31.58
     119.3      31.52
     123.4      32.46
     127.4      32.45
     131.5      32.28
     135.5      32.51
     139.5      32.44
     143.6      32.87
     147.6      32.98
     151.7      32.84
     155.7      32.94
     159.8      33.03
     163.8         33
     167.9      33.27
     171.9       33.5
     175.9      33.51
       180      33.69
       184      33.82
     188.1      33.95
     192.1      34.33
     196.2      34.65
     200.2      34.54
     204.3      34.35
     208.3      34.44
     212.4      34.61
     216.4      34.62
     220.4      34.74
     224.5      34.59
     228.5      34.53
     232.6      34.89
     236.6      34.89
     240.7      34.81
     244.7       34.7
     248.8      34.86
     252.8      34.76
     256.8      34.85
     260.9      35.13
     264.9      35.09
       269      35.03
       273      35.07
     277.1      35.09
     281.1      35.09
     285.2       35.2
     289.2       35.2
     293.2      35.15
     297.3      35.23
     301.3      35.34
     305.4      35.51
     309.4      35.52
     313.5      35.33
     317.5      35.43
     321.6      35.52
     325.6      35.52
     329.7      35.52
     333.7      35.52
     337.7      35.52
     341.8      35.52
     345.8      35.52
     349.9      35.52
