     6.069  5.819e+08
     10.11   8.84e+07
     14.16  5.239e+07
     18.21  3.328e+07
     22.25  2.483e+07
      26.3  1.991e+07
     30.34  1.714e+07
     34.39   1.37e+07
     38.44  1.175e+07
     42.48  9.341e+06
     46.53  6.633e+06
     50.57  4.642e+06
     54.62  3.598e+06
     58.66   3.27e+06
     62.71  2.704e+06
     66.76  2.718e+06
      70.8  2.021e+06
     74.85  1.621e+06
     78.89  1.729e+06
     82.94  2.027e+06
     86.98  1.723e+06
     91.03  1.327e+06
     95.08  1.283e+06
     99.12  9.036e+05
     103.2  1.091e+06
     107.2  1.108e+06
     111.3  1.037e+06
     115.3  7.082e+05
     119.4  7.318e+05
     123.4  6.563e+05
     127.4  7.059e+05
     131.5  6.691e+05
     135.5  6.302e+05
     139.6   5.22e+05
     143.6  4.045e+05
     147.7  3.437e+05
     151.7  2.983e+05
     155.8  2.988e+05
     159.8  3.142e+05
     163.9  3.087e+05
     167.9  3.604e+05
     171.9  2.901e+05
       176  2.322e+05
       180  1.767e+05
     184.1  1.802e+05
     188.1  1.027e+05
     192.2   7.43e+04
     196.2  6.339e+04
     200.3  7.086e+04
     204.3  5.362e+04
     208.4  8.652e+04
     212.4  5.276e+04
     216.5  4.894e+04
     220.5  4.983e+04
     224.5   6.06e+04
     228.6  3.256e+04
     232.6  4.358e+04
     236.7  3.902e+04
     240.7  4.627e+04
     244.8  5.645e+04
     248.8  4.116e+04
     252.9  5.556e+04
     256.9  3.636e+04
       261  3.053e+04
       265  2.503e+04
       269  2.874e+04
     273.1  1.331e+04
     277.1  1.198e+04
     281.2       4494
     285.2   1.77e+04
     289.3       7157
     293.3       8514
     297.4       2470
     301.4          0
     305.5          0
     309.5          0
     313.5          0
     317.6          0
     321.6          0
     325.7       3139
     329.7       2480
     333.8          0
     337.8          0
     341.9          0
     345.9          0
       350          0
