     6.069  9.634e+08
     10.11  3.071e+08
     14.16  1.656e+08
     18.21  1.077e+08
     22.25  7.788e+07
      26.3  6.017e+07
     30.34  4.875e+07
     34.39  4.054e+07
     38.44  3.449e+07
     42.48  2.971e+07
     46.53  2.571e+07
     50.57  2.234e+07
     54.62  1.957e+07
     58.66  1.733e+07
     62.71  1.544e+07
     66.76   1.39e+07
      70.8  1.254e+07
     74.85  1.136e+07
     78.89  1.038e+07
     82.94  9.562e+06
     86.98  8.834e+06
     91.03  8.167e+06
     95.08  7.581e+06
     99.12  7.036e+06
     103.2   6.57e+06
     107.2  6.158e+06
     111.3  5.786e+06
     115.3  5.429e+06
     119.4  5.111e+06
     123.4  4.819e+06
     127.4  4.558e+06
     131.5  4.319e+06
     135.5  4.099e+06
     139.6  3.891e+06
     143.6  3.695e+06
     147.7  3.511e+06
     151.7   3.34e+06
     155.8  3.182e+06
     159.8  3.037e+06
     163.9  2.902e+06
     167.9   2.78e+06
     171.9  2.663e+06
       176  2.551e+06
       180  2.444e+06
     184.1  2.345e+06
     188.1  2.248e+06
     192.2  2.157e+06
     196.2   2.07e+06
     200.3   1.99e+06
     204.3  1.913e+06
     208.4  1.842e+06
     212.4  1.774e+06
     216.5  1.709e+06
     220.5  1.648e+06
     224.5  1.591e+06
     228.6  1.536e+06
     232.6  1.484e+06
     236.7  1.435e+06
     240.7  1.388e+06
     244.8  1.344e+06
     248.8  1.302e+06
     252.9  1.262e+06
     256.9  1.223e+06
       261  1.186e+06
       265  1.151e+06
       269  1.117e+06
     273.1  1.084e+06
     277.1  1.053e+06
     281.2  1.023e+06
     285.2  9.944e+05
     289.3  9.667e+05
     293.3  9.403e+05
     297.4  9.148e+05
     301.4  8.902e+05
     305.5  8.667e+05
     309.5   8.44e+05
     313.5  8.222e+05
     317.6  8.013e+05
     321.6  7.811e+05
     325.7  7.618e+05
     329.7  7.432e+05
     333.8  7.251e+05
     337.8  7.078e+05
     341.9   6.91e+05
     345.9  6.749e+05
       350  6.593e+05
