    0.7831  5.819e+08
     1.005   8.84e+07
     1.151  5.239e+07
      1.26  3.328e+07
     1.347  2.483e+07
      1.42  1.991e+07
     1.482  1.714e+07
     1.536   1.37e+07
     1.585  1.175e+07
     1.628  9.341e+06
     1.668  6.633e+06
     1.704  4.642e+06
     1.737  3.598e+06
     1.768   3.27e+06
     1.797  2.704e+06
     1.824  2.718e+06
      1.85  2.021e+06
     1.874  1.621e+06
     1.897  1.729e+06
     1.919  2.027e+06
     1.939  1.723e+06
     1.959  1.327e+06
     1.978  1.283e+06
     1.996  9.036e+05
     2.014  1.091e+06
      2.03  1.108e+06
     2.046  1.037e+06
     2.062  7.082e+05
     2.077  7.318e+05
     2.091  6.563e+05
     2.105  7.059e+05
     2.119  6.691e+05
     2.132  6.302e+05
     2.145   5.22e+05
     2.157  4.045e+05
     2.169  3.437e+05
     2.181  2.983e+05
     2.192  2.988e+05
     2.204  3.142e+05
     2.214  3.087e+05
     2.225  3.604e+05
     2.235  2.901e+05
     2.245  2.322e+05
     2.255  1.767e+05
     2.265  1.802e+05
     2.274  1.027e+05
     2.284   7.43e+04
     2.293  6.339e+04
     2.302  7.086e+04
      2.31  5.362e+04
     2.319  8.652e+04
     2.327  5.276e+04
     2.335  4.894e+04
     2.343  4.983e+04
     2.351   6.06e+04
     2.359  3.256e+04
     2.367  4.358e+04
     2.374  3.902e+04
     2.382  4.627e+04
     2.389  5.645e+04
     2.396  4.116e+04
     2.403  5.556e+04
      2.41  3.636e+04
     2.417  3.053e+04
     2.423  2.503e+04
      2.43  2.874e+04
     2.436  1.331e+04
     2.443  1.198e+04
     2.449       4494
     2.455   1.77e+04
     2.461       7157
     2.467       8514
     2.473       2470
     2.479          0
     2.485          0
     2.491          0
     2.496          0
     2.502          0
     2.507          0
     2.513       3139
     2.518       2480
     2.523          0
     2.529          0
     2.534          0
     2.539          0
     2.544          0
