    0.7831  9.634e+08
     1.005  3.071e+08
     1.151  1.656e+08
      1.26  1.077e+08
     1.347  7.788e+07
      1.42  6.017e+07
     1.482  4.875e+07
     1.536  4.054e+07
     1.585  3.449e+07
     1.628  2.971e+07
     1.668  2.571e+07
     1.704  2.234e+07
     1.737  1.957e+07
     1.768  1.733e+07
     1.797  1.544e+07
     1.824   1.39e+07
      1.85  1.254e+07
     1.874  1.136e+07
     1.897  1.038e+07
     1.919  9.562e+06
     1.939  8.834e+06
     1.959  8.167e+06
     1.978  7.581e+06
     1.996  7.036e+06
     2.014   6.57e+06
      2.03  6.158e+06
     2.046  5.786e+06
     2.062  5.429e+06
     2.077  5.111e+06
     2.091  4.819e+06
     2.105  4.558e+06
     2.119  4.319e+06
     2.132  4.099e+06
     2.145  3.891e+06
     2.157  3.695e+06
     2.169  3.511e+06
     2.181   3.34e+06
     2.192  3.182e+06
     2.204  3.037e+06
     2.214  2.902e+06
     2.225   2.78e+06
     2.235  2.663e+06
     2.245  2.551e+06
     2.255  2.444e+06
     2.265  2.345e+06
     2.274  2.248e+06
     2.284  2.157e+06
     2.293   2.07e+06
     2.302   1.99e+06
      2.31  1.913e+06
     2.319  1.842e+06
     2.327  1.774e+06
     2.335  1.709e+06
     2.343  1.648e+06
     2.351  1.591e+06
     2.359  1.536e+06
     2.367  1.484e+06
     2.374  1.435e+06
     2.382  1.388e+06
     2.389  1.344e+06
     2.396  1.302e+06
     2.403  1.262e+06
      2.41  1.223e+06
     2.417  1.186e+06
     2.423  1.151e+06
      2.43  1.117e+06
     2.436  1.084e+06
     2.443  1.053e+06
     2.449  1.023e+06
     2.455  9.944e+05
     2.461  9.667e+05
     2.467  9.403e+05
     2.473  9.148e+05
     2.479  8.902e+05
     2.485  8.667e+05
     2.491   8.44e+05
     2.496  8.222e+05
     2.502  8.013e+05
     2.507  7.811e+05
     2.513  7.618e+05
     2.518  7.432e+05
     2.523  7.251e+05
     2.529  7.078e+05
     2.534   6.91e+05
     2.539  6.749e+05
     2.544  6.593e+05
