     2.023      18.13
     6.069      19.99
     10.11      20.73
     14.16         21
     18.21      21.48
     22.25      21.64
      26.3      21.86
     30.34      22.23
     34.39      22.34
     38.44      22.84
     42.48      22.98
     46.53      23.45
     50.57      23.93
     54.62      24.26
     58.66      24.71
     62.71      25.28
     66.76      26.56
      70.8      27.04
     74.85      26.98
     78.89      27.38
     82.94      27.61
     86.98      27.48
     91.03      27.43
     95.08       27.9
     99.12      28.62
     103.2      29.41
     107.2      30.26
     111.3      30.38
     115.3      30.46
     119.4      30.49
     123.4      30.64
     127.4      30.83
     131.5      31.54
     135.5      31.26
     139.6      31.83
     143.6      32.29
     147.7      32.45
     151.7       32.3
     155.8      32.74
     159.8      32.83
     163.9       32.7
     167.9       32.9
     171.9      33.04
       176      33.43
       180      33.43
     184.1      33.58
     188.1      34.09
     192.2      34.52
     196.2      34.35
     200.3      34.48
     204.3      34.34
     208.4      34.48
     212.4      34.65
     216.5      34.69
     220.5      34.63
     224.5      34.73
     228.6      34.85
     232.6      34.81
     236.7      34.87
     240.7      34.79
     244.8       34.8
     248.8      34.79
     252.9      34.85
     256.9      34.84
       261      34.87
       265      34.82
       269      34.69
     273.1      35.16
     277.1      35.27
     281.2      35.24
     285.2      35.29
     289.3      35.13
     293.3      35.38
     297.4      35.42
     301.4       35.5
     305.5      35.52
     309.5      35.52
     313.5      35.52
     317.6      35.49
     321.6      35.23
     325.7      35.31
     329.7      35.37
     333.8      35.52
     337.8      35.52
     341.9      35.52
     345.9      35.52
       350      35.52
