     6.043   7.34e+08
     10.07  1.878e+08
      14.1  9.076e+07
     18.13  4.344e+07
     22.16  2.718e+07
     26.19   1.26e+07
     30.22  8.324e+06
     34.24  4.757e+06
     38.27   3.11e+06
      42.3  2.545e+06
     46.33  1.714e+06
     50.36  1.582e+06
     54.39  1.806e+06
     58.42  2.033e+06
     62.45  1.692e+06
     66.48  1.091e+06
      70.5  9.627e+05
     74.53   8.97e+05
     78.56  7.751e+05
     82.59  8.591e+05
     86.62  8.736e+05
     90.65  4.564e+05
     94.68  2.547e+05
     98.71  3.005e+05
     102.7  1.998e+05
     106.8  1.715e+05
     110.8  5.269e+04
     114.8   7.85e+04
     118.8  3.676e+04
     122.9  1.789e+04
     126.9   1.58e+04
     130.9  4.512e+04
       135  1.568e+04
       139       4743
       143  1.029e+04
     147.1  2.941e+04
     151.1       9643
     155.1  2.265e+04
     159.1  2.122e+04
     163.2  1.311e+04
     167.2       8429
     171.2  1.592e+04
     175.3  1.604e+04
     179.3  2.752e+04
     183.3       7366
     187.3       3610
     191.4    1.1e+04
     195.4  1.105e+04
     199.4       6758
     203.5  1.372e+04
     207.5       6572
     211.5  1.287e+04
     215.5       3211
     219.6       9327
     223.6  1.843e+04
     227.6  1.222e+04
     231.7       5947
     235.7          0
     239.7       2912
     243.7       2721
     247.8          0
     251.8       2646
     255.8          0
     259.9          0
     263.9          0
     267.9       2469
     271.9       3140
       276          0
       280          0
       284          0
     288.1          0
     292.1          0
     296.1          0
     300.1          0
     304.2          0
     308.2          0
     312.2          0
     316.3          0
     320.3          0
     324.3          0
     328.3          0
     332.4          0
     336.4          0
     340.4          0
     344.5          0
