     6.043  1.284e+09
     10.07  4.619e+08
      14.1  2.557e+08
     18.13  1.628e+08
     22.16   1.14e+08
     26.19  8.302e+07
     30.22   6.32e+07
     34.24  4.951e+07
     38.27  3.977e+07
      42.3   3.27e+07
     46.33  2.732e+07
     50.36  2.321e+07
     54.39  2.004e+07
     58.42  1.756e+07
     62.45  1.552e+07
     66.48  1.377e+07
      70.5  1.231e+07
     74.53  1.107e+07
     78.56  1.002e+07
     82.59  9.125e+06
     86.62  8.358e+06
     90.65  7.656e+06
     94.68  7.027e+06
     98.71  6.478e+06
     102.7  5.986e+06
     106.8  5.547e+06
     110.8  5.148e+06
     114.8  4.792e+06
     118.8   4.47e+06
     122.9  4.178e+06
     126.9  3.914e+06
     130.9  3.676e+06
       135  3.457e+06
       139  3.257e+06
       143  3.074e+06
     147.1  2.907e+06
     151.1  2.753e+06
     155.1  2.611e+06
     159.1   2.48e+06
     163.2  2.358e+06
     167.2  2.245e+06
     171.2   2.14e+06
     175.3  2.042e+06
     179.3  1.952e+06
     183.3  1.866e+06
     187.3  1.786e+06
     191.4  1.712e+06
     195.4  1.641e+06
     199.4  1.575e+06
     203.5  1.514e+06
     207.5  1.455e+06
     211.5    1.4e+06
     215.5  1.348e+06
     219.6  1.299e+06
     223.6  1.253e+06
     227.6  1.209e+06
     231.7  1.167e+06
     235.7  1.127e+06
     239.7  1.089e+06
     243.7  1.053e+06
     247.8  1.019e+06
     251.8  9.865e+05
     255.8  9.555e+05
     259.9  9.258e+05
     263.9  8.976e+05
     267.9  8.706e+05
     271.9  8.449e+05
       276  8.203e+05
       280  7.967e+05
       284  7.741e+05
     288.1  7.524e+05
     292.1  7.317e+05
     296.1  7.118e+05
     300.1  6.927e+05
     304.2  6.743e+05
     308.2  6.567e+05
     312.2  6.397e+05
     316.3  6.234e+05
     320.3  6.077e+05
     324.3  5.927e+05
     328.3  5.781e+05
     332.4  5.641e+05
     336.4  5.506e+05
     340.4  5.376e+05
     344.5   5.25e+05
