    0.7813  1.284e+09
     1.003  4.619e+08
     1.149  2.557e+08
     1.258  1.628e+08
     1.346   1.14e+08
     1.418  8.302e+07
      1.48   6.32e+07
     1.535  4.951e+07
     1.583  3.977e+07
     1.626   3.27e+07
     1.666  2.732e+07
     1.702  2.321e+07
     1.736  2.004e+07
     1.767  1.756e+07
     1.796  1.552e+07
     1.823  1.377e+07
     1.848  1.231e+07
     1.872  1.107e+07
     1.895  1.002e+07
     1.917  9.125e+06
     1.938  8.358e+06
     1.957  7.656e+06
     1.976  7.027e+06
     1.994  6.478e+06
     2.012  5.986e+06
     2.028  5.547e+06
     2.045  5.148e+06
      2.06  4.792e+06
     2.075   4.47e+06
     2.089  4.178e+06
     2.103  3.914e+06
     2.117  3.676e+06
      2.13  3.457e+06
     2.143  3.257e+06
     2.155  3.074e+06
     2.167  2.907e+06
     2.179  2.753e+06
     2.191  2.611e+06
     2.202   2.48e+06
     2.213  2.358e+06
     2.223  2.245e+06
     2.234   2.14e+06
     2.244  2.042e+06
     2.254  1.952e+06
     2.263  1.866e+06
     2.273  1.786e+06
     2.282  1.712e+06
     2.291  1.641e+06
       2.3  1.575e+06
     2.308  1.514e+06
     2.317  1.455e+06
     2.325    1.4e+06
     2.334  1.348e+06
     2.342  1.299e+06
     2.349  1.253e+06
     2.357  1.209e+06
     2.365  1.167e+06
     2.372  1.127e+06
      2.38  1.089e+06
     2.387  1.053e+06
     2.394  1.019e+06
     2.401  9.865e+05
     2.408  9.555e+05
     2.415  9.258e+05
     2.421  8.976e+05
     2.428  8.706e+05
     2.434  8.449e+05
     2.441  8.203e+05
     2.447  7.967e+05
     2.453  7.741e+05
     2.459  7.524e+05
     2.466  7.317e+05
     2.471  7.118e+05
     2.477  6.927e+05
     2.483  6.743e+05
     2.489  6.567e+05
     2.494  6.397e+05
       2.5  6.234e+05
     2.506  6.077e+05
     2.511  5.927e+05
     2.516  5.781e+05
     2.522  5.641e+05
     2.527  5.506e+05
     2.532  5.376e+05
     2.537   5.25e+05
