    0.7813   7.34e+08
     1.003  1.878e+08
     1.149  9.076e+07
     1.258  4.344e+07
     1.346  2.718e+07
     1.418   1.26e+07
      1.48  8.324e+06
     1.535  4.757e+06
     1.583   3.11e+06
     1.626  2.545e+06
     1.666  1.714e+06
     1.702  1.582e+06
     1.736  1.806e+06
     1.767  2.033e+06
     1.796  1.692e+06
     1.823  1.091e+06
     1.848  9.627e+05
     1.872   8.97e+05
     1.895  7.751e+05
     1.917  8.591e+05
     1.938  8.736e+05
     1.957  4.564e+05
     1.976  2.547e+05
     1.994  3.005e+05
     2.012  1.998e+05
     2.028  1.715e+05
     2.045  5.269e+04
      2.06   7.85e+04
     2.075  3.676e+04
     2.089  1.789e+04
     2.103   1.58e+04
     2.117  4.512e+04
      2.13  1.568e+04
     2.143       4743
     2.155  1.029e+04
     2.167  2.941e+04
     2.179       9643
     2.191  2.265e+04
     2.202  2.122e+04
     2.213  1.311e+04
     2.223       8429
     2.234  1.592e+04
     2.244  1.604e+04
     2.254  2.752e+04
     2.263       7366
     2.273       3610
     2.282    1.1e+04
     2.291  1.105e+04
       2.3       6758
     2.308  1.372e+04
     2.317       6572
     2.325  1.287e+04
     2.334       3211
     2.342       9327
     2.349  1.843e+04
     2.357  1.222e+04
     2.365       5947
     2.372          0
      2.38       2912
     2.387       2721
     2.394          0
     2.401       2646
     2.408          0
     2.415          0
     2.421          0
     2.428       2469
     2.434       3140
     2.441          0
     2.447          0
     2.453          0
     2.459          0
     2.466          0
     2.471          0
     2.477          0
     2.483          0
     2.489          0
     2.494          0
       2.5          0
     2.506          0
     2.511          0
     2.516          0
     2.522          0
     2.527          0
     2.532          0
     2.537          0
