     2.014      17.33
     6.043      18.62
     10.07      19.26
      14.1      19.92
     18.13      20.45
     22.16      21.32
     26.19      22.15
     30.22      22.81
     34.24       23.8
     38.27      24.81
      42.3      26.62
     46.33      27.78
     50.36      28.08
     54.39      29.61
     58.42      30.16
     62.45      31.32
     66.48      31.51
      70.5      31.39
     74.53      31.52
     78.56       31.3
     82.59      31.58
     86.62       32.2
     90.65      32.79
     94.68      32.72
     98.71      33.18
     102.7      33.73
     106.8      33.86
     110.8      34.45
     114.8      34.57
     118.8      34.99
     122.9      35.22
     126.9      34.95
     130.9      34.96
       135      35.31
       139       35.4
       143       35.3
     147.1      35.14
     151.1      35.26
     155.1       35.1
     159.1       35.2
     163.2      35.34
     167.2       35.3
     171.2       35.3
     175.3      35.18
     179.3      35.17
     183.3      35.41
     187.3      35.37
     191.4      35.35
     195.4      35.38
     199.4      35.29
     203.5      35.29
     207.5      35.35
     211.5      35.37
     215.5      35.33
     219.6      35.29
     223.6      35.24
     227.6      35.38
     231.7      35.46
     235.7      35.47
     239.7      35.47
     243.7      35.51
     247.8      35.48
     251.8      35.49
     255.8      35.52
     259.9      35.52
     263.9      35.48
     267.9      35.39
     271.9       35.5
       276      35.52
       280      35.52
       284      35.52
     288.1      35.52
     292.1      35.52
     296.1      35.52
     300.1      35.52
     304.2      35.52
     308.2      35.52
     312.2      35.52
     316.3      35.52
     320.3      35.52
     324.3      35.52
     328.3      35.52
     332.4      35.52
     336.4      35.52
     340.4      35.52
     344.5      35.52
