     6.002  6.001e+08
        10   2.79e+08
        14  1.852e+08
        18  1.455e+08
     22.01  1.146e+08
     26.01  9.604e+07
     30.01  8.672e+07
     34.01  7.398e+07
     38.01  6.786e+07
     42.01  5.953e+07
     46.01  5.373e+07
     50.01    4.8e+07
     54.01  4.364e+07
     58.02  3.608e+07
     62.02  3.343e+07
     66.02  3.146e+07
     70.02  2.893e+07
     74.02  2.707e+07
     78.02  2.533e+07
     82.02  2.363e+07
     86.02  2.178e+07
     90.02  2.062e+07
     94.03  1.941e+07
     98.03  1.853e+07
       102  1.789e+07
       106  1.783e+07
       110  1.743e+07
       114  1.632e+07
       118   1.62e+07
       122   1.41e+07
       126  1.236e+07
       130  1.153e+07
       134  1.121e+07
       138  1.138e+07
       142  1.086e+07
       146  1.062e+07
       150  1.003e+07
       154   9.97e+06
       158  9.449e+06
       162  8.907e+06
       166  8.068e+06
       170  7.446e+06
       174  6.995e+06
       178  6.941e+06
     182.1  6.819e+06
     186.1  6.746e+06
     190.1  6.464e+06
     194.1  6.415e+06
     198.1  6.218e+06
     202.1  5.761e+06
     206.1  5.344e+06
     210.1  4.988e+06
     214.1  5.016e+06
     218.1  4.306e+06
     222.1  4.425e+06
     226.1  4.391e+06
     230.1  4.334e+06
     234.1  4.397e+06
     238.1  4.115e+06
     242.1  3.842e+06
     246.1   4.03e+06
     250.1  3.666e+06
     254.1  3.026e+06
     258.1  2.429e+06
     262.1   2.13e+06
     266.1  1.964e+06
     270.1  1.541e+06
     274.1  1.472e+06
     278.1  1.139e+06
     282.1  1.032e+06
     286.1  8.673e+05
     290.1  7.833e+05
     294.1  7.064e+05
     298.1   6.18e+05
     302.1  5.697e+05
     306.1  4.851e+05
     310.1  3.956e+05
     314.1  3.981e+05
     318.1  3.566e+05
     322.1  2.839e+05
     326.1  1.879e+05
     330.1  2.087e+05
     334.1  1.304e+05
     338.1  1.156e+05
     342.1  8.371e+04
     346.1  4.958e+04
     350.1  3.852e+04
