     6.002  8.327e+08
        10  4.174e+08
        14  2.884e+08
        18  2.259e+08
     22.01  1.858e+08
     26.01  1.584e+08
     30.01  1.394e+08
     34.01   1.24e+08
     38.01  1.123e+08
     42.01  1.022e+08
     46.01  9.382e+07
     50.01   8.65e+07
     54.01  8.016e+07
     58.02  7.409e+07
     62.02  6.885e+07
     66.02  6.432e+07
     70.02  6.028e+07
     74.02  5.669e+07
     78.02  5.348e+07
     82.02  5.057e+07
     86.02  4.789e+07
     90.02  4.547e+07
     94.03  4.325e+07
     98.03  4.123e+07
       102   3.94e+07
       106  3.778e+07
       110   3.63e+07
       114  3.489e+07
       118  3.363e+07
       122  3.235e+07
       126  3.108e+07
       130  2.988e+07
       134  2.876e+07
       138  2.775e+07
       142   2.68e+07
       146  2.592e+07
       150  2.507e+07
       154  2.428e+07
       158  2.353e+07
       162  2.281e+07
       166   2.21e+07
       170  2.141e+07
       174  2.075e+07
       178  2.013e+07
     182.1  1.954e+07
     186.1  1.899e+07
     190.1  1.847e+07
     194.1  1.797e+07
     198.1  1.749e+07
     202.1  1.703e+07
     206.1  1.658e+07
     210.1  1.613e+07
     214.1  1.572e+07
     218.1   1.53e+07
     222.1  1.491e+07
     226.1  1.454e+07
     230.1  1.418e+07
     234.1  1.385e+07
     238.1  1.352e+07
     242.1   1.32e+07
     246.1   1.29e+07
     250.1  1.261e+07
     254.1   1.23e+07
     258.1    1.2e+07
     262.1   1.17e+07
     266.1   1.14e+07
     270.1  1.111e+07
     274.1  1.083e+07
     278.1  1.055e+07
     282.1  1.028e+07
     286.1  1.002e+07
     290.1  9.763e+06
     294.1  9.517e+06
     298.1  9.278e+06
     302.1  9.047e+06
     306.1  8.823e+06
     310.1  8.606e+06
     314.1  8.397e+06
     318.1  8.195e+06
     322.1  7.998e+06
     326.1  7.806e+06
     330.1  7.622e+06
     334.1  7.443e+06
     338.1  7.269e+06
     342.1  7.101e+06
     346.1  6.938e+06
     350.1  6.781e+06
