    0.7783  6.001e+08
         1   2.79e+08
     1.146  1.852e+08
     1.255  1.455e+08
     1.343  1.146e+08
     1.415  9.604e+07
     1.477  8.672e+07
     1.532  7.398e+07
      1.58  6.786e+07
     1.623  5.953e+07
     1.663  5.373e+07
     1.699    4.8e+07
     1.733  4.364e+07
     1.764  3.608e+07
     1.793  3.343e+07
      1.82  3.146e+07
     1.845  2.893e+07
     1.869  2.707e+07
     1.892  2.533e+07
     1.914  2.363e+07
     1.935  2.178e+07
     1.954  2.062e+07
     1.973  1.941e+07
     1.991  1.853e+07
     2.009  1.789e+07
     2.025  1.783e+07
     2.042  1.743e+07
     2.057  1.632e+07
     2.072   1.62e+07
     2.086   1.41e+07
       2.1  1.236e+07
     2.114  1.153e+07
     2.127  1.121e+07
      2.14  1.138e+07
     2.152  1.086e+07
     2.164  1.062e+07
     2.176  1.003e+07
     2.188   9.97e+06
     2.199  9.449e+06
      2.21  8.907e+06
      2.22  8.068e+06
     2.231  7.446e+06
     2.241  6.995e+06
     2.251  6.941e+06
      2.26  6.819e+06
      2.27  6.746e+06
     2.279  6.464e+06
     2.288  6.415e+06
     2.297  6.218e+06
     2.305  5.761e+06
     2.314  5.344e+06
     2.322  4.988e+06
     2.331  5.016e+06
     2.339  4.306e+06
     2.346  4.425e+06
     2.354  4.391e+06
     2.362  4.334e+06
     2.369  4.397e+06
     2.377  4.115e+06
     2.384  3.842e+06
     2.391   4.03e+06
     2.398  3.666e+06
     2.405  3.026e+06
     2.412  2.429e+06
     2.418   2.13e+06
     2.425  1.964e+06
     2.431  1.541e+06
     2.438  1.472e+06
     2.444  1.139e+06
      2.45  1.032e+06
     2.456  8.673e+05
     2.463  7.833e+05
     2.468  7.064e+05
     2.474   6.18e+05
      2.48  5.697e+05
     2.486  4.851e+05
     2.491  3.956e+05
     2.497  3.981e+05
     2.503  3.566e+05
     2.508  2.839e+05
     2.513  1.879e+05
     2.519  2.087e+05
     2.524  1.304e+05
     2.529  1.156e+05
     2.534  8.371e+04
     2.539  4.958e+04
     2.544  3.852e+04
