    0.7783  8.327e+08
         1  4.174e+08
     1.146  2.884e+08
     1.255  2.259e+08
     1.343  1.858e+08
     1.415  1.584e+08
     1.477  1.394e+08
     1.532   1.24e+08
      1.58  1.123e+08
     1.623  1.022e+08
     1.663  9.382e+07
     1.699   8.65e+07
     1.733  8.016e+07
     1.764  7.409e+07
     1.793  6.885e+07
      1.82  6.432e+07
     1.845  6.028e+07
     1.869  5.669e+07
     1.892  5.348e+07
     1.914  5.057e+07
     1.935  4.789e+07
     1.954  4.547e+07
     1.973  4.325e+07
     1.991  4.123e+07
     2.009   3.94e+07
     2.025  3.778e+07
     2.042   3.63e+07
     2.057  3.489e+07
     2.072  3.363e+07
     2.086  3.235e+07
       2.1  3.108e+07
     2.114  2.988e+07
     2.127  2.876e+07
      2.14  2.775e+07
     2.152   2.68e+07
     2.164  2.592e+07
     2.176  2.507e+07
     2.188  2.428e+07
     2.199  2.353e+07
      2.21  2.281e+07
      2.22   2.21e+07
     2.231  2.141e+07
     2.241  2.075e+07
     2.251  2.013e+07
      2.26  1.954e+07
      2.27  1.899e+07
     2.279  1.847e+07
     2.288  1.797e+07
     2.297  1.749e+07
     2.305  1.703e+07
     2.314  1.658e+07
     2.322  1.613e+07
     2.331  1.572e+07
     2.339   1.53e+07
     2.346  1.491e+07
     2.354  1.454e+07
     2.362  1.418e+07
     2.369  1.385e+07
     2.377  1.352e+07
     2.384   1.32e+07
     2.391   1.29e+07
     2.398  1.261e+07
     2.405   1.23e+07
     2.412    1.2e+07
     2.418   1.17e+07
     2.425   1.14e+07
     2.431  1.111e+07
     2.438  1.083e+07
     2.444  1.055e+07
      2.45  1.028e+07
     2.456  1.002e+07
     2.463  9.763e+06
     2.468  9.517e+06
     2.474  9.278e+06
      2.48  9.047e+06
     2.486  8.823e+06
     2.491  8.606e+06
     2.497  8.397e+06
     2.503  8.195e+06
     2.508  7.998e+06
     2.513  7.806e+06
     2.519  7.622e+06
     2.524  7.443e+06
     2.529  7.269e+06
     2.534  7.101e+06
     2.539  6.938e+06
     2.544  6.781e+06
