     6.002  5.202e+08
        10  2.317e+08
        14  1.455e+08
        18  1.054e+08
     22.01  8.398e+07
     26.01  6.914e+07
     30.01  5.915e+07
     34.01   5.17e+07
     38.01  4.539e+07
     42.01   4.01e+07
     46.01  3.583e+07
     50.01  3.214e+07
     54.01  2.907e+07
     58.02  2.645e+07
     62.02  2.414e+07
     66.02  2.219e+07
     70.02  2.038e+07
     74.02  1.877e+07
     78.02  1.731e+07
     82.02  1.603e+07
     86.02  1.496e+07
     90.02    1.4e+07
     94.03  1.315e+07
     98.03  1.235e+07
       102  1.162e+07
       106  1.095e+07
       110  1.035e+07
       114  9.791e+06
       118  9.278e+06
       122  8.794e+06
       126  8.351e+06
       130  7.942e+06
       134  7.565e+06
       138  7.211e+06
       142  6.878e+06
       146  6.576e+06
       150  6.291e+06
       154  6.025e+06
       158  5.777e+06
       162  5.549e+06
       166  5.343e+06
       170  5.139e+06
       174  4.943e+06
       178   4.76e+06
     182.1  4.586e+06
     186.1  4.422e+06
     190.1  4.268e+06
     194.1  4.124e+06
     198.1  3.986e+06
     202.1  3.857e+06
     206.1   3.73e+06
     210.1  3.605e+06
     214.1   3.49e+06
     218.1  3.378e+06
     222.1  3.271e+06
     226.1  3.169e+06
     230.1  3.071e+06
     234.1  2.974e+06
     238.1  2.885e+06
     242.1    2.8e+06
     246.1  2.718e+06
     250.1   2.64e+06
     254.1  2.565e+06
     258.1  2.493e+06
     262.1  2.422e+06
     266.1  2.352e+06
     270.1  2.285e+06
     274.1  2.219e+06
     278.1  2.157e+06
     282.1  2.097e+06
     286.1   2.04e+06
     290.1  1.985e+06
     294.1  1.934e+06
     298.1  1.885e+06
     302.1  1.836e+06
     306.1  1.789e+06
     310.1  1.743e+06
     314.1  1.699e+06
     318.1  1.657e+06
     322.1  1.616e+06
     326.1  1.577e+06
     330.1  1.539e+06
     334.1  1.503e+06
     338.1  1.468e+06
     342.1  1.434e+06
     346.1  1.402e+06
     350.1   1.37e+06
