     6.002  4.269e+08
        10  1.355e+08
        14  7.662e+07
        18  5.386e+07
     22.01  4.584e+07
     26.01  3.542e+07
     30.01  3.149e+07
     34.01  2.737e+07
     38.01   2.16e+07
     42.01  1.755e+07
     46.01  1.549e+07
     50.01  1.274e+07
     54.01  1.136e+07
     58.02  1.009e+07
     62.02  8.517e+06
     66.02  8.009e+06
     70.02  6.353e+06
     74.02  5.472e+06
     78.02  4.532e+06
     82.02  4.173e+06
     86.02  4.491e+06
     90.02  4.222e+06
     94.03  3.947e+06
     98.03  3.421e+06
       102  2.977e+06
       106  2.726e+06
       110  2.785e+06
       114  2.333e+06
       118   2.22e+06
       122  1.895e+06
       126  1.812e+06
       130  1.706e+06
       134  1.626e+06
       138  1.459e+06
       142  1.307e+06
       146  1.352e+06
       150  1.231e+06
       154  1.181e+06
       158   1.12e+06
       162  1.161e+06
       166  1.282e+06
       170  1.009e+06
       174  8.583e+05
       178  8.808e+05
     182.1      8e+05
     186.1  7.634e+05
     190.1   7.65e+05
     194.1  7.715e+05
     198.1   7.14e+05
     202.1   7.35e+05
     206.1  5.726e+05
     210.1  4.512e+05
     214.1  5.371e+05
     218.1  4.399e+05
     222.1  4.035e+05
     226.1  3.801e+05
     230.1  3.572e+05
     234.1  2.353e+05
     238.1  3.154e+05
     242.1  3.239e+05
     246.1  2.766e+05
     250.1  2.734e+05
     254.1  2.727e+05
     258.1   2.51e+05
     262.1  1.704e+05
     266.1  8.619e+04
     270.1  7.486e+04
     274.1  4.893e+04
     278.1  4.745e+04
     282.1  5.239e+04
     286.1  6.323e+04
     290.1  3.944e+04
     294.1  9.575e+04
     298.1  1.111e+05
     302.1  5.677e+04
     306.1  2.871e+04
     310.1  2.223e+04
     314.1       8445
     318.1  1.835e+04
     322.1  1.167e+04
     326.1  2.151e+04
     330.1  2.055e+04
     334.1  2.871e+04
     338.1   4.02e+04
     342.1   1.21e+04
     346.1   1.17e+04
     350.1       3981
