    0.7783  5.202e+08
         1  2.317e+08
     1.146  1.455e+08
     1.255  1.054e+08
     1.343  8.398e+07
     1.415  6.914e+07
     1.477  5.915e+07
     1.532   5.17e+07
      1.58  4.539e+07
     1.623   4.01e+07
     1.663  3.583e+07
     1.699  3.214e+07
     1.733  2.907e+07
     1.764  2.645e+07
     1.793  2.414e+07
      1.82  2.219e+07
     1.845  2.038e+07
     1.869  1.877e+07
     1.892  1.731e+07
     1.914  1.603e+07
     1.935  1.496e+07
     1.954    1.4e+07
     1.973  1.315e+07
     1.991  1.235e+07
     2.009  1.162e+07
     2.025  1.095e+07
     2.042  1.035e+07
     2.057  9.791e+06
     2.072  9.278e+06
     2.086  8.794e+06
       2.1  8.351e+06
     2.114  7.942e+06
     2.127  7.565e+06
      2.14  7.211e+06
     2.152  6.878e+06
     2.164  6.576e+06
     2.176  6.291e+06
     2.188  6.025e+06
     2.199  5.777e+06
      2.21  5.549e+06
      2.22  5.343e+06
     2.231  5.139e+06
     2.241  4.943e+06
     2.251   4.76e+06
      2.26  4.586e+06
      2.27  4.422e+06
     2.279  4.268e+06
     2.288  4.124e+06
     2.297  3.986e+06
     2.305  3.857e+06
     2.314   3.73e+06
     2.322  3.605e+06
     2.331   3.49e+06
     2.339  3.378e+06
     2.346  3.271e+06
     2.354  3.169e+06
     2.362  3.071e+06
     2.369  2.974e+06
     2.377  2.885e+06
     2.384    2.8e+06
     2.391  2.718e+06
     2.398   2.64e+06
     2.405  2.565e+06
     2.412  2.493e+06
     2.418  2.422e+06
     2.425  2.352e+06
     2.431  2.285e+06
     2.438  2.219e+06
     2.444  2.157e+06
      2.45  2.097e+06
     2.456   2.04e+06
     2.463  1.985e+06
     2.468  1.934e+06
     2.474  1.885e+06
      2.48  1.836e+06
     2.486  1.789e+06
     2.491  1.743e+06
     2.497  1.699e+06
     2.503  1.657e+06
     2.508  1.616e+06
     2.513  1.577e+06
     2.519  1.539e+06
     2.524  1.503e+06
     2.529  1.468e+06
     2.534  1.434e+06
     2.539  1.402e+06
     2.544   1.37e+06
