    0.7783  4.269e+08
         1  1.355e+08
     1.146  7.662e+07
     1.255  5.386e+07
     1.343  4.584e+07
     1.415  3.542e+07
     1.477  3.149e+07
     1.532  2.737e+07
      1.58   2.16e+07
     1.623  1.755e+07
     1.663  1.549e+07
     1.699  1.274e+07
     1.733  1.136e+07
     1.764  1.009e+07
     1.793  8.517e+06
      1.82  8.009e+06
     1.845  6.353e+06
     1.869  5.472e+06
     1.892  4.532e+06
     1.914  4.173e+06
     1.935  4.491e+06
     1.954  4.222e+06
     1.973  3.947e+06
     1.991  3.421e+06
     2.009  2.977e+06
     2.025  2.726e+06
     2.042  2.785e+06
     2.057  2.333e+06
     2.072   2.22e+06
     2.086  1.895e+06
       2.1  1.812e+06
     2.114  1.706e+06
     2.127  1.626e+06
      2.14  1.459e+06
     2.152  1.307e+06
     2.164  1.352e+06
     2.176  1.231e+06
     2.188  1.181e+06
     2.199   1.12e+06
      2.21  1.161e+06
      2.22  1.282e+06
     2.231  1.009e+06
     2.241  8.583e+05
     2.251  8.808e+05
      2.26      8e+05
      2.27  7.634e+05
     2.279   7.65e+05
     2.288  7.715e+05
     2.297   7.14e+05
     2.305   7.35e+05
     2.314  5.726e+05
     2.322  4.512e+05
     2.331  5.371e+05
     2.339  4.399e+05
     2.346  4.035e+05
     2.354  3.801e+05
     2.362  3.572e+05
     2.369  2.353e+05
     2.377  3.154e+05
     2.384  3.239e+05
     2.391  2.766e+05
     2.398  2.734e+05
     2.405  2.727e+05
     2.412   2.51e+05
     2.418  1.704e+05
     2.425  8.619e+04
     2.431  7.486e+04
     2.438  4.893e+04
     2.444  4.745e+04
      2.45  5.239e+04
     2.456  6.323e+04
     2.463  3.944e+04
     2.468  9.575e+04
     2.474  1.111e+05
      2.48  5.677e+04
     2.486  2.871e+04
     2.491  2.223e+04
     2.497       8445
     2.503  1.835e+04
     2.508  1.167e+04
     2.513  2.151e+04
     2.519  2.055e+04
     2.524  2.871e+04
     2.529   4.02e+04
     2.534   1.21e+04
     2.539   1.17e+04
     2.544       3981
