     2.001      19.79
     6.002      21.66
        10      22.19
        14      22.47
        18      22.57
     22.01      22.83
     26.01      23.04
     30.01      23.22
     34.01      23.45
     38.01      23.71
     42.01      23.89
     46.01      24.12
     50.01      24.26
     54.01      24.36
     58.02       24.6
     62.02      24.69
     66.02      24.94
     70.02      25.19
     74.02       25.3
     78.02      25.75
     82.02      25.58
     86.02      25.84
     90.02      25.97
     94.03      25.99
     98.03       26.2
       102      26.32
       106      26.44
       110       26.7
       114      26.94
       118      27.28
       122      27.63
       126      27.45
       130      27.59
       134      27.74
       138      28.11
       142      28.43
       146      28.48
       150      28.66
       154      28.75
       158      28.93
       162      29.07
       166      29.58
       170      29.57
       174      29.87
       178      29.96
     182.1      30.25
     186.1      30.36
     190.1      30.24
     194.1      30.65
     198.1      30.98
     202.1      31.12
     206.1      31.38
     210.1      31.39
     214.1      31.62
     218.1      31.75
     222.1      31.95
     226.1      32.15
     230.1      32.53
     234.1      32.67
     238.1      32.21
     242.1      32.59
     246.1      32.79
     250.1      32.56
     254.1      32.83
     258.1      33.24
     262.1      33.45
     266.1      33.67
     270.1      33.79
     274.1      34.02
     278.1      33.86
     282.1      33.72
     286.1      33.86
     290.1      34.24
     294.1      34.05
     298.1       33.9
     302.1      33.78
     306.1      34.03
     310.1      34.41
     314.1      34.22
     318.1      34.21
     322.1      33.65
     326.1      33.77
     330.1      33.44
     334.1      32.18
     338.1      33.91
     342.1      33.87
     346.1      33.21
     350.1      33.03
