     6.002  8.831e+08
        10  3.653e+08
     14.01  2.279e+08
     18.01  1.354e+08
     22.01  9.683e+07
     26.01  6.936e+07
     30.01  5.558e+07
     34.01  4.455e+07
     38.02  3.838e+07
     42.02   3.41e+07
     46.02  2.743e+07
     50.02  2.551e+07
     54.02  2.334e+07
     58.02  1.982e+07
     62.02  1.758e+07
     66.03  1.652e+07
     70.03  1.321e+07
     74.03  1.175e+07
     78.03  1.048e+07
     82.03  9.335e+06
     86.03  9.586e+06
     90.04  9.481e+06
     94.04  7.997e+06
     98.04  7.211e+06
       102  6.612e+06
       106  6.544e+06
       110  5.857e+06
       114  5.113e+06
       118  4.551e+06
       122  3.775e+06
       126  3.429e+06
     130.1  3.492e+06
     134.1  3.058e+06
     138.1  2.584e+06
     142.1  2.687e+06
     146.1  2.342e+06
     150.1  2.152e+06
     154.1  2.078e+06
     158.1  2.159e+06
     162.1  2.053e+06
     166.1  2.005e+06
     170.1  1.686e+06
     174.1  1.673e+06
     178.1  1.469e+06
     182.1  1.532e+06
     186.1   1.58e+06
     190.1  1.259e+06
     194.1  1.229e+06
     198.1   1.13e+06
     202.1  1.014e+06
     206.1  1.036e+06
     210.1   1.01e+06
     214.1  9.549e+05
     218.1  7.846e+05
     222.1  7.318e+05
     226.1  7.136e+05
     230.1  9.332e+05
     234.1  8.777e+05
     238.1  5.844e+05
     242.1  4.656e+05
     246.1  4.041e+05
     250.1  3.961e+05
     254.1  3.961e+05
     258.1  2.856e+05
     262.1  2.685e+05
     266.1  2.139e+05
     270.1  2.161e+05
     274.1  2.547e+05
     278.1  2.854e+05
     282.1   1.86e+05
     286.1   1.71e+05
     290.1  1.585e+05
     294.1  1.433e+05
     298.1  9.407e+04
     302.1  9.642e+04
     306.1  5.494e+04
     310.1  7.465e+04
     314.1   5.53e+04
     318.1  6.145e+04
     322.1  2.968e+04
     326.1  3.067e+04
     330.1  2.026e+04
     334.1   1.19e+04
     338.1       7774
     342.1  1.251e+04
     346.1       3625
     350.1       7718
