     6.002  1.266e+09
        10  5.905e+08
     14.01   3.89e+08
     18.01  2.781e+08
     22.01  2.128e+08
     26.01   1.69e+08
     30.01  1.389e+08
     34.01  1.168e+08
     38.02  1.003e+08
     42.02  8.774e+07
     46.02  7.728e+07
     50.02  6.901e+07
     54.02  6.225e+07
     58.02  5.641e+07
     62.02   5.14e+07
     66.03  4.718e+07
     70.03   4.33e+07
     74.03  3.989e+07
     78.03  3.688e+07
     82.03  3.419e+07
     86.03   3.19e+07
     90.04  2.991e+07
     94.04  2.805e+07
     98.04  2.635e+07
       102   2.48e+07
       106  2.342e+07
       110  2.215e+07
       114  2.095e+07
       118  1.984e+07
       122  1.879e+07
       126  1.781e+07
     130.1  1.693e+07
     134.1   1.61e+07
     138.1  1.532e+07
     142.1  1.461e+07
     146.1  1.394e+07
     150.1  1.331e+07
     154.1  1.272e+07
     158.1  1.219e+07
     162.1  1.169e+07
     166.1  1.122e+07
     170.1  1.077e+07
     174.1  1.035e+07
     178.1  9.955e+06
     182.1  9.585e+06
     186.1  9.241e+06
     190.1  8.905e+06
     194.1  8.588e+06
     198.1  8.287e+06
     202.1  7.999e+06
     206.1  7.729e+06
     210.1  7.473e+06
     214.1  7.229e+06
     218.1  6.993e+06
     222.1  6.767e+06
     226.1  6.553e+06
     230.1  6.357e+06
     234.1   6.17e+06
     238.1  5.982e+06
     242.1    5.8e+06
     246.1  5.624e+06
     250.1  5.457e+06
     254.1  5.298e+06
     258.1  5.142e+06
     262.1  4.994e+06
     266.1   4.85e+06
     270.1  4.713e+06
     274.1  4.582e+06
     278.1  4.459e+06
     282.1  4.338e+06
     286.1  4.221e+06
     290.1  4.109e+06
     294.1  4.001e+06
     298.1  3.896e+06
     302.1  3.795e+06
     306.1  3.698e+06
     310.1  3.604e+06
     314.1  3.514e+06
     318.1  3.427e+06
     322.1  3.343e+06
     326.1  3.261e+06
     330.1  3.183e+06
     334.1  3.107e+06
     338.1  3.033e+06
     342.1  2.963e+06
     346.1  2.894e+06
     350.1  2.828e+06
