    0.7783  8.831e+08
         1  3.653e+08
     1.146  2.279e+08
     1.255  1.354e+08
     1.343  9.683e+07
     1.415  6.936e+07
     1.477  5.558e+07
     1.532  4.455e+07
      1.58  3.838e+07
     1.623   3.41e+07
     1.663  2.743e+07
     1.699  2.551e+07
     1.733  2.334e+07
     1.764  1.982e+07
     1.793  1.758e+07
      1.82  1.652e+07
     1.845  1.321e+07
     1.869  1.175e+07
     1.892  1.048e+07
     1.914  9.335e+06
     1.935  9.586e+06
     1.954  9.481e+06
     1.973  7.997e+06
     1.991  7.211e+06
     2.009  6.612e+06
     2.025  6.544e+06
     2.042  5.857e+06
     2.057  5.113e+06
     2.072  4.551e+06
     2.087  3.775e+06
     2.101  3.429e+06
     2.114  3.492e+06
     2.127  3.058e+06
      2.14  2.584e+06
     2.152  2.687e+06
     2.165  2.342e+06
     2.176  2.152e+06
     2.188  2.078e+06
     2.199  2.159e+06
      2.21  2.053e+06
      2.22  2.005e+06
     2.231  1.686e+06
     2.241  1.673e+06
     2.251  1.469e+06
      2.26  1.532e+06
      2.27   1.58e+06
     2.279  1.259e+06
     2.288  1.229e+06
     2.297   1.13e+06
     2.306  1.014e+06
     2.314  1.036e+06
     2.322   1.01e+06
     2.331  9.549e+05
     2.339  7.846e+05
     2.347  7.318e+05
     2.354  7.136e+05
     2.362  9.332e+05
     2.369  8.777e+05
     2.377  5.844e+05
     2.384  4.656e+05
     2.391  4.041e+05
     2.398  3.961e+05
     2.405  3.961e+05
     2.412  2.856e+05
     2.418  2.685e+05
     2.425  2.139e+05
     2.432  2.161e+05
     2.438  2.547e+05
     2.444  2.854e+05
      2.45   1.86e+05
     2.457   1.71e+05
     2.463  1.585e+05
     2.469  1.433e+05
     2.474  9.407e+04
      2.48  9.642e+04
     2.486  5.494e+04
     2.492  7.465e+04
     2.497   5.53e+04
     2.503  6.145e+04
     2.508  2.968e+04
     2.513  3.067e+04
     2.519  2.026e+04
     2.524   1.19e+04
     2.529       7774
     2.534  1.251e+04
     2.539       3625
     2.544       7718
