    0.7783  1.266e+09
         1  5.905e+08
     1.146   3.89e+08
     1.255  2.781e+08
     1.343  2.128e+08
     1.415   1.69e+08
     1.477  1.389e+08
     1.532  1.168e+08
      1.58  1.003e+08
     1.623  8.774e+07
     1.663  7.728e+07
     1.699  6.901e+07
     1.733  6.225e+07
     1.764  5.641e+07
     1.793   5.14e+07
      1.82  4.718e+07
     1.845   4.33e+07
     1.869  3.989e+07
     1.892  3.688e+07
     1.914  3.419e+07
     1.935   3.19e+07
     1.954  2.991e+07
     1.973  2.805e+07
     1.991  2.635e+07
     2.009   2.48e+07
     2.025  2.342e+07
     2.042  2.215e+07
     2.057  2.095e+07
     2.072  1.984e+07
     2.087  1.879e+07
     2.101  1.781e+07
     2.114  1.693e+07
     2.127   1.61e+07
      2.14  1.532e+07
     2.152  1.461e+07
     2.165  1.394e+07
     2.176  1.331e+07
     2.188  1.272e+07
     2.199  1.219e+07
      2.21  1.169e+07
      2.22  1.122e+07
     2.231  1.077e+07
     2.241  1.035e+07
     2.251  9.955e+06
      2.26  9.585e+06
      2.27  9.241e+06
     2.279  8.905e+06
     2.288  8.588e+06
     2.297  8.287e+06
     2.306  7.999e+06
     2.314  7.729e+06
     2.322  7.473e+06
     2.331  7.229e+06
     2.339  6.993e+06
     2.347  6.767e+06
     2.354  6.553e+06
     2.362  6.357e+06
     2.369   6.17e+06
     2.377  5.982e+06
     2.384    5.8e+06
     2.391  5.624e+06
     2.398  5.457e+06
     2.405  5.298e+06
     2.412  5.142e+06
     2.418  4.994e+06
     2.425   4.85e+06
     2.432  4.713e+06
     2.438  4.582e+06
     2.444  4.459e+06
      2.45  4.338e+06
     2.457  4.221e+06
     2.463  4.109e+06
     2.469  4.001e+06
     2.474  3.896e+06
      2.48  3.795e+06
     2.486  3.698e+06
     2.492  3.604e+06
     2.497  3.514e+06
     2.503  3.427e+06
     2.508  3.343e+06
     2.513  3.261e+06
     2.519  3.183e+06
     2.524  3.107e+06
     2.529  3.033e+06
     2.534  2.963e+06
     2.539  2.894e+06
     2.544  2.828e+06
