     2.001      17.95
     6.002      19.35
        10       19.9
     14.01      20.25
     18.01      20.49
     22.01      20.73
     26.01      21.11
     30.01      21.43
     34.01      21.69
     38.02      21.85
     42.02      22.05
     46.02      22.28
     50.02      22.35
     54.02      22.51
     58.02       22.7
     62.02      22.89
     66.03      22.99
     70.03      23.19
     74.03      23.29
     78.03      23.33
     82.03      23.42
     86.03      23.42
     90.04      23.62
     94.04      23.77
     98.04      23.83
       102      23.87
       106      23.92
       110      24.22
       114      24.23
       118      24.41
       122      24.52
       126      24.62
     130.1      24.74
     134.1      24.93
     138.1      25.11
     142.1      25.31
     146.1      25.52
     150.1      25.56
     154.1      25.67
     158.1      25.66
     162.1      25.74
     166.1      25.94
     170.1      26.13
     174.1      26.36
     178.1      26.57
     182.1      26.54
     186.1      26.78
     190.1      27.18
     194.1      27.29
     198.1      27.39
     202.1      27.81
     206.1      28.14
     210.1      27.87
     214.1      28.23
     218.1      28.82
     222.1      29.08
     226.1      29.04
     230.1      29.37
     234.1      29.51
     238.1      29.92
     242.1       30.4
     246.1      30.58
     250.1      30.81
     254.1      30.61
     258.1      30.19
     262.1      30.79
     266.1      31.28
     270.1      30.75
     274.1      30.46
     278.1       30.1
     282.1      30.75
     286.1      30.78
     290.1      30.45
     294.1      30.79
     298.1      31.28
     302.1      31.64
     306.1       31.8
     310.1      31.86
     314.1      31.21
     318.1      31.19
     322.1      31.97
     326.1      32.14
     330.1      33.07
     334.1      32.69
     338.1      32.85
     342.1      32.69
     346.1      32.57
     350.1      31.45
