     6.002  1.091e+09
        10  4.111e+08
     14.01  2.418e+08
     18.01   1.66e+08
     22.01  1.273e+08
     26.01  1.058e+08
     30.01  8.816e+07
     34.01   7.51e+07
     38.02  6.574e+07
     42.02  5.787e+07
     46.02  5.135e+07
     50.02  4.592e+07
     54.02  4.148e+07
     58.02  3.771e+07
     62.02  3.433e+07
     66.03  3.135e+07
     70.03  2.882e+07
     74.03  2.669e+07
     78.03  2.478e+07
     82.03    2.3e+07
     86.03  2.141e+07
     90.04  1.994e+07
     94.04  1.861e+07
     98.04  1.743e+07
       102  1.641e+07
       106  1.545e+07
       110  1.455e+07
       114  1.375e+07
       118    1.3e+07
       122  1.229e+07
       126  1.165e+07
     130.1  1.108e+07
     134.1  1.057e+07
     138.1   1.01e+07
     142.1  9.645e+06
     146.1  9.203e+06
     150.1   8.79e+06
     154.1  8.403e+06
     158.1   8.04e+06
     162.1  7.697e+06
     166.1  7.382e+06
     170.1  7.094e+06
     174.1  6.833e+06
     178.1  6.583e+06
     182.1  6.342e+06
     186.1  6.102e+06
     190.1  5.876e+06
     194.1  5.665e+06
     198.1  5.466e+06
     202.1  5.277e+06
     206.1  5.098e+06
     210.1  4.924e+06
     214.1  4.759e+06
     218.1  4.604e+06
     222.1  4.454e+06
     226.1   4.31e+06
     230.1  4.178e+06
     234.1  4.051e+06
     238.1  3.926e+06
     242.1  3.807e+06
     246.1  3.692e+06
     250.1  3.582e+06
     254.1  3.476e+06
     258.1  3.372e+06
     262.1  3.273e+06
     266.1  3.178e+06
     270.1  3.087e+06
     274.1  2.999e+06
     278.1  2.914e+06
     282.1  2.832e+06
     286.1  2.754e+06
     290.1  2.679e+06
     294.1  2.607e+06
     298.1  2.538e+06
     302.1  2.471e+06
     306.1  2.407e+06
     310.1  2.346e+06
     314.1  2.287e+06
     318.1   2.23e+06
     322.1  2.175e+06
     326.1  2.122e+06
     330.1  2.071e+06
     334.1  2.022e+06
     338.1  1.974e+06
     342.1  1.928e+06
     346.1  1.885e+06
     350.1  1.842e+06
