     6.002  7.695e+08
        10  1.846e+08
     14.01  1.064e+08
     18.01  6.848e+07
     22.01  5.862e+07
     26.01  5.684e+07
     30.01  3.936e+07
     34.01  3.244e+07
     38.02  3.052e+07
     42.02  2.431e+07
     46.02  2.031e+07
     50.02   1.73e+07
     54.02  1.596e+07
     58.02  1.405e+07
     62.02  1.148e+07
     66.03  9.762e+06
     70.03  9.192e+06
     74.03  9.102e+06
     78.03  8.072e+06
     82.03  6.504e+06
     86.03  5.841e+06
     90.04  4.967e+06
     94.04  4.274e+06
     98.04  4.148e+06
       102  4.376e+06
       106  3.679e+06
       110  3.169e+06
       114  3.095e+06
       118  2.649e+06
       122  2.199e+06
       126  2.151e+06
     130.1  2.433e+06
     134.1  2.528e+06
     138.1  2.505e+06
     142.1   1.99e+06
     146.1   1.57e+06
     150.1  1.467e+06
     154.1  1.326e+06
     158.1   1.23e+06
     162.1  1.106e+06
     166.1  1.157e+06
     170.1  1.261e+06
     174.1  1.421e+06
     178.1  1.262e+06
     182.1  1.102e+06
     186.1  7.648e+05
     190.1  7.187e+05
     194.1  7.771e+05
     198.1  7.415e+05
     202.1  6.842e+05
     206.1  6.614e+05
     210.1  5.386e+05
     214.1  5.152e+05
     218.1  5.235e+05
     222.1  4.494e+05
     226.1  3.903e+05
     230.1  5.118e+05
     234.1  4.466e+05
     238.1  3.308e+05
     242.1  3.472e+05
     246.1  2.692e+05
     250.1  2.316e+05
     254.1  2.299e+05
     258.1   1.37e+05
     262.1  1.266e+05
     266.1  1.146e+05
     270.1  9.201e+04
     274.1  6.706e+04
     278.1  4.413e+04
     282.1  3.473e+04
     286.1  3.234e+04
     290.1  5.556e+04
     294.1  2.383e+04
     298.1  2.858e+04
     302.1  2.816e+04
     306.1  2.787e+04
     310.1  3.027e+04
     314.1  1.837e+04
     318.1  2.131e+04
     322.1  1.685e+04
     326.1  1.646e+04
     330.1  2.423e+04
     334.1       7729
     338.1  1.789e+04
     342.1       8632
     346.1  6.583e+04
     350.1  1.083e+04
