    0.7783  1.091e+09
         1  4.111e+08
     1.146  2.418e+08
     1.255   1.66e+08
     1.343  1.273e+08
     1.415  1.058e+08
     1.477  8.816e+07
     1.532   7.51e+07
      1.58  6.574e+07
     1.623  5.787e+07
     1.663  5.135e+07
     1.699  4.592e+07
     1.733  4.148e+07
     1.764  3.771e+07
     1.793  3.433e+07
      1.82  3.135e+07
     1.845  2.882e+07
     1.869  2.669e+07
     1.892  2.478e+07
     1.914    2.3e+07
     1.935  2.141e+07
     1.954  1.994e+07
     1.973  1.861e+07
     1.991  1.743e+07
     2.009  1.641e+07
     2.025  1.545e+07
     2.042  1.455e+07
     2.057  1.375e+07
     2.072    1.3e+07
     2.087  1.229e+07
     2.101  1.165e+07
     2.114  1.108e+07
     2.127  1.057e+07
      2.14   1.01e+07
     2.152  9.645e+06
     2.165  9.203e+06
     2.176   8.79e+06
     2.188  8.403e+06
     2.199   8.04e+06
      2.21  7.697e+06
      2.22  7.382e+06
     2.231  7.094e+06
     2.241  6.833e+06
     2.251  6.583e+06
      2.26  6.342e+06
      2.27  6.102e+06
     2.279  5.876e+06
     2.288  5.665e+06
     2.297  5.466e+06
     2.306  5.277e+06
     2.314  5.098e+06
     2.322  4.924e+06
     2.331  4.759e+06
     2.339  4.604e+06
     2.347  4.454e+06
     2.354   4.31e+06
     2.362  4.178e+06
     2.369  4.051e+06
     2.377  3.926e+06
     2.384  3.807e+06
     2.391  3.692e+06
     2.398  3.582e+06
     2.405  3.476e+06
     2.412  3.372e+06
     2.418  3.273e+06
     2.425  3.178e+06
     2.432  3.087e+06
     2.438  2.999e+06
     2.444  2.914e+06
      2.45  2.832e+06
     2.457  2.754e+06
     2.463  2.679e+06
     2.469  2.607e+06
     2.474  2.538e+06
      2.48  2.471e+06
     2.486  2.407e+06
     2.492  2.346e+06
     2.497  2.287e+06
     2.503   2.23e+06
     2.508  2.175e+06
     2.513  2.122e+06
     2.519  2.071e+06
     2.524  2.022e+06
     2.529  1.974e+06
     2.534  1.928e+06
     2.539  1.885e+06
     2.544  1.842e+06
