    0.7783  7.695e+08
         1  1.846e+08
     1.146  1.064e+08
     1.255  6.848e+07
     1.343  5.862e+07
     1.415  5.684e+07
     1.477  3.936e+07
     1.532  3.244e+07
      1.58  3.052e+07
     1.623  2.431e+07
     1.663  2.031e+07
     1.699   1.73e+07
     1.733  1.596e+07
     1.764  1.405e+07
     1.793  1.148e+07
      1.82  9.762e+06
     1.845  9.192e+06
     1.869  9.102e+06
     1.892  8.072e+06
     1.914  6.504e+06
     1.935  5.841e+06
     1.954  4.967e+06
     1.973  4.274e+06
     1.991  4.148e+06
     2.009  4.376e+06
     2.025  3.679e+06
     2.042  3.169e+06
     2.057  3.095e+06
     2.072  2.649e+06
     2.087  2.199e+06
     2.101  2.151e+06
     2.114  2.433e+06
     2.127  2.528e+06
      2.14  2.505e+06
     2.152   1.99e+06
     2.165   1.57e+06
     2.176  1.467e+06
     2.188  1.326e+06
     2.199   1.23e+06
      2.21  1.106e+06
      2.22  1.157e+06
     2.231  1.261e+06
     2.241  1.421e+06
     2.251  1.262e+06
      2.26  1.102e+06
      2.27  7.648e+05
     2.279  7.187e+05
     2.288  7.771e+05
     2.297  7.415e+05
     2.306  6.842e+05
     2.314  6.614e+05
     2.322  5.386e+05
     2.331  5.152e+05
     2.339  5.235e+05
     2.347  4.494e+05
     2.354  3.903e+05
     2.362  5.118e+05
     2.369  4.466e+05
     2.377  3.308e+05
     2.384  3.472e+05
     2.391  2.692e+05
     2.398  2.316e+05
     2.405  2.299e+05
     2.412   1.37e+05
     2.418  1.266e+05
     2.425  1.146e+05
     2.432  9.201e+04
     2.438  6.706e+04
     2.444  4.413e+04
      2.45  3.473e+04
     2.457  3.234e+04
     2.463  5.556e+04
     2.469  2.383e+04
     2.474  2.858e+04
      2.48  2.816e+04
     2.486  2.787e+04
     2.492  3.027e+04
     2.497  1.837e+04
     2.503  2.131e+04
     2.508  1.685e+04
     2.513  1.646e+04
     2.519  2.423e+04
     2.524       7729
     2.529  1.789e+04
     2.534       8632
     2.539  6.583e+04
     2.544  1.083e+04
