     2.001       18.1
     6.002      20.11
        10       20.6
     14.01      20.86
     18.01      21.08
     22.01      21.43
     26.01      21.55
     30.01      21.94
     34.01      22.03
     38.02      22.19
     42.02      22.38
     46.02      22.54
     50.02      22.76
     54.02       22.9
     58.02      23.06
     62.02      23.31
     66.03      23.42
     70.03      23.65
     74.03      23.68
     78.03      23.76
     82.03      24.02
     86.03       24.1
     90.04      24.28
     94.04      24.39
     98.04      24.38
       102       24.6
       106      24.67
       110      24.79
       114      24.94
       118      25.41
       122      25.67
       126      25.93
     130.1      25.98
     134.1      26.08
     138.1      26.46
     142.1      26.67
     146.1      27.03
     150.1      27.38
     154.1      27.64
     158.1      27.75
     162.1      28.05
     166.1      27.84
     170.1      28.07
     174.1      28.36
     178.1      28.73
     182.1       28.9
     186.1      29.72
     190.1      29.63
     194.1      29.68
     198.1      29.77
     202.1      30.31
     206.1      30.13
     210.1      30.58
     214.1      30.78
     218.1      30.99
     222.1      31.03
     226.1      31.37
     230.1      31.49
     234.1      31.81
     238.1      31.97
     242.1      32.35
     246.1      32.32
     250.1      32.36
     254.1      32.41
     258.1      32.88
     262.1      32.99
     266.1      33.33
     270.1      33.33
     274.1      33.58
     278.1      34.03
     282.1      34.12
     286.1      33.71
     290.1      33.67
     294.1      34.19
     298.1       33.9
     302.1      33.93
     306.1      33.41
     310.1      33.62
     314.1      33.93
     318.1      33.37
     322.1      33.35
     326.1      32.69
     330.1      33.11
     334.1      33.05
     338.1      32.71
     342.1       31.8
     346.1      33.45
     350.1      35.14
