     6.002   6.83e+08
        10  2.763e+08
     14.01  1.732e+08
     18.01  1.249e+08
     22.01  9.644e+07
     26.01   7.71e+07
     30.01  6.359e+07
     34.01  5.331e+07
     38.02  4.524e+07
     42.02  3.913e+07
     46.02  3.389e+07
     50.02  2.965e+07
     54.02  2.612e+07
     58.02  2.335e+07
     62.02   2.09e+07
     66.03  1.884e+07
     70.03  1.703e+07
     74.03  1.547e+07
     78.03  1.412e+07
     82.03  1.293e+07
     86.03  1.193e+07
     90.04  1.104e+07
     94.04  1.026e+07
     98.04  9.541e+06
       102    8.9e+06
       106  8.321e+06
       110  7.793e+06
       114  7.323e+06
       118    6.9e+06
       122  6.517e+06
       126   6.17e+06
     130.1  5.858e+06
     134.1  5.575e+06
     138.1  5.306e+06
     142.1  5.059e+06
     146.1  4.817e+06
     150.1   4.59e+06
     154.1  4.378e+06
     158.1   4.19e+06
     162.1  4.013e+06
     166.1  3.871e+06
     170.1  3.724e+06
     174.1  3.586e+06
     178.1  3.452e+06
     182.1  3.324e+06
     186.1  3.206e+06
     190.1  3.095e+06
     194.1  2.989e+06
     198.1  2.888e+06
     202.1  2.796e+06
     206.1  2.705e+06
     210.1   2.62e+06
     214.1  2.542e+06
     218.1  2.464e+06
     222.1  2.387e+06
     226.1  2.318e+06
     230.1  2.253e+06
     234.1  2.192e+06
     238.1  2.132e+06
     242.1  2.076e+06
     246.1  2.023e+06
     250.1  1.979e+06
     254.1  1.934e+06
     258.1  1.891e+06
     262.1  1.852e+06
     266.1  1.808e+06
     270.1  1.765e+06
     274.1  1.722e+06
     278.1  1.681e+06
     282.1  1.641e+06
     286.1  1.602e+06
     290.1  1.564e+06
     294.1  1.526e+06
     298.1  1.489e+06
     302.1  1.454e+06
     306.1   1.42e+06
     310.1  1.386e+06
     314.1  1.354e+06
     318.1  1.323e+06
     322.1  1.293e+06
     326.1  1.263e+06
     330.1  1.234e+06
     334.1  1.206e+06
     338.1  1.179e+06
     342.1  1.152e+06
     346.1  1.126e+06
     350.1    1.1e+06
