     6.002  4.709e+08
        10  1.408e+08
     14.01  9.075e+07
     18.01   6.27e+07
     22.01  4.589e+07
     26.01  3.314e+07
     30.01  2.617e+07
     34.01  1.974e+07
     38.02  1.488e+07
     42.02  1.306e+07
     46.02  8.931e+06
     50.02  7.333e+06
     54.02   5.83e+06
     58.02  5.988e+06
     62.02  4.308e+06
     66.03  3.896e+06
     70.03  3.012e+06
     74.03  2.633e+06
     78.03  2.281e+06
     82.03   1.88e+06
     86.03  2.234e+06
     90.04  1.908e+06
     94.04  1.805e+06
     98.04  1.473e+06
       102  1.365e+06
       106  1.229e+06
       110   1.06e+06
       114  1.083e+06
       118  1.089e+06
       122  1.055e+06
       126  1.047e+06
     130.1  1.097e+06
     134.1  1.115e+06
     138.1  9.408e+05
     142.1  9.161e+05
     146.1  6.453e+05
     150.1   5.65e+05
     154.1  5.083e+05
     158.1  6.599e+05
     162.1  6.133e+05
     166.1   1.06e+06
     170.1  7.413e+05
     174.1  7.211e+05
     178.1  6.172e+05
     182.1  5.403e+05
     186.1  5.803e+05
     190.1   5.65e+05
     194.1  5.281e+05
     198.1  4.852e+05
     202.1  5.676e+05
     206.1  4.575e+05
     210.1  4.551e+05
     214.1   5.36e+05
     218.1   4.08e+05
     222.1  3.523e+05
     226.1  4.135e+05
     230.1  4.728e+05
     234.1  4.559e+05
     238.1  4.143e+05
     242.1  4.179e+05
     246.1   4.54e+05
     250.1  6.472e+05
     254.1  5.649e+05
     258.1  5.245e+05
     262.1  6.252e+05
     266.1  4.026e+05
     270.1  3.318e+05
     274.1  3.205e+05
     278.1   2.77e+05
     282.1  2.661e+05
     286.1  2.628e+05
     290.1  2.066e+05
     294.1  1.618e+05
     298.1  1.611e+05
     302.1  1.649e+05
     306.1  1.402e+05
     310.1  1.367e+05
     314.1  1.202e+05
     318.1  1.251e+05
     322.1  9.224e+04
     326.1  6.678e+04
     330.1  7.871e+04
     334.1  6.694e+04
     338.1  5.143e+04
     342.1  3.249e+04
     346.1  3.274e+04
     350.1  1.142e+04
