    0.7783   6.83e+08
         1  2.763e+08
     1.146  1.732e+08
     1.255  1.249e+08
     1.343  9.644e+07
     1.415   7.71e+07
     1.477  6.359e+07
     1.532  5.331e+07
      1.58  4.524e+07
     1.623  3.913e+07
     1.663  3.389e+07
     1.699  2.965e+07
     1.733  2.612e+07
     1.764  2.335e+07
     1.793   2.09e+07
      1.82  1.884e+07
     1.845  1.703e+07
     1.869  1.547e+07
     1.892  1.412e+07
     1.914  1.293e+07
     1.935  1.193e+07
     1.954  1.104e+07
     1.973  1.026e+07
     1.991  9.541e+06
     2.009    8.9e+06
     2.025  8.321e+06
     2.042  7.793e+06
     2.057  7.323e+06
     2.072    6.9e+06
     2.087  6.517e+06
     2.101   6.17e+06
     2.114  5.858e+06
     2.127  5.575e+06
      2.14  5.306e+06
     2.152  5.059e+06
     2.165  4.817e+06
     2.176   4.59e+06
     2.188  4.378e+06
     2.199   4.19e+06
      2.21  4.013e+06
      2.22  3.871e+06
     2.231  3.724e+06
     2.241  3.586e+06
     2.251  3.452e+06
      2.26  3.324e+06
      2.27  3.206e+06
     2.279  3.095e+06
     2.288  2.989e+06
     2.297  2.888e+06
     2.306  2.796e+06
     2.314  2.705e+06
     2.322   2.62e+06
     2.331  2.542e+06
     2.339  2.464e+06
     2.347  2.387e+06
     2.354  2.318e+06
     2.362  2.253e+06
     2.369  2.192e+06
     2.377  2.132e+06
     2.384  2.076e+06
     2.391  2.023e+06
     2.398  1.979e+06
     2.405  1.934e+06
     2.412  1.891e+06
     2.418  1.852e+06
     2.425  1.808e+06
     2.432  1.765e+06
     2.438  1.722e+06
     2.444  1.681e+06
      2.45  1.641e+06
     2.457  1.602e+06
     2.463  1.564e+06
     2.469  1.526e+06
     2.474  1.489e+06
      2.48  1.454e+06
     2.486   1.42e+06
     2.492  1.386e+06
     2.497  1.354e+06
     2.503  1.323e+06
     2.508  1.293e+06
     2.513  1.263e+06
     2.519  1.234e+06
     2.524  1.206e+06
     2.529  1.179e+06
     2.534  1.152e+06
     2.539  1.126e+06
     2.544    1.1e+06
