    0.7783  4.709e+08
         1  1.408e+08
     1.146  9.075e+07
     1.255   6.27e+07
     1.343  4.589e+07
     1.415  3.314e+07
     1.477  2.617e+07
     1.532  1.974e+07
      1.58  1.488e+07
     1.623  1.306e+07
     1.663  8.931e+06
     1.699  7.333e+06
     1.733   5.83e+06
     1.764  5.988e+06
     1.793  4.308e+06
      1.82  3.896e+06
     1.845  3.012e+06
     1.869  2.633e+06
     1.892  2.281e+06
     1.914   1.88e+06
     1.935  2.234e+06
     1.954  1.908e+06
     1.973  1.805e+06
     1.991  1.473e+06
     2.009  1.365e+06
     2.025  1.229e+06
     2.042   1.06e+06
     2.057  1.083e+06
     2.072  1.089e+06
     2.087  1.055e+06
     2.101  1.047e+06
     2.114  1.097e+06
     2.127  1.115e+06
      2.14  9.408e+05
     2.152  9.161e+05
     2.165  6.453e+05
     2.176   5.65e+05
     2.188  5.083e+05
     2.199  6.599e+05
      2.21  6.133e+05
      2.22   1.06e+06
     2.231  7.413e+05
     2.241  7.211e+05
     2.251  6.172e+05
      2.26  5.403e+05
      2.27  5.803e+05
     2.279   5.65e+05
     2.288  5.281e+05
     2.297  4.852e+05
     2.306  5.676e+05
     2.314  4.575e+05
     2.322  4.551e+05
     2.331   5.36e+05
     2.339   4.08e+05
     2.347  3.523e+05
     2.354  4.135e+05
     2.362  4.728e+05
     2.369  4.559e+05
     2.377  4.143e+05
     2.384  4.179e+05
     2.391   4.54e+05
     2.398  6.472e+05
     2.405  5.649e+05
     2.412  5.245e+05
     2.418  6.252e+05
     2.425  4.026e+05
     2.432  3.318e+05
     2.438  3.205e+05
     2.444   2.77e+05
      2.45  2.661e+05
     2.457  2.628e+05
     2.463  2.066e+05
     2.469  1.618e+05
     2.474  1.611e+05
      2.48  1.649e+05
     2.486  1.402e+05
     2.492  1.367e+05
     2.497  1.202e+05
     2.503  1.251e+05
     2.508  9.224e+04
     2.513  6.678e+04
     2.519  7.871e+04
     2.524  6.694e+04
     2.529  5.143e+04
     2.534  3.249e+04
     2.539  3.274e+04
     2.544  1.142e+04
