     2.001      19.68
     6.002      20.68
        10      21.12
     14.01      21.51
     18.01      21.74
     22.01      21.98
     26.01      22.32
     30.01      22.58
     34.01      22.99
     38.02      23.29
     42.02      23.65
     46.02      23.98
     50.02      24.03
     54.02       24.3
     58.02      24.75
     62.02      24.59
     66.03      24.79
     70.03      25.37
     74.03      25.51
     78.03      26.19
     82.03      26.29
     86.03      26.23
     90.04      26.15
     94.04      26.68
     98.04      26.99
       102      27.54
       106      27.87
       110      28.27
       114       28.1
       118      28.23
       122       28.4
       126      28.21
     130.1       28.4
     134.1      28.82
     138.1      29.06
     142.1      29.77
     146.1      30.13
     150.1      30.49
     154.1      30.26
     158.1      30.45
     162.1      30.85
     166.1      30.27
     170.1      30.52
     174.1      30.78
     178.1      31.06
     182.1      31.15
     186.1      31.13
     190.1      30.91
     194.1      30.96
     198.1       30.9
     202.1      31.21
     206.1      31.11
     210.1      30.86
     214.1      30.82
     218.1      31.47
     222.1      31.97
     226.1      31.36
     230.1         31
     234.1      31.12
     238.1      31.63
     242.1      31.74
     246.1      30.83
     250.1      30.64
     254.1      30.72
     258.1      29.99
     262.1      30.01
     266.1       30.4
     270.1      30.46
     274.1      30.23
     278.1      30.26
     282.1      29.98
     286.1      29.72
     290.1      30.26
     294.1      30.02
     298.1      29.79
     302.1      30.07
     306.1      30.42
     310.1      30.53
     314.1      30.67
     318.1         31
     322.1      31.31
     326.1      31.48
     330.1      30.96
     334.1      30.96
     338.1       30.9
     342.1      30.16
     346.1      29.74
     350.1      29.89
