     6.039  1.333e+08
     10.07  1.079e+08
     14.09  6.143e+07
     18.12  7.258e+07
     22.14  3.396e+07
     26.17  1.428e+07
      30.2  1.073e+07
     34.22  7.917e+06
     38.25  8.803e+06
     42.28  6.937e+06
      46.3  5.629e+06
     50.33  2.902e+06
     54.35  2.261e+06
     58.38  2.067e+06
     62.41  1.619e+06
     66.43  2.044e+06
     70.46  2.391e+06
     74.48  2.466e+06
     78.51  1.789e+06
     82.54  9.548e+05
     86.56  6.136e+05
     90.59  5.381e+05
     94.62  4.427e+05
     98.64  4.311e+05
     102.7  4.604e+05
     106.7  3.334e+05
     110.7  4.221e+05
     114.7  1.784e+05
     118.8  1.274e+05
     122.8  9.805e+04
     126.8  7.414e+04
     130.9  8.021e+04
     134.9  8.434e+04
     138.9   5.25e+04
     142.9  3.068e+04
       147  1.357e+04
       151  1.429e+04
       155  2.337e+04
       159  1.818e+04
     163.1       4231
     167.1  1.481e+04
     171.1       4699
     175.1       4082
     179.2       3788
     183.2          0
     187.2       3693
     191.2       3642
     195.3          0
     199.3          0
     203.3          0
     207.3          0
     211.4          0
     215.4          0
     219.4          0
     223.5       6827
     227.5          0
     231.5          0
     235.5          0
     239.6          0
     243.6          0
     247.6          0
     251.6          0
     255.7          0
     259.7          0
     263.7          0
     267.7          0
     271.8          0
     275.8          0
     279.8          0
     283.8          0
     287.9          0
     291.9          0
     295.9          0
       300          0
       304          0
       308          0
       312          0
     316.1          0
     320.1          0
     324.1          0
     328.1          0
     332.2          0
     336.2          0
     340.2          0
     344.2          0
     348.3          0
