     6.039  1.525e+08
     10.07   1.19e+08
     14.09  8.704e+07
     18.12  8.071e+07
     22.14  6.388e+07
     26.17  4.873e+07
      30.2  3.865e+07
     34.22  3.144e+07
     38.25  2.669e+07
     42.28  2.294e+07
      46.3  1.993e+07
     50.33  1.721e+07
     54.35    1.5e+07
     58.38  1.322e+07
     62.41  1.172e+07
     66.43  1.055e+07
     70.46  9.621e+06
     74.48  8.848e+06
     78.51  8.124e+06
     82.54  7.425e+06
     86.56  6.792e+06
     90.59  6.236e+06
     94.62  5.744e+06
     98.64   5.31e+06
     102.7   4.93e+06
     106.7  4.583e+06
     110.7  4.281e+06
     114.7  3.993e+06
     118.8  3.731e+06
     122.8  3.493e+06
     126.8  3.276e+06
     130.9  3.079e+06
     134.9    2.9e+06
     138.9  2.735e+06
     142.9  2.583e+06
       147  2.442e+06
       151  2.313e+06
       155  2.194e+06
       159  2.084e+06
     163.1  1.981e+06
     167.1  1.886e+06
     171.1  1.798e+06
     175.1  1.715e+06
     179.2  1.638e+06
     183.2  1.566e+06
     187.2  1.499e+06
     191.2  1.436e+06
     195.3  1.377e+06
     199.3  1.321e+06
     203.3  1.269e+06
     207.3   1.22e+06
     211.4  1.173e+06
     215.4  1.129e+06
     219.4  1.088e+06
     223.5  1.049e+06
     227.5  1.012e+06
     231.5  9.767e+05
     235.5  9.433e+05
     239.6  9.116e+05
     243.6  8.815e+05
     247.6  8.528e+05
     251.6  8.255e+05
     255.7  7.995e+05
     259.7  7.747e+05
     263.7  7.511e+05
     267.7  7.285e+05
     271.8  7.069e+05
     275.8  6.863e+05
     279.8  6.665e+05
     283.8  6.476e+05
     287.9  6.295e+05
     291.9  6.121e+05
     295.9  5.955e+05
       300  5.795e+05
       304  5.641e+05
       308  5.494e+05
       312  5.352e+05
     316.1  5.216e+05
     320.1  5.085e+05
     324.1  4.958e+05
     328.1  4.837e+05
     332.2  4.719e+05
     336.2  4.606e+05
     340.2  4.497e+05
     344.2  4.392e+05
     348.3  4.291e+05
