     0.781  1.333e+08
     1.003  1.079e+08
     1.149  6.143e+07
     1.258  7.258e+07
     1.345  3.396e+07
     1.418  1.428e+07
      1.48  1.073e+07
     1.534  7.917e+06
     1.583  8.803e+06
     1.626  6.937e+06
     1.666  5.629e+06
     1.702  2.902e+06
     1.735  2.261e+06
     1.766  2.067e+06
     1.795  1.619e+06
     1.822  2.044e+06
     1.848  2.391e+06
     1.872  2.466e+06
     1.895  1.789e+06
     1.917  9.548e+05
     1.937  6.136e+05
     1.957  5.381e+05
     1.976  4.427e+05
     1.994  4.311e+05
     2.011  4.604e+05
     2.028  3.334e+05
     2.044  4.221e+05
      2.06  1.784e+05
     2.075  1.274e+05
     2.089  9.805e+04
     2.103  7.414e+04
     2.117  8.021e+04
      2.13  8.434e+04
     2.143   5.25e+04
     2.155  3.068e+04
     2.167  1.357e+04
     2.179  1.429e+04
      2.19  2.337e+04
     2.201  1.818e+04
     2.212       4231
     2.223  1.481e+04
     2.233       4699
     2.243       4082
     2.253       3788
     2.263          0
     2.272       3693
     2.282       3642
     2.291          0
       2.3          0
     2.308          0
     2.317          0
     2.325          0
     2.333          0
     2.341          0
     2.349       6827
     2.357          0
     2.365          0
     2.372          0
     2.379          0
     2.387          0
     2.394          0
     2.401          0
     2.408          0
     2.414          0
     2.421          0
     2.428          0
     2.434          0
     2.441          0
     2.447          0
     2.453          0
     2.459          0
     2.465          0
     2.471          0
     2.477          0
     2.483          0
     2.489          0
     2.494          0
       2.5          0
     2.505          0
     2.511          0
     2.516          0
     2.521          0
     2.527          0
     2.532          0
     2.537          0
     2.542          0
