     0.781  1.525e+08
     1.003   1.19e+08
     1.149  8.704e+07
     1.258  8.071e+07
     1.345  6.388e+07
     1.418  4.873e+07
      1.48  3.865e+07
     1.534  3.144e+07
     1.583  2.669e+07
     1.626  2.294e+07
     1.666  1.993e+07
     1.702  1.721e+07
     1.735    1.5e+07
     1.766  1.322e+07
     1.795  1.172e+07
     1.822  1.055e+07
     1.848  9.621e+06
     1.872  8.848e+06
     1.895  8.124e+06
     1.917  7.425e+06
     1.937  6.792e+06
     1.957  6.236e+06
     1.976  5.744e+06
     1.994   5.31e+06
     2.011   4.93e+06
     2.028  4.583e+06
     2.044  4.281e+06
      2.06  3.993e+06
     2.075  3.731e+06
     2.089  3.493e+06
     2.103  3.276e+06
     2.117  3.079e+06
      2.13    2.9e+06
     2.143  2.735e+06
     2.155  2.583e+06
     2.167  2.442e+06
     2.179  2.313e+06
      2.19  2.194e+06
     2.201  2.084e+06
     2.212  1.981e+06
     2.223  1.886e+06
     2.233  1.798e+06
     2.243  1.715e+06
     2.253  1.638e+06
     2.263  1.566e+06
     2.272  1.499e+06
     2.282  1.436e+06
     2.291  1.377e+06
       2.3  1.321e+06
     2.308  1.269e+06
     2.317   1.22e+06
     2.325  1.173e+06
     2.333  1.129e+06
     2.341  1.088e+06
     2.349  1.049e+06
     2.357  1.012e+06
     2.365  9.767e+05
     2.372  9.433e+05
     2.379  9.116e+05
     2.387  8.815e+05
     2.394  8.528e+05
     2.401  8.255e+05
     2.408  7.995e+05
     2.414  7.747e+05
     2.421  7.511e+05
     2.428  7.285e+05
     2.434  7.069e+05
     2.441  6.863e+05
     2.447  6.665e+05
     2.453  6.476e+05
     2.459  6.295e+05
     2.465  6.121e+05
     2.471  5.955e+05
     2.477  5.795e+05
     2.483  5.641e+05
     2.489  5.494e+05
     2.494  5.352e+05
       2.5  5.216e+05
     2.505  5.085e+05
     2.511  4.958e+05
     2.516  4.837e+05
     2.521  4.719e+05
     2.527  4.606e+05
     2.532  4.497e+05
     2.537  4.392e+05
     2.542  4.291e+05
