     2.013  2.198e+09
     6.039  1.747e+10
     10.07  5.456e+10
     14.09  8.976e+10
     18.12   1.48e+11
     22.14   1.83e+11
     26.17   2.01e+11
      30.2   2.17e+11
     34.22  2.306e+11
     38.25  2.477e+11
     42.28  2.628e+11
      46.3  2.764e+11
     50.33   2.84e+11
     54.35  2.905e+11
     58.38  2.969e+11
     62.41  3.023e+11
     66.43  3.095e+11
     70.46  3.186e+11
     74.48  3.285e+11
     78.51  3.361e+11
     82.54  3.403e+11
     86.56  3.432e+11
     90.59  3.459e+11
     94.62  3.481e+11
     98.64  3.505e+11
     102.7  3.531e+11
     106.7   3.55e+11
     110.7  3.576e+11
     114.7  3.587e+11
     118.8  3.595e+11
     122.8  3.602e+11
     126.8  3.607e+11
     130.9  3.613e+11
     134.9  3.619e+11
     138.9  3.623e+11
     142.9  3.626e+11
       147  3.627e+11
       151  3.628e+11
       155   3.63e+11
       159  3.631e+11
     163.1  3.632e+11
     167.1  3.633e+11
     171.1  3.634e+11
     175.1  3.634e+11
     179.2  3.634e+11
     183.2  3.634e+11
     187.2  3.635e+11
     191.2  3.635e+11
     195.3  3.635e+11
     199.3  3.635e+11
     203.3  3.635e+11
     207.3  3.635e+11
     211.4  3.635e+11
     215.4  3.635e+11
     219.4  3.635e+11
     223.5  3.636e+11
     227.5  3.636e+11
     231.5  3.636e+11
     235.5  3.636e+11
     239.6  3.636e+11
     243.6  3.636e+11
     247.6  3.636e+11
     251.6  3.636e+11
     255.7  3.636e+11
     259.7  3.636e+11
     263.7  3.636e+11
     267.7  3.636e+11
     271.8  3.636e+11
     275.8  3.636e+11
     279.8  3.636e+11
     283.8  3.636e+11
     287.9  3.636e+11
     291.9  3.636e+11
     295.9  3.636e+11
       300  3.636e+11
       304  3.636e+11
       308  3.636e+11
       312  3.636e+11
     316.1  3.636e+11
     320.1  3.636e+11
     324.1  3.636e+11
     328.1  3.636e+11
     332.2  3.636e+11
     336.2  3.636e+11
     340.2  3.636e+11
     344.2  3.636e+11
     348.3  3.636e+11
