     2.013   1.31e-17
     6.039  1.718e-17
     10.07   1.92e-17
     14.09  1.187e-17
     18.12  2.342e-17
     22.14  5.749e-18
     26.17  4.538e-18
      30.2  3.457e-18
     34.22  2.763e-18
     38.25  2.773e-18
     42.28  2.044e-18
      46.3  1.749e-18
     50.33  9.893e-19
     54.35  9.537e-19
     58.38  7.125e-19
     62.41  8.193e-19
     66.43  8.402e-19
     70.46  9.352e-19
     74.48  7.936e-19
     78.51  5.213e-19
     82.54   3.14e-19
     86.56  2.114e-19
     90.59  1.979e-19
     94.62  1.544e-19
     98.64  1.698e-19
     102.7  1.544e-19
     106.7  1.433e-19
     110.7  1.267e-19
     114.7  5.792e-20
     118.8  3.745e-20
     122.8  3.641e-20
     126.8  2.335e-20
     130.9  3.398e-20
     134.9  2.244e-20
     138.9  2.229e-20
     142.9  9.911e-21
       147  5.075e-21
       151  3.301e-21
       155  1.194e-20
       159  5.359e-21
     163.1  1.004e-20
     167.1  7.693e-21
     171.1  4.054e-21
     175.1   1.63e-21
     179.2  1.074e-21
     183.2  1.277e-21
     187.2  1.172e-22
     191.2  1.321e-21
     195.3  1.067e-23
     199.3      1e-23
     203.3      1e-23
     207.3      1e-23
     211.4      1e-23
     215.4  3.329e-23
     219.4  2.944e-21
     223.5   2.09e-21
     227.5      1e-23
     231.5      1e-23
     235.5      1e-23
     239.6      1e-23
     243.6      1e-23
     247.6      1e-23
     251.6      1e-23
     255.7      1e-23
     259.7      1e-23
     263.7      1e-23
     267.7      1e-23
     271.8      1e-23
     275.8      1e-23
     279.8      1e-23
     283.8      1e-23
     287.9      1e-23
     291.9      1e-23
     295.9      1e-23
       300      1e-23
       304      1e-23
       308      1e-23
       312      1e-23
     316.1      1e-23
     320.1      1e-23
     324.1      1e-23
     328.1      1e-23
     332.2      1e-23
     336.2      1e-23
     340.2      1e-23
     344.2      1e-23
     348.3      1e-23
