     2.013      20.28
     6.039      20.17
     10.07      20.15
     14.09      20.71
     18.12      20.92
     22.14       21.5
     26.17      21.78
      30.2      22.33
     34.22      22.89
     38.25      23.02
     42.28      23.21
      46.3      24.11
     50.33      25.27
     54.35      25.81
     58.38      26.79
     62.41      27.11
     66.43      27.14
     70.46      27.56
     74.48      28.59
     78.51      29.32
     82.54      29.89
     86.56      30.81
     90.59      31.57
     94.62      31.75
     98.64       31.3
     102.7      31.51
     106.7      32.23
     110.7      32.47
     114.7      33.26
     118.8      33.92
     122.8      34.28
     126.8       34.5
     130.9      34.29
     134.9       34.7
     138.9      34.96
     142.9      35.12
       147      35.28
       151      35.26
       155      35.16
       159      35.26
     163.1      35.34
     167.1      35.41
     171.1      35.43
     175.1      35.44
     179.2      35.44
     183.2      35.44
     187.2      35.49
     191.2      35.46
     195.3      35.52
     199.3      35.52
     203.3      35.52
     207.3      35.52
     211.4      35.52
     215.4      35.52
     219.4      35.43
     223.5      35.48
     227.5      35.52
     231.5      35.52
     235.5      35.52
     239.6      35.52
     243.6      35.52
     247.6      35.52
     251.6      35.52
     255.7      35.52
     259.7      35.52
     263.7      35.52
     267.7      35.52
     271.8      35.52
     275.8      35.52
     279.8      35.52
     283.8      35.52
     287.9      35.52
     291.9      35.52
     295.9      35.52
       300      35.52
       304      35.52
       308      35.52
       312      35.52
     316.1      35.52
     320.1      35.52
     324.1      35.52
     328.1      35.52
     332.2      35.52
     336.2      35.52
     340.2      35.52
     344.2      35.52
     348.3      35.52
