     2.013      20.22
     6.039      19.93
     10.07      19.81
     14.09      20.33
     18.12      19.59
     22.14      21.12
     26.17      21.37
      30.2      21.67
     34.22      21.91
     38.25      21.91
     42.28      22.24
      46.3      22.41
     50.33      23.03
     54.35      23.07
     58.38      23.38
     62.41      23.23
     66.43      23.21
     70.46      23.09
     74.48      23.27
     78.51      23.72
     82.54      24.27
     86.56       24.7
     90.59      24.77
     94.62      25.04
     98.64      24.94
     102.7      25.04
     106.7      25.13
     110.7      25.26
     114.7      26.11
     118.8      26.58
     122.8      26.61
     126.8       27.1
     130.9      26.69
     134.9      27.14
     138.9      27.15
     142.9      28.03
       147      28.75
       151      29.22
       155      27.82
       159      28.69
     163.1      28.01
     167.1       28.3
     171.1         29
     175.1      29.99
     179.2      30.44
     183.2      30.25
     187.2      32.84
     191.2      30.21
     195.3      35.45
     199.3      35.52
     203.3      35.52
     207.3      35.52
     211.4      35.52
     215.4      34.21
     219.4      29.34
     223.5      29.72
     227.5      35.52
     231.5      35.52
     235.5      35.52
     239.6      35.52
     243.6      35.52
     247.6      35.52
     251.6      35.52
     255.7      35.52
     259.7      35.52
     263.7      35.52
     267.7      35.52
     271.8      35.52
     275.8      35.52
     279.8      35.52
     283.8      35.52
     287.9      35.52
     291.9      35.52
     295.9      35.52
       300      35.52
       304      35.52
       308      35.52
       312      35.52
     316.1      35.52
     320.1      35.52
     324.1      35.52
     328.1      35.52
     332.2      35.52
     336.2      35.52
     340.2      35.52
     344.2      35.52
     348.3      35.52
