     6.045  1.522e+08
     10.08   1.19e+08
     14.11  8.725e+07
     18.14  8.074e+07
     22.17  6.381e+07
      26.2  4.866e+07
     30.23  3.859e+07
     34.26  3.143e+07
     38.29  2.665e+07
     42.32  2.291e+07
     46.35  1.992e+07
     50.38  1.718e+07
     54.41  1.498e+07
     58.44  1.319e+07
     62.47  1.171e+07
      66.5  1.053e+07
     70.53  9.607e+06
     74.56  8.833e+06
     78.59   8.11e+06
     82.62  7.413e+06
     86.65  6.778e+06
     90.68  6.224e+06
     94.71  5.732e+06
     98.74  5.302e+06
     102.8   4.92e+06
     106.8  4.574e+06
     110.8  4.273e+06
     114.9  3.985e+06
     118.9  3.723e+06
     122.9  3.486e+06
       127  3.269e+06
       131  3.073e+06
       135  2.894e+06
       139   2.73e+06
     143.1  2.578e+06
     147.1  2.437e+06
     151.1  2.308e+06
     155.2  2.189e+06
     159.2  2.079e+06
     163.2  1.977e+06
     167.3  1.882e+06
     171.3  1.794e+06
     175.3  1.712e+06
     179.3  1.635e+06
     183.4  1.563e+06
     187.4  1.496e+06
     191.4  1.433e+06
     195.5  1.374e+06
     199.5  1.319e+06
     203.5  1.266e+06
     207.6  1.217e+06
     211.6  1.171e+06
     215.6  1.127e+06
     219.7  1.086e+06
     223.7  1.047e+06
     227.7   1.01e+06
     231.7  9.747e+05
     235.8  9.414e+05
     239.8  9.097e+05
     243.8  8.797e+05
     247.9  8.511e+05
     251.9  8.238e+05
     255.9  7.979e+05
       260  7.731e+05
       264  7.495e+05
       268   7.27e+05
       272  7.055e+05
     276.1  6.849e+05
     280.1  6.652e+05
     284.1  6.463e+05
     288.2  6.282e+05
     292.2  6.109e+05
     296.2  5.943e+05
     300.3  5.783e+05
     304.3   5.63e+05
