     6.045   1.33e+08
     10.08  1.079e+08
     14.11  6.186e+07
     18.14  7.238e+07
     22.17   3.37e+07
      26.2  1.423e+07
     30.23  1.071e+07
     34.26   8.03e+06
     38.29  8.671e+06
     42.32  6.938e+06
     46.35  5.697e+06
     50.38  2.794e+06
     54.41  2.273e+06
     58.44  2.023e+06
     62.47   1.65e+06
      66.5   2.03e+06
     70.53  2.419e+06
     74.56  2.441e+06
     78.59  1.776e+06
     82.62  9.616e+05
     86.65  5.868e+05
     90.68  5.456e+05
     94.71  4.407e+05
     98.74  4.602e+05
     102.8  4.319e+05
     106.8  3.325e+05
     110.8  4.284e+05
     114.9  1.644e+05
     118.9  1.272e+05
     122.9  9.785e+04
       127  7.927e+04
       131  7.493e+04
       135  8.416e+04
       139  5.793e+04
     143.1  2.523e+04
     147.1  1.355e+04
     151.1  1.426e+04
     155.2  2.332e+04
     159.2  1.815e+04
     163.2       4222
     167.3  1.478e+04
     171.3       4690
     175.3       4074
     179.3       3781
     183.4          0
     187.4       3686
     191.4       3635
     195.5          0
     199.5          0
     203.5          0
     207.6          0
     211.6          0
     215.6          0
     219.7       3015
     223.7       3854
     227.7          0
     231.7          0
     235.8          0
     239.8          0
     243.8          0
     247.9          0
     251.9          0
     255.9          0
       260          0
       264          0
       268          0
       272          0
     276.1          0
     280.1          0
     284.1          0
     288.2          0
     292.2          0
     296.2          0
     300.3          0
     304.3          0
