    0.7814  1.522e+08
     1.003   1.19e+08
     1.149  8.725e+07
     1.259  8.074e+07
     1.346  6.381e+07
     1.418  4.866e+07
      1.48  3.859e+07
     1.535  3.143e+07
     1.583  2.665e+07
     1.627  2.291e+07
     1.666  1.992e+07
     1.702  1.718e+07
     1.736  1.498e+07
     1.767  1.319e+07
     1.796  1.171e+07
     1.823  1.053e+07
     1.848  9.607e+06
     1.873  8.833e+06
     1.895   8.11e+06
     1.917  7.413e+06
     1.938  6.778e+06
     1.958  6.224e+06
     1.976  5.732e+06
     1.995  5.302e+06
     2.012   4.92e+06
     2.029  4.574e+06
     2.045  4.273e+06
      2.06  3.985e+06
     2.075  3.723e+06
      2.09  3.486e+06
     2.104  3.269e+06
     2.117  3.073e+06
      2.13  2.894e+06
     2.143   2.73e+06
     2.156  2.578e+06
     2.168  2.437e+06
     2.179  2.308e+06
     2.191  2.189e+06
     2.202  2.079e+06
     2.213  1.977e+06
     2.223  1.882e+06
     2.234  1.794e+06
     2.244  1.712e+06
     2.254  1.635e+06
     2.263  1.563e+06
     2.273  1.496e+06
     2.282  1.433e+06
     2.291  1.374e+06
       2.3  1.319e+06
     2.309  1.266e+06
     2.317  1.217e+06
     2.325  1.171e+06
     2.334  1.127e+06
     2.342  1.086e+06
      2.35  1.047e+06
     2.357   1.01e+06
     2.365  9.747e+05
     2.372  9.414e+05
      2.38  9.097e+05
     2.387  8.797e+05
     2.394  8.511e+05
     2.401  8.238e+05
     2.408  7.979e+05
     2.415  7.731e+05
     2.422  7.495e+05
     2.428   7.27e+05
     2.435  7.055e+05
     2.441  6.849e+05
     2.447  6.652e+05
     2.454  6.463e+05
      2.46  6.282e+05
     2.466  6.109e+05
     2.472  5.943e+05
     2.477  5.783e+05
     2.483   5.63e+05
