    0.7814   1.33e+08
     1.003  1.079e+08
     1.149  6.186e+07
     1.259  7.238e+07
     1.346   3.37e+07
     1.418  1.423e+07
      1.48  1.071e+07
     1.535   8.03e+06
     1.583  8.671e+06
     1.627  6.938e+06
     1.666  5.697e+06
     1.702  2.794e+06
     1.736  2.273e+06
     1.767  2.023e+06
     1.796   1.65e+06
     1.823   2.03e+06
     1.848  2.419e+06
     1.873  2.441e+06
     1.895  1.776e+06
     1.917  9.616e+05
     1.938  5.868e+05
     1.958  5.456e+05
     1.976  4.407e+05
     1.995  4.602e+05
     2.012  4.319e+05
     2.029  3.325e+05
     2.045  4.284e+05
      2.06  1.644e+05
     2.075  1.272e+05
      2.09  9.785e+04
     2.104  7.927e+04
     2.117  7.493e+04
      2.13  8.416e+04
     2.143  5.793e+04
     2.156  2.523e+04
     2.168  1.355e+04
     2.179  1.426e+04
     2.191  2.332e+04
     2.202  1.815e+04
     2.213       4222
     2.223  1.478e+04
     2.234       4690
     2.244       4074
     2.254       3781
     2.263          0
     2.273       3686
     2.282       3635
     2.291          0
       2.3          0
     2.309          0
     2.317          0
     2.325          0
     2.334          0
     2.342       3015
      2.35       3854
     2.357          0
     2.365          0
     2.372          0
      2.38          0
     2.387          0
     2.394          0
     2.401          0
     2.408          0
     2.415          0
     2.422          0
     2.428          0
     2.435          0
     2.441          0
     2.447          0
     2.454          0
      2.46          0
     2.466          0
     2.472          0
     2.477          0
     2.483          0
