     2.015      19.61
     6.045      19.34
     10.08      19.76
     14.11      20.38
     18.14      20.86
     22.17      21.65
      26.2      22.08
     30.23      22.71
     34.26      23.35
     38.29      23.41
     42.32      23.74
     46.35      24.73
     50.38      26.01
     54.41      26.49
     58.44      27.57
     62.47      27.67
      66.5       27.8
     70.53      28.29
     74.56      29.27
     78.59      29.91
     82.62      30.59
     86.65      31.47
     90.68      32.06
     94.71      32.15
     98.74      31.83
     102.8         32
     106.8      32.61
     110.8      32.97
     114.9      33.71
     118.9      34.16
     122.9      34.51
       127      34.68
       131      34.44
       135      34.88
       139      35.03
     143.1      35.22
     147.1      35.32
     151.1      35.32
     155.2      35.22
     159.2      35.31
     163.2      35.39
     167.3      35.43
     171.3      35.45
     175.3      35.47
     179.3      35.46
     183.4      35.46
     187.4       35.5
     191.4      35.47
     195.5      35.52
     199.5      35.52
     203.5      35.52
     207.6      35.52
     211.6      35.52
     215.6      35.52
     219.7      35.43
     223.7      35.48
     227.7      35.52
     231.7      35.52
     235.8      35.52
     239.8      35.52
     243.8      35.52
     247.9      35.52
     251.9      35.52
     255.9      35.52
       260      35.52
       264      35.52
       268      35.52
       272      35.52
     276.1      35.52
     280.1      35.52
     284.1      35.52
     288.2      35.52
     292.2      35.52
     296.2      35.52
     300.3      35.52
     304.3      35.52
